3
35
257
2
148
8
37
159
13
221
204
54
83
33
111
275
10
104
227
1
102
7
131
23
81
2
252
3
9
72
154
148
29
65
36
10
14
49
61
1
97
3
1
4
3
266
80
194
17
1
13
49
42
36
101
145
5
37
85
4
8
21
9
85
1
4
3
72
42
26
21
236
38
57
33
30
3
6
33
164
217
229
29
163
43
25
34
242
10
1
120
135
1
3
23
14
116
32
16
162
83
33
179
241
36
3
1
6
81
263
31
149
34
52
50
35
252
244
80
51
25
60
82
88
140
96
7
2
219
2
124
164
86
276
5
4
1
18
4
70
8
27
173
34
14
1
9
25
1
141
233
160
34
95
97
180
92
49
3
28
5
1
1
44
227
1
39
70
214
5
1
3
40
82
23
7
13
5
34
166
3
179
2
11
1
299
280
38
2
2
163
1
1
5
183
57
26
15
2
3
104
19
12
189
34
173
1
179
48
1
32
180
1
156
68
15
3
6
3
22
149
147
14
24
146
24
288
1
32
253
13
2
4
86
3
189
26
15
1
3
139
1
126
235
177
281
116
13
5
52
1
71
246
143
3
243
240
2
9
209
183
1
11
6
18
252
42
1
27
283
298
30
118
15
46
17
157
42
4
127
1
21
34
230
48
1
34
154
239
137
31
239
35
25
145
20
121
1
25
19
11
14
11
6
66
14
1
25
2
28
8
213
9
89
28
5
149
119
2
1
200
78
229
87
4
36
229
8
93
3
48
161
121
22
1
69
100
247
67
1
21
60
95
254
154
54
9
35
29
4
32
3
68
20
111
1
210
25
181
2
96
2
254
19
2
21
49
31
281
2
1
242
202
86
2
33
10
21
91
23
1
157
51
276
186
150
3
184
234
20
250
6
74
11
32
218
37
45
3
8
258
34
178
249
166
286
35
265
30
8
38
55
4
2
110
79
2
5
195
167
240
95
293
8
19
73
45
159
14
255
123
66
151
108
151
55
203
125
30
86
4
4
24
5
59
1
213
117
202
102
12
26
104
37
20
20
113
7
1
3
133
1
50
76
48
111
152
84
196
47
16
3
209
74
215
2
26
110
64
44
99
282
56
20
20
39
2
242
135
2
102
184
117
213
202
19
131
2
56
4
94
5
3
2
45
5
115
161
133
168
1
190
256
4
157
5
60
19
30
70
3
43
1
40
48
37
187
6
5
1
1
4
66
27
39
23
24
5
75
164
48
129
113
113
2
79
3
1
112
6
2
33
195
155
176
1
5
230
97
43
181
14
6
26
16
19
105
6
272
37
27
19
216
2
44
4
1
5
1
32
211
296
50
22
155
96
126
2
20
28
11
1
10
42
102
147
33
277
69
21
32
20
2
2
1
51
51
3
202
40
36
16
158
14
184
1
105
23
6
223
10
162
10
147
50
102
10
254
296
1
17
18
1
32
1
5
202
53
5
101
53
39
51
114
120
9
39
197
48
2
10
51
1
31
27
1
7
1
1
1
178
1
236
5
15
65
1
29
11
1
3
271
4
1
147
8
174
173
1
44
48
24
86
224
8
43
16
3
122
94
85
98
27
107
12
108
160
150
2
14
89
161
61
201
227
1
268
77
2
2
5
21
158
2
157
22
51
261
3
7
182
104
28
168
20
21
3
53
224
3
3
48
8
5
1
174
5
10
42
17
7
94
5
7
1
68
11
6
1
44
3
1
261
23
75
81
37
7
72
225
125
196
66
5
225
6
3
1
2
1
266
73
88
37
14
44
167
171
7
58
29
1
298
16
36
51
42
8
253
25
141
37
22
5
45
3
205
37
50
1
15
54
46
50
2
7
12
167
106
6
80
2
277
4
89
5
28
34
117
31
33
1
1
1
13
26
28
239
82
49
1
47
135
20
1
4
27
86
192
236
17
1
143
2
22
153
31
37
2
35
17
11
58
27
93
1
6
156
1
12
99
84
20
46
14
178
9
7
90
1
28
7
1
2
99
201
17
3
226
2
253
10
176
280
97
1
285
1
7
20
6
172
66
198
110
176
1
72
239
5
126
10
136
145
166
60
12
1
106
2
31
68
259
98
279
17
4
99
15
80
266
31
1
25
155
261
3
42
191
95
1
172
28
2
49
107
71
25
3
25
11
74
109
3
12
56
141
19
17
7
206
2
3
26
1
3
14
37
7
118
32
13
40
1
164
3
208
91
4
183
22
142
27
61
10
8
50
96
197
7
2
2
2
57
86
27
1
17
224
195
96
35
1
133
129
1
122
4
137
5
243
20
11
156
5
5
53
2
88
6
3
97
2
83
6
31
2
126
45
53
22
2
2
70
37
231
1
2
3
8
1
27
1
17
5
5
60
15
176
6
13
288
30
27
34
59
28
6
207
151
4
28
3
27
127
6
4
3
162
1
20
13
16
4
10
139
262
1
215
72
120
24
33
1
297
