7
5
5
23
199
4
7
2
1
29
1
115
10
73
4
292
167
122
14
1
261
1
114
22
128
27
222
15
27
81
24
6
1
2
1
138
15
5
128
7
26
165
144
1
54
131
104
1
16
1
174
111
114
37
47
15
14
90
64
53
187
8
81
40
192
5
200
12
1
12
5
22
10
39
28
279
73
6
92
4
1
39
45
1
2
107
6
1
7
25
1
121
55
165
56
205
109
32
25
196
51
63
34
63
12
11
1
49
46
5
42
253
2
249
198
109
1
21
103
11
88
232
94
263
114
79
5
23
35
265
23
2
110
7
168
24
9
19
282
5
107
242
3
13
1
40
13
29
258
11
40
2
180
1
1
1
122
34
13
124
34
1
200
188
232
117
1
145
7
231
83
74
1
169
30
4
271
204
98
27
6
6
122
2
34
26
58
133
108
59
99
242
9
63
2
176
56
182
73
8
8
11
5
14
155
30
70
49
93
5
4
2
2
96
1
54
1
3
26
4
80
170
118
52
91
168
43
40
56
2
29
299
55
3
15
65
21
16
12
265
82
70
42
2
4
1
19
272
72
273
246
11
8
28
37
106
244
7
35
112
22
25
188
2
83
1
1
65
6
242
25
221
4
2
240
90
29
247
2
35
14
1
7
10
48
3
17
7
15
11
37
213
10
1
29
256
13
249
1
17
1
85
102
14
11
150
18
1
146
94
275
260
2
4
219
1
2
62
106
72
20
81
2
2
22
76
10
62
9
40
25
11
42
4
5
26
7
29
149
15
1
4
136
48
10
266
81
297
1
210
114
208
60
75
3
48
46
6
39
1
211
5
56
100
37
98
39
31
10
46
11
3
180
3
1
12
163
10
202
1
80
4
111
8
1
108
82
141
8
1
72
9
152
6
1
134
9
37
49
10
179
147
269
2
5
1
26
171
30
61
29
79
220
30
276
35
1
76
12
191
35
3
10
26
251
36
2
8
40
8
33
14
253
235
15
3
8
4
175
2
86
16
261
183
13
21
181
147
104
13
44
135
2
197
27
6
60
78
283
31
33
92
125
271
283
2
4
26
202
2
28
15
26
2
3
2
43
48
64
31
25
47
91
18
7
135
248
70
9
58
258
53
105
43
9
13
134
4
22
4
127
58
45
191
43
48
2
1
1
1
98
38
269
99
80
54
5
287
1
167
217
41
25
18
5
13
43
115
8
187
268
5
4
3
34
18
73
2
126
201
9
119
65
130
20
2
235
294
9
59
18
5
54
50
49
147
205
3
140
41
256
285
59
209
5
68
13
76
36
15
129
59
2
16
95
7
212
205
109
3
2
8
193
208
88
240
101
92
246
223
253
8
39
8
2
10
9
39
3
104
6
3
13
6
29
23
83
1
4
178
10
67
37
1
22
83
2
45
3
281
113
11
121
72
1
63
239
23
118
123
54
35
6
21
44
85
144
1
211
1
25
74
27
42
137
76
38
263
23
69
4
1
1
82
47
5
2
1
218
296
131
190
38
5
259
27
17
7
76
4
2
11
114
4
280
1
4
14
81
7
1
167
3
15
21
10
69
124
7
147
256
11
2
29
84
114
300
5
185
45
57
1
29
1
5
200
17
104
140
233
24
225
5
11
3
44
39
54
7
55
52
106
8
90
1
8
8
7
1
156
121
153
12
278
6
9
270
3
119
20
108
100
2
2
255
2
6
148
154
68
10
18
51
187
95
3
7
1
4
28
123
3
35
17
1
20
48
95
263
231
36
4
2
46
45
247
13
3
6
192
2
8
45
268
71
205
1
129
151
131
27
247
68
37
78
1
12
1
85
153
19
93
138
20
18
82
81
4
146
24
96
35
80
51
113
107
159
140
1
200
14
9
65
154
7
225
262
2
46
8
2
20
7
2
1
59
40
3
2
11
72
137
2
96
299
249
50
45
37
1
32
31
97
73
130
173
216
9
243
60
36
4
200
158
2
22
1
8
1
221
192
266
161
284
64
58
58
14
15
241
54
24
41
2
53
95
2
16
1
27
4
37
196
104
7
21
49
4
117
91
111
253
7
282
14
139
15
6
13
1
5
2
47
1
7
40
73
28
8
208
117
64
41
105
36
157
2
211
82
136
266
13
29
152
117
77
1
1
41
129
2
35
49
87
97
184
9
63
5
103
3
28
21
247
10
45
1
2
287
107
3
3
8
1
46
59
6
2
47
267
17
206
2
294
16
65
6
2
15
2
44
56
1
3
16
45
7
8
112
26
2
31
1
6
1
1
2
13
288
5
244
25
6
15
281
57
169
11
25
75
5
191
1
9
5
203
3
1
5
4
38
16
2
138
55
207
94
17
94
5
48
74
215
4
164
150
220
33
5
220
1
4
189
5
37
164
123
1
52
4
2
157
1
179
1
88
1
7
4
260
296
5
276
14
15
32
63
1
18
9
2
141
47
5
161
