1
16
194
1
13
18
13
273
96
6
13
38
104
17
168
37
81
1
87
3
190
230
2
15
159
12
19
54
6
23
2
213
5
3
46
1
7
1
31
2
4
156
15
261
5
174
32
2
1
1
23
18
5
133
273
180
122
22
206
2
6
269
1
112
137
1
1
96
104
1
109
51
191
5
2
130
4
1
258
1
9
9
89
132
58
24
1
24
4
20
109
237
16
109
58
7
130
8
1
2
6
142
205
100
4
161
1
291
225
9
21
111
135
123
13
273
40
14
273
2
105
3
12
24
60
255
51
165
26
12
12
26
17
34
12
13
4
61
22
10
112
3
11
181
3
25
78
18
60
15
6
3
16
64
227
1
147
217
67
120
97
2
2
31
4
30
162
105
1
1
39
7
168
192
16
194
1
2
13
12
4
151
1
214
99
73
3
33
198
13
1
22
244
143
14
21
1
4
8
74
233
5
3
101
3
184
1
55
174
6
226
48
164
145
2
12
139
196
5
60
8
175
12
220
3
146
8
98
1
115
142
63
37
150
133
30
291
14
9
40
5
29
2
112
18
9
173
16
7
61
73
2
11
66
287
251
131
138
88
101
119
23
11
11
7
1
132
19
237
124
3
5
91
1
94
1
11
2
6
154
2
1
2
4
1
127
177
2
25
38
110
206
1
1
246
1
21
287
2
32
73
147
1
203
10
75
228
40
39
21
147
135
56
170
70
14
241
1
278
88
45
133
60
181
11
6
12
72
2
173
48
1
168
1
3
1
174
44
140
141
2
83
73
242
3
22
1
206
4
10
11
229
4
1
1
6
1
7
17
234
52
5
225
259
172
1
73
21
60
104
5
3
3
12
12
36
187
7
21
1
1
286
23
31
73
152
277
10
10
2
156
15
178
166
46
290
3
124
1
46
242
76
12
75
2
120
1
6
183
35
3
7
38
137
29
10
197
35
27
4
65
25
203
12
251
4
4
1
34
25
13
289
3
18
5
255
1
45
258
2
2
183
1
37
267
114
1
246
30
4
241
75
2
91
65
97
11
4
1
77
20
96
226
3
76
8
78
6
227
8
15
162
1
20
75
9
1
118
19
159
203
267
48
14
3
118
203
3
4
56
8
1
2
199
78
119
7
1
2
64
147
29
5
89
14
5
255
215
116
1
145
65
34
198
170
155
4
9
97
36
250
22
137
5
23
88
1
2
1
10
4
1
44
233
4
5
32
24
279
290
93
253
8
2
126
43
16
2
244
160
1
23
1
51
205
183
265
73
249
1
3
232
133
1
203
9
58
275
191
206
3
96
1
5
6
37
13
4
3
71
146
28
76
66
138
2
7
69
8
181
115
17
2
219
8
3
1
1
1
1
81
2
6
6
37
23
147
249
39
41
92
111
8
36
3
187
33
27
46
1
194
22
95
45
263
265
7
185
15
79
31
51
178
2
2
49
16
8
282
2
272
30
135
265
204
91
10
43
2
12
10
61
1
53
47
4
16
2
13
8
1
1
13
1
226
2
23
14
194
76
42
64
26
33
51
282
3
77
18
8
9
20
13
271
48
294
46
1
11
206
3
15
179
82
11
2
22
9
13
229
1
2
287
8
33
1
98
233
26
14
214
131
3
30
6
4
252
19
205
4
21
10
270
1
33
142
38
108
19
22
6
116
1
14
23
62
16
97
1
33
26
6
240
28
54
63
142
105
177
91
118
225
6
46
15
298
8
6
289
12
139
73
67
37
20
20
201
3
5
84
118
172
39
17
12
240
1
2
113
1
4
5
8
6
139
2
1
164
5
7
5
199
15
10
46
100
3
65
1
66
4
200
26
195
33
44
196
210
144
1
105
2
233
46
10
287
2
9
97
293
126
133
6
131
6
2
78
4
1
1
127
284
74
44
192
128
29
100
10
4
2
56
293
7
119
9
25
46
32
43
15
2
10
24
23
4
3
179
9
99
71
1
89
1
225
162
3
108
89
140
15
7
276
170
22
25
49
28
3
36
38
170
218
32
1
91
21
170
77
176
159
203
19
27
107
1
199
5
2
1
48
102
15
74
43
296
18
3
186
56
218
4
1
1
3
79
222
24
11
3
1
92
283
19
54
2
131
110
51
263
111
63
169
82
45
2
119
9
16
263
289
151
138
10
3
109
3
83
33
14
8
57
98
2
2
279
15
31
107
1
3
223
24
169
107
15
8
16
262
117
2
7
74
155
20
30
27
21
7
28
6
19
2
17
49
22
1
42
13
20
29
62
16
213
173
143
9
11
270
265
240
4
122
28
11
16
181
11
36
40
40
4
153
180
28
21
77
132
177
30
122
52
8
3
2
77
154
216
29
2
15
32
59
21
32
1
62
5
79
124
129
20
8
20
184
148
7
53
169
1
257
205
17
33
5
40
24
42
210
2
23
166
4
1
93
299
184
17
4
192
1
1
2
53
88
