2195
88
1919
699
197
289
155
6
2054
547
1100
503
1790
294
60
9
56
878
903
566
129
360
55
394
1238
1115
2935
258
1809
2341
448
79
3526
1297
355
469
643
2
1521
289
286
1520
768
189
3951
577
1947
170
21
900
299
125
3583
1962
1161
695
1218
354
383
512
180
1091
194
310
685
1845
11
357
295
808
765
470
1031
981
933
303
665
5032
3608
219
3121
176
71
27
1297
626
153
82
902
1613
898
512
836
598
216
1124
548
62
40
116
198
1832
2225
920
552
179
2368
1449
91
526
170
40
933
624
94
24
2322
153
450
874
286
510
3768
2830
956
430
123
24
1872
170
236
2
646
244
3013
557
1623
1333
451
262
4779
225
71
402
1398
543
1586
3051
4
2051
214
200
134
292
927
1061
1509
28
17
292
611
574
46
1670
190
395
1773
625
1898
198
840
807
784
2975
568
1895
977
158
1736
134
129
389
2318
17
620
649
306
1941
1332
258
206
789
254
204
420
207
320
1019
1706
1397
878
164
923
85
752
2057
152
1894
1213
665
698
330
401
2277
43
723
41
518
228
4207
844
467
2355
613
648
1669
154
2232
325
937
4100
884
665
86
677
318
419
495
972
178
119
3956
1298
683
183
945
229
274
813
812
863
105
657
3123
66
500
473
109
726
264
766
1489
597
223
495
979
2632
71
1411
1320
1151
372
485
823
137
353
2784
1342
3424
222
616
124
2848
11
1452
815
679
540
122
1100
335
1447
15
303
547
124
787
3169
766
217
1532
802
4380
887
3516
335
406
4863
735
1181
126
466
5
1189
528
567
369
236
1400
1337
2633
70
880
141
1114
404
103
199
659
186
470
278
1185
1716
1268
1040
97
217
117
321
1160
1971
2953
1010
263
19
298
806
1752
1033
278
1226
459
517
1978
1130
368
1598
188
1742
730
2330
883
925
1793
1893
526
496
264
11
71
3193
1126
1032
154
392
229
3913
541
984
59
497
658
22
177
1253
1052
154
1617
1321
359
1749
298
120
1279
442
870
3638
303
1079
1585
1044
228
231
239
764
1785
1099
232
696
1318
2054
2971
1920
1539
5917
1072
1597
42
385
1625
182
325
664
1420
1128
128
316
3030
474
480
909
434
101
818
1253
166
11
277
452
5
299
311
711
833
366
21
2337
72
1306
234
352
61
4959
307
1596
1784
5750
675
421
2894
1037
489
776
4
1053
3749
313
6256
383
596
2252
115
46
114
810
1162
606
2115
790
1844
1362
449
1470
189
1462
7
639
853
949
1976
3023
491
1166
224
1961
2009
430
3401
2639
308
1161
233
624
557
3502
2103
1596
809
1179
3274
254
894
108
1234
1901
2637
661
1161
509
149
513
1785
195
817
602
20
2273
427
640
385
1747
1367
1423
220
124
881
46
32
24
713
1232
48
490
87
28
85
937
91
54
43
563
864
264
312
1687
174
3094
3808
992
689
1052
755
1791
14
481
818
4703
343
82
449
689
358
394
172
2225
2293
131
59
274
436
3706
1524
723
621
640
3536
1554
675
8
1707
736
781
680
1528
385
131
698
3644
463
72
3306
1205
392
315
560
1038
2120
1291
577
3301
1711
713
188
97
113
39
1693
11
65
1737
144
14
495
2875
2157
363
307
378
3448
2878
130
1953
163
227
51
1345
380
477
567
4
1183
658
682
151
90
1333
302
536
1087
387
953
1093
233
1724
1259
2576
1636
769
1606
253
280
687
1297
63
233
204
1025
1821
752
422
1621
1217
433
1506
226
1287
475
342
2011
464
115
289
1029
547
102
363
406
1126
151
1106
154
122
398
3560
1258
1490
1308
590
776
383
697
984
301
731
667
194
620
4
395
142
306
1025
1343
2720
242
208
38
524
1074
1357
3026
479
759
28
38
120
1127
238
420
674
657
723
2392
792
811
53
1898
1575
293
11
895
83
120
826
16
782
221
2374
871
1748
889
44
1612
3993
10
293
507
380
786
685
708
1727
515
740
45
120
131
141
1603
1002
5224
841
1882
669
95
271
2234
623
3581
2663
562
1386
1123
781
120
673
280
233
569
581
876
1964
2583
673
533
1347
1196
1714
625
79
24
119
176
323
16
771
81
531
226
1674
4753
1165
1394
1178
74
534
13
1020
11
2462
2525
215
675
1643
634
579
556
42
566
946
1091
1856
2946
522
1942
227
220
701
2466
852
93
1922
490
2194
1152
3500
424
756
1235
262
212
3238
123
1198
665
181
497
188
167
690
94
441
1305
691
616
1474
104
395
1564
179
131
1003
882
2102
415
497
2940
887
1419
2507
123
291
535
841
1804
940
5661
346
1595
480
930
2355
1008
104
173
178
615
264
702
742
266
93
486
492
409
2582
1781
822
745
1083
973
2842
102
805
3333
719
2628
2153
191
609
473
35
176
3527
284
147
848
2896
975
101
3374
983
475
1339
93
45
527
1192
666
348
2403
427
14
2892
562
593
1551
744
1437
500
304
153
2744
901
1194
45
2664
41
326
1500
2398
2413
905
4
4992
313
1100
370
2563
1220
2641
2260
311
428
418
390
220
1052
448
1668
445
163
4795
1512
619
1179
1089
2650
1522
705
756
340
27
144
581
2033
213
216
139
171
1918
3069
1195
486
136
2571
683
488
731
361
2564
1068
1606
1763
179
855
1886
116
5717
93
898
3231
1631
238
444
2149
871
267
1989
427
899
1922
94
748
1673
812
1295
840
830
124
1423
713
250
678
2630
4092
1723
2557
222
621
752
679
1240
111
1408
40
5742
1999
217
782
2411
2113
11
240
525
593
3385
109
383
450
1127
1593
798
802
