68
1575
33
1815
208
214
198
1099
1575
2889
41
910
268
718
391
414
736
219
31
705
144
88
3151
1362
197
468
1025
124
221
284
283
239
38
889
973
1083
582
50
4136
209
683
3
1868
813
1754
602
1939
589
367
1365
951
2191
1243
1130
760
1338
49
593
2832
2431
146
13
2426
659
1589
644
1173
1532
587
129
74
2557
1548
1907
355
148
275
16
229
675
165
675
1608
138
3753
275
1283
1085
41
1076
629
794
573
246
859
824
393
61
872
100
1807
19
301
65
1055
715
245
347
1091
571
477
194
534
534
427
368
148
3804
428
2355
146
518
683
9
12
782
172
354
381
449
596
3113
111
3435
299
2028
228
212
1629
176
86
1132
1975
744
818
232
4212
185
756
644
995
1529
24
152
1207
1360
1830
669
2231
1023
1272
1287
894
863
235
7
3
19
3913
685
26
2887
4842
8
1429
972
1530
41
1146
1760
1373
184
28
1495
11
3
335
791
681
1046
357
1124
1168
1507
862
1437
4434
144
1582
26
1025
18
555
795
214
1866
437
2133
3039
1488
779
207
878
2195
4585
1861
144
51
578
2375
415
279
768
51
1083
723
71
218
278
1640
220
2455
852
329
843
69
1730
445
503
3525
683
710
1423
2007
226
500
904
2934
94
1328
179
1514
3
1016
889
1222
54
226
286
804
2022
328
824
1128
196
3595
92
423
88
1118
1317
236
3134
467
439
31
2550
123
795
1295
579
784
609
19
96
505
58
404
401
56
1325
62
395
2840
3432
2572
36
1523
718
369
648
520
843
94
1219
1231
470
160
561
1235
77
482
1264
816
32
15
3812
1224
563
1053
48
8
529
311
70
150
50
1312
1098
592
698
362
469
457
653
162
1204
1361
1790
1295
344
800
686
719
90
7
1375
1367
47
1490
2509
1918
632
236
696
624
384
1474
954
144
1286
24
1112
4156
318
571
978
749
852
670
1506
1627
555
1068
2096
1067
2228
77
2338
3171
638
668
640
1086
2007
737
2806
116
58
442
1622
1703
2313
82
2091
1370
3741
516
580
525
4483
465
108
3010
217
127
329
2454
44
662
212
2374
2004
1514
1895
558
1481
564
2648
1097
2359
747
2217
101
1163
45
60
1057
340
7103
197
1453
50
1312
2526
491
109
1310
339
141
1788
698
2434
2702
1252
2914
1492
3447
351
330
580
475
1129
83
1014
943
57
301
399
1625
220
372
1024
177
2021
874
1689
253
514
867
372
928
63
242
648
915
156
1698
2874
386
287
288
39
830
928
106
825
658
1046
1601
905
620
382
1059
732
843
293
372
3583
530
59
3181
301
1460
1742
1047
1080
53
2186
651
433
881
427
3488
19
86
646
1441
416
1012
174
7
220
2463
1969
73
3677
496
1002
354
362
593
164
1751
945
982
1022
9
46
1830
510
348
33
2034
1003
448
935
2827
628
210
143
4078
2741
632
745
3031
817
3007
697
406
2703
1175
6
477
2033
8
928
2344
167
498
1085
844
857
1358
7
1934
572
206
1288
2072
322
965
428
2211
889
702
38
122
129
749
1741
615
1487
2307
186
580
2324
43
892
203
944
609
2162
3179
1109
441
1590
347
4074
67
1389
627
2097
742
4271
1411
875
24
1913
561
779
1409
772
514
7
812
63
508
2422
1032
366
611
468
131
513
646
1003
1483
3349
3024
3132
408
1034
861
821
1450
588
2269
2357
983
1015
1818
1781
747
14
85
1102
2861
215
400
1969
63
50
234
967
831
562
983
389
1941
2227
442
786
243
865
351
1502
276
425
141
68
943
211
250
1611
71
748
1135
521
88
233
465
154
1221
438
637
497
590
223
1599
1276
3444
457
1256
368
1616
413
4643
1787
1911
605
172
675
924
823
1692
202
124
2209
2338
2040
74
907
1451
985
1083
1786
681
1623
378
207
533
179
2561
752
3869
364
31
358
1957
3602
2932
553
538
1138
882
1556
8
438
814
281
902
370
4935
1593
948
438
128
181
2287
898
1199
691
668
2684
25
264
1894
64
1318
386
956
903
547
1160
792
11
264
429
2836
240
756
1279
1539
542
80
2108
117
32
1857
198
31
2848
531
414
734
459
369
364
284
2059
409
4405
1655
2632
855
1340
227
1290
1190
3423
412
2708
1942
912
73
793
3042
136
265
99
3089
106
827
967
201
769
1076
638
763
169
265
416
622
435
1557
585
246
1178
1043
128
2142
1052
674
1983
37
72
702
42
70
1897
3375
2455
229
88
449
945
245
1465
63
169
231
1103
1058
347
1303
354
5254
1348
361
1248
764
622
1214
2577
2957
3320
364
81
421
525
1672
407
4683
346
502
545
590
189
333
1326
5
1787
451
2296
2257
1886
1237
436
383
182
1104
602
726
1927
432
1023
2673
1987
488
262
321
1255
758
1046
83
1648
2886
74
50
660
42
1735
1226
428
2432
755
898
463
707
437
224
219
1968
1162
75
2044
1295
3
515
101
596
922
72
9
427
582
90
742
3
1202
187
38
894
3082
1981
751
392
284
57
789
713
3
421
2999
1514
2077
1511
794
107
2257
38
4400
505
212
569
2207
52
1591
481
903
125
532
1140
1902
1011
2444
874
1482
145
98
127
265
184
221
266
1750
3262
219
1444
2120
241
1375
577
1314
196
121
825
1625
290
2883
2048
630
179
1886
113
3105
605
3140
252
295
651
486
282
2136
657
2145
768
1779
362
194
189
1307
433
1931
517
95
1
484
239
201
389
823
78
1405
135
838
473
2434
212
1181
2696
1039
2566
2355
1330
6540
229
1093
130
55
221
2080
134
79
2926
787
1406
15
1380
791
146
685
126
677
