259
176
2113
994
3011
1403
2518
868
108
811
297
1085
4763
1126
312
1531
2274
524
949
1473
654
2139
392
345
12
330
306
936
1025
1644
558
368
1119
45
38
4281
276
172
88
776
713
605
1380
492
1137
683
136
71
1741
1610
622
1302
209
3238
628
374
3360
1918
87
385
290
1603
652
103
772
646
1242
3669
370
1662
174
1839
300
261
1843
2225
131
320
916
844
799
801
3419
1313
266
214
1352
771
895
919
470
3321
478
532
1022
247
756
388
534
260
200
120
901
383
661
405
115
626
1049
293
1560
1246
3608
471
1177
459
754
2203
1899
1559
763
197
851
178
2039
903
104
53
2574
1053
979
48
174
766
2378
934
1178
1627
234
609
1369
1601
818
754
716
352
73
735
883
3191
980
1609
480
2183
898
132
53
719
2090
270
2334
745
308
569
643
1174
1297
461
250
1077
885
587
207
22
1540
1648
773
1232
4182
79
118
21
2656
2352
3375
564
873
3664
323
1032
244
79
3956
528
2417
644
793
2224
190
247
2801
902
212
110
3
323
802
485
1031
142
1705
889
909
815
324
250
1564
1550
126
708
144
291
209
150
122
153
4
1690
1907
66
1101
271
830
2189
2223
1079
2697
4113
1843
929
1145
845
422
2088
65
1023
1006
1441
189
1796
1515
271
215
736
105
417
1134
585
122
2345
1115
1767
929
127
326
101
63
306
399
1856
464
630
2799
1258
1969
7
754
402
263
480
1882
2557
1731
765
685
941
90
82
707
380
758
976
430
1702
4226
1799
393
1573
1620
2504
1287
1646
569
137
1102
197
249
2023
701
1046
2
1004
8
2719
290
144
567
140
67
253
579
161
1524
1055
643
507
1140
196
1504
90
2786
1593
828
524
28
649
596
830
237
113
365
4650
1095
3258
551
90
705
490
531
819
723
428
2056
222
1526
600
496
433
4
1098
275
348
331
248
635
3553
102
1351
157
552
548
759
1545
1380
1757
2605
184
738
488
665
1257
2032
117
1090
844
3141
292
392
238
375
432
1907
1818
377
1859
310
564
569
395
337
439
1633
990
1166
365
4091
432
32
538
3140
1028
5460
1463
188
367
2177
184
60
925
265
279
120
995
890
2158
2127
821
755
782
808
1533
2463
177
371
652
1712
105
159
1650
449
962
463
56
688
381
483
110
2727
144
2151
862
1092
191
590
2726
391
327
2862
546
1236
832
723
3345
432
235
1342
1223
2684
3662
629
715
266
1161
394
2921
793
481
483
1007
797
797
1048
692
752
181
141
10
29
941
773
616
1378
1792
2072
2236
1512
1589
172
1789
968
781
1000
666
253
528
190
368
631
622
8
2155
746
1532
221
2423
2367
2684
2572
8702
29
172
644
2491
1001
126
80
1293
172
300
531
187
2008
349
1213
3870
2176
309
1517
230
961
1208
190
106
1031
1151
1698
965
102
2134
453
234
85
2278
2895
363
1843
722
375
635
656
672
1158
191
378
706
173
21
3643
7
1593
294
1387
814
412
3211
1345
564
176
881
1486
469
387
307
210
224
2148
414
519
431
866
2931
18
402
778
1753
316
558
1160
193
288
270
89
112
182
261
540
1028
720
1066
949
213
1883
109
3079
94
1252
702
503
631
106
665
688
1343
805
502
6717
124
683
221
1370
667
2713
552
511
377
593
889
705
146
3536
1280
924
21
3670
2828
137
470
202
207
273
66
339
2278
446
671
74
2716
1236
309
551
62
616
645
2595
485
252
1489
998
644
46
1497
474
703
2259
240
2497
813
905
327
16
906
996
148
250
2087
4371
2835
863
2353
1180
93
471
1682
1165
1143
1575
1725
50
2011
252
719
132
1125
77
330
1387
1481
970
490
1417
834
142
436
505
1100
1616
7
168
145
599
171
4247
1398
590
2687
1042
2762
498
2365
961
1325
655
939
525
1115
1215
1373
634
1304
974
2906
2407
145
643
1149
1465
2017
137
319
718
856
39
412
573
83
1891
830
386
597
1168
996
359
1317
1642
567
204
2862
811
871
545
1863
908
42
727
181
1928
1491
2395
401
1567
1492
523
185
300
4869
2565
1544
560
510
783
818
292
360
588
645
116
208
408
3573
2718
115
2607
1492
2592
352
732
884
1025
2720
1155
519
859
1177
829
3065
83
655
783
559
2021
140
322
61
558
846
184
24
489
679
1772
889
1160
650
654
288
495
202
809
1489
1040
3490
54
3349
418
912
721
1575
838
374
1714
1251
719
324
66
502
172
1257
40
1348
3
773
2303
254
2224
860
682
468
1855
830
1096
3068
476
84
1168
195
2826
3785
2167
144
470
3207
732
2058
258
1989
1525
254
1051
844
1679
1303
176
1809
111
1882
1048
90
1483
1980
1329
3586
184
349
3115
934
498
595
86
2457
232
351
337
2899
721
2104
834
316
127
1357
1126
73
1166
3107
1586
2157
204
874
543
263
688
2942
743
437
1175
732
982
767
1202
154
2490
72
102
42
72
1402
54
211
2037
47
1355
1417
627
299
1076
151
573
347
1807
457
553
1157
305
1167
428
1855
365
592
3822
867
1193
3495
177
751
321
4017
75
378
1504
593
103
218
352
1649
1506
463
857
2463
253
603
141
556
644
1423
475
852
146
2339
2450
2193
1702
181
457
1614
1077
969
5617
1259
2026
57
147
799
1339
695
139
179
188
430
1716
112
2255
124
599
394
129
835
2302
1642
222
2088
1645
1113
371
730
2460
789
1471
72
129
732
3355
1590
583
1499
667
2529
864
29
1625
584
2564
158
298
21
1278
347
435
498
2134
64
600
334
581
372
184
841
1429
639
1442
1422
1905
1519
907
437
541
119
