2
3
199
88
133
1
5
1
60
62
212
168
63
73
1
75
47
2
19
99
85
2
24
286
10
95
3
2
275
11
43
135
249
3
1
236
292
202
2
39
15
76
11
9
167
253
266
17
4
3
52
30
4
84
5
20
6
32
13
130
14
80
13
20
8
12
150
212
10
20
10
1
3
288
119
48
136
1
10
32
1
2
66
73
2
1
130
23
64
31
187
18
4
1
251
144
203
10
3
34
10
29
1
22
4
88
75
174
17
217
3
11
291
2
13
56
15
5
18
2
6
8
74
149
66
21
10
72
107
237
225
2
32
4
169
249
33
170
1
76
218
26
12
4
39
12
52
1
8
161
257
2
96
138
72
25
90
46
11
9
244
7
1
26
159
59
75
256
139
95
64
110
62
21
3
150
26
138
72
1
25
8
49
6
1
2
2
113
153
219
71
7
1
101
15
15
18
9
1
13
38
42
178
2
118
201
29
1
32
36
130
264
130
75
3
9
65
6
20
51
10
13
133
3
3
113
249
2
1
52
8
159
66
5
223
208
1
15
6
149
8
1
31
9
1
3
30
142
21
221
94
157
4
4
3
8
1
165
3
2
39
33
72
4
126
10
21
1
5
1
17
196
260
11
64
2
26
60
271
300
216
287
75
256
1
14
1
6
143
66
41
1
1
13
6
39
90
5
42
39
82
220
1
217
46
39
123
35
19
1
5
210
117
6
78
100
37
1
34
2
204
11
6
1
1
27
4
2
115
136
228
114
233
76
295
32
46
3
29
2
286
118
45
3
99
24
33
4
6
49
1
3
1
8
8
161
47
213
12
209
19
245
59
7
1
4
2
7
1
1
158
90
2
242
200
49
37
148
1
51
155
1
25
5
217
1
3
78
280
4
1
7
174
1
6
171
5
85
1
47
13
9
1
2
1
147
100
25
62
207
235
10
256
209
13
9
77
33
255
3
177
101
45
18
213
42
46
46
227
2
42
29
121
6
11
181
15
12
24
31
111
27
42
27
277
255
30
11
3
30
16
103
31
36
113
38
279
23
6
37
118
1
1
5
22
186
1
249
1
5
126
30
75
76
63
19
1
4
208
267
29
146
45
160
25
236
28
119
14
10
134
190
2
11
39
1
254
37
2
281
4
9
78
134
3
6
169
158
30
176
122
228
149
3
1
7
121
3
83
247
1
55
197
2
3
1
36
230
88
137
172
1
31
3
1
1
11
100
11
9
9
1
58
48
54
5
48
68
66
22
120
4
1
21
17
1
97
15
1
230
36
189
234
63
1
224
14
36
28
223
7
82
14
6
2
70
1
153
98
143
27
31
5
283
44
267
16
250
222
134
42
222
26
114
297
2
74
1
10
53
76
101
16
36
7
3
11
8
8
12
106
5
8
3
69
187
4
229
10
162
294
105
35
169
186
10
10
142
9
11
1
55
126
292
1
36
1
27
1
266
10
19
79
81
28
1
8
119
254
34
21
1
64
37
1
56
70
22
5
55
20
31
2
2
5
13
6
159
183
37
9
2
39
59
4
69
7
6
53
1
2
1
286
2
3
163
36
3
33
40
72
96
247
50
124
90
7
17
45
160
4
7
6
4
41
1
279
166
1
244
277
1
226
230
1
1
16
177
17
6
235
1
1
10
12
257
36
2
4
27
17
7
8
7
18
151
49
29
66
42
24
34
60
176
31
15
84
119
1
283
40
59
7
229
11
247
234
2
188
37
280
157
55
230
145
1
1
37
128
215
21
22
132
291
27
19
8
19
1
28
109
115
103
1
13
7
24
1
37
158
16
11
18
177
258
58
167
201
48
73
100
5
86
55
52
2
1
1
208
210
5
94
152
258
5
44
67
4
2
2
47
62
8
60
243
188
11
1
18
3
37
207
163
15
22
92
11
18
1
38
44
47
18
15
8
36
285
2
180
228
227
10
1
103
53
46
1
29
73
69
4
25
16
8
3
7
18
4
245
46
13
207
8
96
95
165
68
103
9
126
30
44
15
21
22
86
14
66
1
28
9
56
35
106
3
112
13
134
38
73
46
4
15
161
15
2
162
1
24
125
72
39
165
81
111
10
17
28
72
146
90
5
80
291
4
43
76
1
5
5
62
153
55
15
98
151
50
25
165
94
279
251
70
70
249
87
2
97
1
20
212
130
104
1
167
39
53
45
86
167
4
120
2
1
62
14
274
23
112
61
146
269
2
19
2
2
3
3
155
247
15
158
1
98
17
298
8
13
99
8
75
14
289
3
3
63
82
236
66
107
17
3
298
1
21
282
72
5
229
7
12
15
2
5
1
2
120
2
45
11
118
132
108
3
23
82
9
1
42
176
7
232
2
1
1
12
177
242
283
7
118
75
180
1
32
45
17
105
67
18
50
44
1
1
122
36
1
152
163
4
14
15
2
101
138
4
1
102
1
9
18
14
6
269
18
