41
50
194
7
182
106
52
12
65
1
173
4
79
5
10
141
1
32
1
227
6
11
13
238
6
78
50
159
2
276
254
157
49
153
2
48
124
26
55
29
146
90
9
11
23
36
3
14
171
11
1
60
262
80
276
15
130
168
1
4
10
7
106
52
101
166
74
37
4
1
64
70
14
3
46
3
99
4
8
44
181
296
75
23
55
30
84
4
21
76
273
13
46
139
27
12
1
11
4
1
4
5
1
56
84
1
116
211
2
107
88
27
127
1
13
11
16
2
14
4
2
11
3
76
2
82
4
2
55
77
1
16
16
280
24
32
80
11
6
57
93
21
22
4
10
5
10
75
85
24
7
165
2
1
139
93
9
4
12
257
1
12
82
71
18
85
37
3
1
206
12
12
41
114
264
1
141
222
4
1
13
16
135
9
19
16
296
47
204
77
19
178
5
107
8
1
6
1
2
293
94
1
293
275
300
19
146
205
48
120
200
8
111
48
225
32
158
295
17
116
4
52
14
147
27
2
34
3
185
21
41
42
4
54
186
137
144
1
106
12
239
4
55
135
12
218
1
42
1
36
5
16
31
19
73
10
36
263
105
135
33
67
12
5
54
2
1
4
2
195
8
38
34
45
292
59
18
195
298
43
156
160
104
67
4
188
113
43
245
23
217
235
183
77
254
135
298
3
207
164
86
193
5
8
14
20
235
21
66
7
11
8
283
31
67
4
66
68
1
224
1
217
176
34
111
1
7
67
4
1
1
150
13
16
21
69
173
1
69
2
3
14
16
106
1
13
149
109
1
1
63
105
19
14
15
6
12
197
1
121
17
2
46
61
16
69
168
6
1
1
28
7
271
129
13
51
24
278
34
249
125
4
98
183
11
98
50
24
46
1
1
177
10
3
23
144
1
5
9
4
98
114
31
19
6
2
197
10
30
105
124
2
4
230
10
31
2
150
151
85
187
4
95
7
19
90
2
6
116
6
74
248
4
166
129
7
198
198
14
57
37
81
146
4
19
22
183
147
1
4
50
56
4
43
2
46
4
80
24
269
88
18
7
147
26
77
1
10
153
37
88
292
3
5
66
11
6
112
5
171
16
72
77
240
40
1
1
191
4
163
168
21
15
54
98
234
43
120
2
1
25
132
13
134
195
10
1
1
97
12
17
216
39
157
45
12
1
112
4
198
129
124
256
4
208
221
9
205
49
17
43
125
7
185
35
19
239
67
9
23
151
54
6
271
135
26
145
128
102
88
204
75
7
130
242
68
23
25
152
8
194
18
1
22
107
1
2
56
55
49
100
25
154
2
6
50
38
164
32
11
281
83
6
7
105
41
44
37
7
108
107
1
8
124
202
18
15
41
287
71
15
73
4
1
198
193
27
3
122
78
19
15
32
142
10
56
83
34
280
12
15
103
15
30
21
3
53
59
3
45
266
4
30
6
1
258
15
23
1
135
7
80
5
13
21
223
184
16
5
3
268
232
11
35
232
19
67
17
6
269
25
1
288
148
278
31
239
9
67
40
213
46
130
3
209
1
113
106
278
189
3
8
178
178
11
8
157
92
246
2
10
17
43
1
34
51
118
57
151
4
36
64
10
125
17
1
35
28
4
1
11
14
58
8
175
18
33
10
232
15
199
3
172
12
36
44
3
114
105
45
226
11
89
2
50
19
3
12
158
2
105
2
25
2
77
18
7
3
49
5
288
63
14
16
28
91
14
18
2
75
4
1
86
210
213
16
288
44
37
1
7
199
3
117
43
1
41
13
1
1
2
7
118
58
191
105
1
18
1
1
13
15
257
63
65
20
24
2
206
210
274
136
2
22
2
225
3
152
17
1
3
30
19
3
74
120
264
66
5
2
228
2
8
168
29
48
33
19
59
24
22
118
67
84
1
17
166
34
1
198
122
41
2
2
4
83
2
14
122
155
3
1
37
1
6
6
63
2
23
1
2
181
46
39
12
49
29
1
192
9
42
30
59
299
31
27
25
23
65
1
1
9
75
42
43
94
4
45
82
1
284
2
2
298
188
23
3
38
34
134
137
224
266
4
3
102
170
20
6
4
3
11
50
24
28
84
2
56
23
6
10
3
98
12
50
86
14
208
17
62
45
5
254
25
35
43
84
1
1
9
77
135
1
45
67
128
58
3
61
207
258
18
41
48
39
5
251
40
170
244
282
246
5
34
70
8
64
20
294
12
12
5
10
41
66
26
82
261
3
205
206
16
5
38
5
4
4
9
130
51
57
45
14
104
62
5
134
238
63
15
250
43
1
1
34
15
7
24
22
37
1
16
52
1
2
68
2
55
10
16
199
80
159
92
18
5
41
290
5
3
2
16
10
188
49
7
161
5
8
3
6
71
63
1
120
148
291
13
97
57
291
122
84
49
8
1
71
45
12
239
1
220
7
128
2
61
266
2
70
16
39
24
16
81
74
