98
7
123
181
51
180
110
1
56
119
37
17
2
29
5
34
1
71
145
9
242
1
78
28
101
1
25
1
2
83
283
65
278
2
103
84
50
93
83
49
235
23
2
2
235
22
38
118
7
168
3
146
8
2
11
1
157
1
5
3
2
119
257
3
2
1
4
160
6
18
29
25
252
32
54
11
7
4
255
221
1
5
1
15
12
8
293
214
7
17
249
3
182
45
292
52
1
262
177
15
40
3
205
27
5
78
11
76
234
263
190
233
1
1
2
10
64
17
4
2
65
35
45
133
87
233
292
241
1
149
286
213
18
7
4
35
21
51
92
18
3
202
218
20
37
51
276
194
7
26
62
3
37
252
45
13
27
3
38
2
127
47
17
171
1
194
140
56
279
108
137
237
30
122
7
244
31
48
42
59
23
33
50
26
4
2
274
16
2
127
103
1
112
5
27
14
23
23
3
48
183
82
15
10
114
10
1
293
176
18
75
72
115
47
90
1
10
220
55
15
20
172
44
42
131
199
50
97
225
60
187
23
19
1
6
36
105
5
132
32
191
170
13
4
95
74
6
1
95
75
9
144
1
30
113
77
30
125
19
195
1
65
232
43
234
136
8
22
282
3
223
289
32
1
22
31
56
261
11
225
80
65
152
22
175
57
10
11
55
128
73
3
1
1
1
9
143
1
269
3
1
26
11
16
182
15
176
131
18
71
6
14
18
258
73
163
40
17
236
5
18
1
111
231
76
84
140
218
93
2
162
1
1
95
2
6
268
111
221
3
27
1
121
145
147
60
231
187
8
7
59
66
183
253
17
63
22
24
66
273
1
297
187
6
168
3
65
13
2
81
1
1
148
34
41
1
5
1
14
60
6
38
167
19
41
201
1
33
88
46
109
3
107
72
121
230
154
167
42
281
67
9
1
286
130
146
113
3
5
285
155
157
172
62
4
114
1
161
9
81
13
244
1
1
54
1
221
39
12
109
5
220
1
94
9
293
84
1
2
4
2
174
44
1
2
18
4
8
52
133
148
7
84
1
1
81
107
3
46
55
200
1
24
3
17
1
23
27
43
1
1
78
18
7
102
5
29
21
44
16
2
71
5
33
27
118
7
36
58
6
8
8
1
76
5
215
63
188
95
126
3
47
196
10
164
152
10
30
18
248
91
48
283
7
105
1
76
30
288
14
113
99
2
68
161
42
100
6
25
8
8
55
60
11
5
105
180
184
228
185
22
238
42
110
11
47
111
148
41
61
2
1
17
3
2
1
12
105
2
1
2
55
69
3
144
125
53
34
69
237
1
3
2
279
42
1
43
137
123
188
116
82
33
163
1
6
299
3
37
61
89
18
2
2
35
3
46
17
70
45
214
1
70
11
13
4
3
255
42
5
250
52
24
278
254
51
10
4
25
54
1
16
18
96
4
86
17
21
66
192
45
211
159
94
104
6
11
66
20
185
161
46
6
42
51
17
4
5
223
175
48
4
137
35
1
23
59
2
11
2
17
1
23
142
25
1
18
204
155
42
8
28
39
13
77
2
41
106
2
8
1
26
7
20
195
34
292
4
29
233
8
3
64
28
202
32
14
3
1
1
139
71
9
100
163
66
6
31
165
2
15
85
9
272
59
3
38
181
2
157
20
24
287
32
107
29
54
249
173
2
146
23
97
13
127
4
69
43
1
264
13
14
205
1
32
23
104
81
41
51
4
126
6
2
261
65
5
136
5
182
23
26
288
138
7
201
77
88
1
221
9
1
50
294
94
99
4
17
62
14
148
251
45
138
28
1
172
173
141
224
4
1
14
41
187
8
5
3
1
1
3
9
277
61
8
255
142
272
50
9
73
172
14
6
70
31
39
30
53
2
29
7
37
1
132
12
3
8
157
2
147
4
45
2
2
3
155
107
100
11
41
56
38
141
9
111
23
102
171
61
267
1
9
117
3
198
7
7
221
254
7
13
2
1
106
204
25
50
91
16
18
15
6
79
267
15
3
257
1
11
5
128
96
1
11
14
9
12
1
1
7
11
1
269
139
112
218
10
63
60
23
37
1
1
54
2
64
154
272
51
227
7
80
49
100
7
25
27
64
13
3
2
46
64
49
79
4
19
220
80
293
2
111
272
223
1
73
33
58
170
15
117
10
9
2
92
27
202
3
264
33
233
34
5
15
106
21
6
14
134
2
268
12
140
37
90
1
22
1
2
114
286
74
4
7
23
3
6
112
10
104
248
6
2
284
41
211
136
4
15
29
34
4
5
133
5
16
13
20
1
97
144
5
1
1
50
15
8
61
44
293
242
133
83
80
66
1
4
3
2
292
114
6
21
23
5
239
51
80
3
27
6
1
1
126
111
98
1
58
22
10
1
175
103
50
52
124
88
7
7
1
1
3
12
14
154
13
56
7
13
22
164
60
251
39
60
1
87
6
3
48
90
77
32
137
