591
668
407
1053
862
1483
1293
257
240
1488
323
114
247
1032
924
2883
2728
1850
1865
1733
809
2244
929
597
231
892
5113
587
2247
472
690
1002
173
379
1223
162
857
1313
1396
1578
2378
769
1013
1040
29
1314
577
2321
162
431
340
68
293
73
107
948
341
1784
1373
316
216
2832
1226
2551
390
145
2830
616
61
971
638
1381
998
689
249
48
2771
1540
2431
606
502
329
99
75
891
218
110
57
2021
366
283
2585
578
153
7897
778
553
1879
4138
507
672
949
755
212
325
1526
384
1250
2252
309
6
1639
1776
92
571
681
140
283
32
3184
2591
397
1678
204
421
11
724
229
313
651
477
37
182
1666
504
221
867
166
3060
2198
937
20
963
54
333
2519
1974
1793
213
437
898
191
732
294
484
341
100
33
526
3214
705
121
1421
278
1370
1210
513
401
2260
1244
241
2814
706
1236
368
4787
608
840
352
11
74
2474
103
444
304
1149
3227
327
369
1030
2481
879
288
1416
360
602
620
1919
740
111
2320
1397
3048
529
1997
673
2995
613
2388
3639
1125
525
1194
872
3634
25
3357
4106
120
116
2186
394
1197
3
116
1079
212
576
615
1038
814
33
469
484
834
21
715
546
500
2057
1094
381
789
106
1182
3096
1262
541
1045
1757
1366
17
964
3252
2738
1029
20
1620
2031
894
643
1141
24
2685
602
141
193
30
1362
84
368
282
89
1958
271
613
3224
588
256
724
1326
1501
5191
481
2208
652
383
2259
1520
1578
8
543
745
2521
126
123
1711
858
736
196
82
879
955
1285
386
666
338
2467
1341
2101
594
1191
1140
1250
35
2196
1233
56
626
1576
962
1748
3344
770
242
612
959
325
580
207
864
1433
41
290
363
1468
130
642
1000
1575
5974
72
213
706
255
5448
128
2674
3066
1032
562
833
1605
2234
967
1497
459
201
1054
894
104
809
104
2639
109
1062
792
692
1445
2928
4132
248
110
1322
1855
23
211
275
249
278
1041
3459
149
2381
919
1065
35
2859
85
1309
147
184
615
151
433
948
93
546
362
604
269
907
874
3241
459
359
2443
263
1075
234
656
1951
428
828
3797
947
363
2236
85
412
826
149
1865
56
1383
141
4310
903
3701
330
201
996
80
1855
3618
2618
132
377
1459
601
540
1492
115
1293
3897
361
353
819
497
591
1731
62
596
638
2089
242
1217
236
1674
1597
260
1714
547
1341
697
1164
1140
1024
698
445
6
239
2405
1677
284
761
3129
2567
265
726
138
1639
1449
389
4372
575
1595
5077
2002
687
176
1308
110
2278
1597
784
804
5432
1641
741
325
714
1608
215
1215
133
2269
30
1868
1165
800
1020
719
2012
39
96
451
47
562
1027
1153
430
3212
1520
363
1791
747
1059
955
536
83
2955
748
969
994
2255
292
289
1867
4437
9
375
89
879
236
116
691
3091
256
939
3532
3257
2325
1768
340
2290
1431
3020
1465
248
372
82
1479
222
1334
680
476
525
1375
1245
440
160
137
3179
1288
657
285
652
70
1512
32
1673
669
1038
1778
1017
4214
450
1022
3446
319
1165
85
2578
766
1431
454
38
3551
77
551
318
744
37
1259
268
1608
1363
524
89
1162
193
1977
429
164
2709
636
1512
255
380
1201
1310
905
1797
2892
458
1631
322
1847
399
560
274
4047
670
664
2557
949
3678
1279
392
806
415
71
2575
310
2476
1518
29
2067
1939
1480
174
658
199
855
1107
417
2134
2456
450
675
372
1185
1333
2711
1024
1746
120
1408
4312
1437
1732
2228
991
158
466
4648
1177
1738
2017
676
29
614
96
1087
330
800
706
1108
575
532
146
361
854
1216
40
2431
735
956
352
3760
293
1040
2915
1147
52
3045
437
915
196
414
62
407
220
1052
205
648
235
916
273
6601
99
48
245
1009
219
173
1590
2647
1086
535
1251
805
348
277
178
241
108
974
1890
930
3105
809
733
97
1508
714
849
1001
2255
2072
636
215
2844
793
124
910
3300
861
732
1880
3609
506
912
1621
2821
3
199
2348
230
289
392
305
1658
189
3047
440
1561
1143
415
864
703
164
2095
186
431
516
208
37
6515
606
438
1770
355
632
163
20
3
628
2825
344
20
2232
15
228
242
117
2225
2796
233
1283
4072
107
1049
261
583
827
1202
447
1020
602
627
516
1372
155
1106
92
650
1645
936
894
402
163
900
2356
899
712
2147
2934
1821
916
46
2272
92
570
489
991
92
2309
737
316
756
84
960
860
1359
527
1683
4322
446
966
2572
1881
1458
1985
101
337
537
263
1113
418
648
18
879
612
541
793
671
180
486
1535
170
20
557
1467
1289
791
154
77
949
1271
1251
528
750
1408
1028
153
1490
633
278
229
1854
494
421
643
1991
4
88
639
159
1500
179
1084
3031
2541
555
1444
9
33
558
1123
880
382
3329
193
884
821
473
3264
863
792
3866
2610
1562
380
1664
480
399
620
93
1334
442
363
455
771
772
602
344
3988
3400
4309
445
418
862
2769
395
213
1261
543
627
430
271
846
91
256
379
1692
1604
751
267
803
1058
1352
2164
814
495
2103
238
562
3056
78
1498
4
745
704
113
177
67
1126
2335
239
2580
541
2102
559
117
567
1786
204
2039
2814
179
850
90
377
1601
649
377
234
1255
212
2448
46
386
1996
1362
1785
108
911
77
586
879
692
181
289
1057
553
440
592
1829
678
113
4195
416
364
213
534
343
37
2143
571
617
3457
2525
670
219
143
1463
61
902
33
42
402
394
108
238
809
298
826
188
467
567
1865
594
2813
252
997
733
690
158
86
146
150
223
593
