210
29
326
268
2308
451
313
561
1552
1939
178
619
2567
537
168
1185
4106
1237
405
39
1591
896
554
191
913
124
4277
1010
785
1239
677
1646
902
1463
2924
4375
251
1229
1067
504
1022
1400
148
2049
256
285
83
872
1218
89
1613
1515
577
453
1378
797
818
197
25
1643
194
1117
278
214
167
305
3
2022
433
1230
691
925
501
1347
911
21
748
2259
338
1055
2075
196
2931
1374
5122
672
464
1090
2913
1731
767
996
578
1580
1036
835
763
270
2097
2186
237
26
209
344
1708
395
46
317
2770
1997
443
1214
68
140
807
2578
933
14
378
1054
1822
345
127
1852
123
446
193
594
1844
206
217
3066
560
113
740
1549
366
948
160
1408
502
831
711
646
672
1219
1134
543
1394
1449
1192
612
324
31
108
5666
242
2400
5073
2596
133
471
17
853
156
205
341
8
14
192
1147
883
19
367
2499
796
1195
1755
1374
25
364
18
3703
1500
285
372
4289
518
190
475
118
1028
313
81
2872
834
2222
481
2028
784
375
938
1109
752
138
1107
1152
2260
911
1529
603
436
374
613
1321
650
23
209
1898
1846
25
106
1551
1339
2196
3772
3045
315
1139
225
1896
648
111
3014
1062
480
513
1057
595
379
316
1799
463
811
13
573
1098
2975
73
2375
882
359
1147
52
240
831
2034
215
22
194
389
854
1391
222
1160
1156
1396
131
1149
2250
297
98
866
446
930
49
234
785
242
257
1180
878
1015
41
1187
518
1603
388
874
705
1351
593
276
78
951
1016
1227
664
1661
861
267
2128
99
40
164
180
774
306
1250
1538
750
262
1549
303
27
819
1172
583
692
517
567
469
254
804
590
113
507
1205
558
3283
1804
1854
3903
1697
1916
430
862
2975
2818
2129
807
784
314
2170
124
112
250
898
798
217
1886
1084
260
514
3
96
1058
59
261
3359
531
1168
3738
154
123
357
624
574
2229
1655
2602
332
215
192
1155
870
343
270
1182
594
734
1429
38
642
102
662
2298
462
1040
16
1650
603
132
725
861
3690
105
1509
167
566
2218
1273
1121
2526
520
3413
1860
539
557
866
977
149
122
166
56
796
1440
57
68
3550
441
3032
1711
924
224
1172
345
2619
357
787
447
389
720
1656
1846
1975
3006
736
717
1867
592
4755
1568
210
1256
310
412
383
2686
2605
14
1027
305
389
1000
2481
580
148
945
15
699
2773
432
1583
37
141
2747
3445
652
771
324
1152
390
979
187
2423
169
929
158
660
72
3858
995
1185
1332
313
74
1504
74
2627
799
345
467
1164
344
989
543
879
50
412
956
285
423
551
543
492
20
557
93
583
141
2825
256
7
1969
2429
1615
314
1120
21
3
3965
663
191
1300
2648
590
187
1026
3042
273
143
1778
553
14
1285
48
11
113
68
119
807
3898
1011
147
2353
3
127
130
712
730
469
2154
24
1303
169
220
759
2151
985
502
1297
978
1047
431
169
1410
941
17
1820
1612
533
40
274
349
2246
98
803
2341
1542
1119
636
1074
3047
1359
228
2614
55
60
1813
430
433
794
1356
521
1550
2069
346
3572
35
530
948
50
119
125
591
581
1307
801
24
823
110
597
496
1602
2999
173
3515
117
570
107
243
585
48
616
1935
1442
1043
873
337
21
595
170
1170
77
385
654
1133
737
416
750
273
1137
311
1662
3015
162
240
587
1325
575
2900
242
447
1977
858
631
1312
275
46
1215
1068
336
942
124
312
398
984
29
1485
875
3432
751
143
1470
1106
345
514
49
1338
168
2803
133
1405
3402
795
161
1469
108
782
1101
425
1239
3
283
68
910
5039
192
1682
1415
1740
54
302
479
336
239
405
1514
474
757
648
1909
3523
444
109
651
477
402
1090
26
97
296
218
48
164
659
205
768
3056
1522
143
1528
1100
246
1304
895
184
978
370
1491
1544
2724
3449
298
1373
2
1099
362
574
1697
444
1777
239
578
442
1131
443
189
192
2625
1419
190
1417
4341
262
1123
827
610
3801
1427
1582
251
94
597
276
1447
2003
2035
378
436
1277
21
535
249
1302
1779
429
556
965
195
4655
1277
710
662
161
696
1065
1034
1136
251
522
2941
427
441
429
1846
70
2331
2105
3642
525
1870
2928
188
1224
156
2158
278
333
1697
284
1287
858
620
352
535
1261
815
878
2321
466
98
715
683
897
1727
1174
1618
2247
399
929
29
818
163
188
986
70
2468
374
1397
197
599
160
1284
232
1811
70
236
321
341
458
313
918
258
589
579
581
59
2515
1625
100
2042
745
2157
575
312
83
188
1543
20
1270
296
3172
853
338
1861
1844
69
43
2331
519
1415
5910
889
130
1031
809
659
81
304
86
4271
835
1567
24
2026
1062
4024
1168
1146
193
669
105
207
622
6
970
920
214
157
388
270
1028
688
1914
790
588
796
1075
684
2491
1313
217
556
1432
658
152
1376
112
423
696
162
285
1463
456
3747
1560
2982
1041
276
283
228
4132
1275
465
13
438
1003
2093
655
1364
446
66
381
348
446
1151
3570
947
221
1507
871
2144
72
542
1044
378
811
2082
317
1374
773
636
848
323
1419
800
1212
744
128
1503
1590
1415
1357
109
1545
155
493
1608
2075
2249
1446
1240
2391
242
6
48
2074
132
251
306
281
1052
130
961
5212
87
895
2350
2515
475
454
887
441
1144
220
1199
735
596
524
238
1298
1578
2369
1149
1944
724
597
984
3
64
637
21
1503
973
468
205
1064
387
176
7
137
2059
340
2904
250
457
326
378
909
428
1877
700
1143
669
32
1321
138
1172
755
775
423
311
413
