5
934
1439
1769
30
857
1647
297
148
1266
1398
124
131
1503
498
733
909
566
660
12
661
1370
874
958
1059
36
897
218
403
226
1292
272
601
1299
140
800
811
192
491
295
991
218
216
2352
1428
796
463
97
1013
281
2949
785
252
1011
631
548
27
707
1085
1034
708
491
218
286
801
3467
202
484
43
599
2964
568
923
1089
243
3105
305
899
335
188
2012
1357
100
99
651
608
400
518
142
103
2501
817
597
728
410
610
909
73
26
776
783
54
319
519
42
465
995
219
101
181
663
685
1001
3885
189
1269
164
129
3384
230
1945
113
237
20
613
1099
1145
1478
373
255
1063
746
1820
567
88
548
231
1058
147
132
458
900
1223
88
46
1607
2427
594
2608
3362
2830
1558
114
364
2996
753
584
1092
133
1155
126
831
508
213
2122
1127
2690
529
682
885
181
210
187
207
36
174
355
1057
2392
928
6
922
1181
917
754
741
189
261
4889
141
1541
661
908
239
2695
795
814
27
974
1451
168
940
115
167
29
957
1116
1773
32
266
1609
46
575
370
818
1021
1216
419
1712
113
108
195
311
64
1108
449
2410
104
1054
1094
884
2147
495
363
448
4740
2363
119
1150
1420
481
481
1545
1455
464
944
1579
2507
1897
50
318
215
3867
548
443
85
199
957
385
4330
953
425
3844
627
529
617
422
282
621
5
131
509
20
19
1638
540
73
697
541
5
954
3005
445
244
63
114
375
512
962
2458
186
1386
109
727
141
492
65
504
340
1724
1264
58
538
728
148
4454
444
81
154
101
261
2582
2021
1297
1321
991
734
527
3393
306
1189
716
151
1420
811
600
590
849
843
188
585
734
1081
640
1516
923
95
654
132
286
2469
298
2584
56
86
818
2493
1140
1515
625
191
1098
1145
59
4
521
1067
1436
209
209
861
707
1465
1439
1026
68
556
862
129
99
26
50
1154
593
823
21
1447
17
502
1736
353
285
304
1413
375
174
2508
294
177
14
3162
2526
1481
129
996
615
2811
75
108
1823
3
326
358
991
670
3173
124
476
661
399
91
3675
1155
578
728
930
292
970
269
2966
111
823
351
161
1509
172
200
1742
1576
1701
1449
528
65
233
221
937
455
413
277
1068
846
374
518
567
63
1345
1005
687
858
238
977
1854
3383
1131
2
1964
446
1037
1671
182
357
291
810
1655
128
1392
1245
3721
642
245
58
189
1264
896
1645
36
2582
331
3961
1553
1792
1152
676
765
3690
212
1158
469
139
3827
359
56
121
251
1702
978
3796
1608
2193
558
1540
651
917
461
38
915
354
1569
1139
700
523
1161
771
85
3327
432
798
766
3542
1198
159
2525
1399
521
963
1872
706
2723
2249
1839
727
3972
789
2026
3573
1320
3717
225
674
1877
90
3070
147
112
538
14
88
1979
1096
477
142
1501
785
758
2329
625
633
481
39
111
1904
1180
1563
1112
224
1057
2906
1900
646
2204
263
150
2159
2686
164
507
594
156
1906
712
896
3879
430
1019
2549
1366
2318
913
2621
1256
1685
631
1133
2370
255
2331
385
69
1867
4279
458
1629
89
1007
1274
1159
1111
2454
738
451
437
1288
487
702
936
224
408
391
23
2130
1888
2132
1879
349
332
69
26
519
1300
3433
478
704
1477
320
2525
199
1883
1290
523
175
540
538
900
950
2982
44
278
866
200
443
2139
599
1569
1367
83
1375
235
1550
2374
1268
122
3440
4539
391
1882
406
62
238
483
2698
614
3590
318
698
153
350
712
1637
994
161
691
318
1778
240
632
499
530
507
997
458
28
221
453
171
851
1426
254
156
1230
2381
333
380
939
1494
1165
57
1497
1324
64
589
126
49
911
3434
73
126
66
16
2534
292
803
789
367
672
2023
432
620
1192
319
3421
1545
1187
1643
2504
943
303
1730
1903
156
2
380
479
361
104
1294
1541
1144
4162
4127
369
2173
535
3902
644
2928
2289
625
322
350
84
2550
75
2129
216
247
2014
2794
224
2145
474
174
1459
2823
361
2326
141
161
69
968
54
1086
367
709
3884
1002
197
1298
137
666
798
235
761
416
617
349
951
797
2811
1609
85
2190
82
1613
2071
736
725
1763
566
1873
281
2678
32
125
505
607
626
125
691
1039
1033
3058
2040
508
1735
1516
1545
465
2385
617
939
1177
150
52
662
785
522
224
544
140
835
1500
2500
1658
3579
578
986
243
512
1932
622
975
586
1238
3042
853
880
2007
557
6
532
30
1409
365
743
309
1641
207
324
347
183
62
190
32
70
320
2633
2467
1626
866
110
979
1335
1225
60
3862
274
2207
638
1303
2097
497
1844
1042
197
306
1964
1384
159
490
231
1174
158
776
376
3184
1751
436
243
425
1177
400
394
774
422
654
1296
43
1190
165
259
36
381
2400
1027
1389
4451
802
558
1713
31
1743
546
3571
70
1532
377
791
1392
596
379
2438
494
585
902
304
80
1708
1509
253
1178
932
858
1710
1579
30
994
1138
854
667
150
1983
135
147
23
551
79
301
753
73
2
238
1245
355
57
3077
1570
4399
111
3379
233
94
513
588
137
1645
48
1678
760
601
1233
245
6050
723
523
402
100
1601
523
1414
532
269
207
90
781
972
1079
91
211
2060
10
46
489
3588
781
365
92
585
898
1922
129
787
1786
935
336
1233
285
418
514
88
3303
398
95
80
643
15
52
72
516
1202
14
1356
1429
890
1715
1238
1417
1850
3272
1247
1613
1257
223
254
372
227
187
198
284
1154
365
96
1822
778
986
82
647
899
1124
2654
2187
307
252
1937
217
1891
