138
59
80
24
282
17
208
6
44
75
24
9
270
2
29
105
1
283
149
15
11
4
5
147
3
6
250
15
155
13
286
2
77
17
24
198
282
3
2
2
10
296
5
13
6
1
177
2
19
9
1
17
2
77
1
203
10
30
29
1
26
48
62
19
3
1
60
6
1
8
17
5
151
72
2
4
34
16
29
95
89
3
4
34
30
44
184
1
24
30
290
26
9
89
125
9
22
143
65
229
132
9
288
56
50
2
88
249
4
116
89
183
46
48
21
189
19
1
179
19
35
2
80
2
32
19
2
3
122
14
3
7
12
6
3
78
78
296
28
50
9
258
110
63
43
124
28
51
7
136
260
2
203
14
9
7
2
33
226
8
3
87
1
45
177
40
5
101
48
49
5
32
119
165
2
18
154
16
59
5
2
28
4
211
34
1
6
156
6
20
7
8
3
57
48
162
1
200
60
2
20
7
23
2
48
15
1
101
11
100
116
124
136
50
6
3
74
236
16
25
3
1
2
5
5
20
39
40
185
282
7
3
1
2
52
1
1
1
50
208
21
296
129
12
28
13
16
2
139
57
30
188
38
29
62
43
2
46
4
1
1
1
162
46
140
64
56
1
44
35
50
92
144
1
23
1
11
9
84
109
6
2
95
68
163
173
4
32
5
53
207
146
3
1
276
4
278
43
86
289
44
9
270
11
29
159
15
6
3
3
44
7
9
78
2
293
7
60
1
24
99
21
2
142
106
85
139
136
10
116
160
127
26
59
246
193
8
210
5
4
2
17
30
177
254
57
136
116
270
102
5
118
1
84
2
2
196
147
105
26
5
92
3
4
119
2
36
36
104
1
15
1
2
191
2
291
49
100
2
102
109
1
259
6
2
110
195
28
1
244
32
4
36
136
1
22
11
33
98
16
14
20
100
38
113
109
3
271
185
2
269
197
110
12
10
15
32
3
195
13
1
146
7
267
22
117
154
14
22
18
92
292
33
283
49
37
13
86
35
30
86
112
120
271
116
4
1
55
1
1
14
55
81
15
6
34
78
97
52
101
1
223
8
19
3
1
2
4
50
125
12
6
9
67
38
1
140
5
111
1
125
14
64
106
27
44
17
4
1
50
1
1
78
116
47
2
9
127
77
299
252
2
103
4
14
27
24
1
252
128
107
4
97
228
2
161
2
126
96
1
10
53
90
11
246
98
7
5
120
5
7
2
63
187
3
14
40
25
8
40
18
170
6
2
13
8
158
148
1
198
14
10
5
1
3
95
2
144
35
79
162
1
116
9
51
15
34
7
11
132
28
5
33
295
89
9
155
64
187
5
166
5
4
103
233
7
136
159
293
1
113
3
6
2
222
5
225
62
14
160
3
78
283
63
3
138
1
117
286
75
233
206
1
25
73
2
190
127
168
103
1
203
82
153
13
28
3
54
168
2
2
1
206
201
34
86
34
2
28
31
52
48
133
155
6
42
89
268
50
115
7
26
14
12
20
97
24
10
108
3
11
15
66
93
22
1
76
240
109
266
218
6
294
70
25
1
22
37
9
8
115
204
206
55
8
10
125
13
89
118
291
1
11
2
143
171
6
163
3
120
102
5
52
233
58
75
126
2
154
136
4
57
52
65
242
252
1
6
1
16
49
31
288
1
187
54
254
26
24
18
94
158
49
1
235
12
38
1
22
193
80
125
10
24
195
232
30
73
31
31
59
4
210
2
2
4
14
54
255
2
140
199
299
227
4
20
84
251
17
4
57
264
41
190
209
1
2
40
3
173
2
47
46
1
9
27
2
219
14
284
37
68
8
34
1
35
33
50
2
93
7
257
27
81
3
127
2
200
111
12
145
102
19
2
2
17
212
17
159
33
1
123
108
198
187
154
232
11
23
16
80
28
157
10
114
4
40
87
33
8
73
164
275
201
60
1
1
6
123
26
115
9
238
9
57
11
17
95
158
77
36
1
19
3
9
269
5
55
276
40
8
101
20
29
123
160
66
48
34
4
20
47
246
95
48
7
3
4
69
19
80
113
2
2
86
168
27
238
1
248
7
43
37
5
184
11
211
78
33
251
80
174
80
4
74
55
183
33
71
4
7
15
100
17
275
196
95
121
35
2
53
34
154
278
5
84
1
81
4
29
100
230
50
82
89
2
59
6
80
135
244
23
160
136
2
21
7
49
169
14
13
14
57
61
14
202
12
9
25
15
53
6
292
19
18
32
140
76
132
5
50
96
6
11
20
1
1
1
220
43
293
10
44
77
177
270
53
88
5
10
84
90
7
129
9
64
37
4
104
1
91
40
224
4
232
24
13
107
2
207
23
13
52
40
64
8
4
105
3
126
219
33
55
291
25
18
87
11
102
82
93
6
12
1
73
41
41
2
1
237
22
151
1
34
13
9
188
145
3
2
36
120
6
102
9
2
298
7
163
62
2
34
34
25
1
