2
1
4
1
135
63
6
14
7
207
58
32
142
2
282
57
23
25
26
90
5
1
23
122
262
47
3
1
30
3
115
8
4
39
119
7
44
3
4
15
190
1
24
209
27
1
41
139
6
32
1
6
189
11
9
22
163
73
58
1
1
1
3
5
1
31
2
34
10
19
198
233
4
25
1
250
148
2
4
255
206
74
224
102
14
138
32
2
79
93
51
3
9
241
22
56
95
4
4
1
42
1
23
290
43
1
174
189
7
202
208
125
210
28
5
79
165
15
16
40
2
9
54
264
55
105
177
47
66
155
5
8
3
279
51
119
3
271
12
16
70
4
7
16
20
287
25
282
122
43
15
156
30
7
14
1
127
2
1
20
219
63
18
263
135
218
5
1
12
126
1
215
207
226
43
10
132
8
161
38
180
37
2
2
60
4
20
255
28
1
31
246
294
7
15
1
16
1
8
204
226
180
210
269
4
1
17
137
195
293
151
216
52
266
4
18
290
4
232
282
277
3
159
27
280
141
59
32
139
1
1
124
156
155
4
281
44
53
121
5
29
3
66
11
44
1
253
1
147
223
30
1
138
5
198
1
217
11
229
57
11
4
8
136
10
4
5
126
160
179
58
11
42
10
2
14
266
296
98
278
141
2
33
63
15
10
205
249
8
42
2
100
3
290
5
16
235
2
121
21
74
8
83
28
2
10
260
99
111
60
20
2
12
267
228
241
106
290
11
47
25
39
104
10
130
1
4
5
1
98
89
9
268
184
27
179
214
33
4
9
117
135
50
6
107
149
12
72
1
277
75
3
5
28
34
44
171
218
7
10
120
5
86
82
2
183
1
163
1
4
99
3
20
20
4
8
2
163
53
1
25
171
130
12
126
198
4
112
246
87
144
1
5
135
20
31
285
11
24
34
48
54
15
13
11
26
2
1
19
169
31
15
1
70
55
70
7
125
13
6
7
52
95
197
1
57
3
149
29
58
1
201
11
129
1
22
11
4
8
1
13
229
101
31
284
2
195
1
105
64
1
14
16
15
9
1
1
1
3
14
115
54
8
122
280
2
4
203
37
184
240
13
1
6
47
116
42
88
9
103
1
15
44
75
2
3
34
218
159
1
1
73
9
32
37
157
9
11
10
6
61
35
44
2
14
12
227
38
11
23
116
5
10
281
54
18
6
90
2
8
6
2
11
6
1
7
296
206
27
197
48
3
254
35
251
2
128
295
240
99
100
74
152
186
8
67
72
144
35
21
123
39
1
1
195
82
64
287
243
1
300
155
86
5
24
27
49
55
7
19
48
11
25
4
5
1
1
31
81
6
3
1
1
54
1
25
205
63
16
90
21
1
245
14
5
4
32
42
3
109
284
25
1
209
7
16
10
231
135
246
141
250
4
67
124
2
98
4
7
13
36
70
96
9
28
162
181
2
169
273
8
4
2
1
20
21
2
3
60
1
16
4
3
140
139
196
3
1
1
176
3
76
129
3
19
152
105
51
37
109
11
1
18
30
9
238
70
270
2
7
212
25
174
7
28
164
261
1
40
284
133
2
4
1
207
30
13
1
1
21
26
153
146
59
32
24
14
19
79
10
2
4
291
21
171
49
11
5
21
13
12
24
217
200
88
7
3
161
18
3
283
2
165
26
8
1
298
204
26
6
3
1
1
21
2
134
17
5
33
15
13
217
2
37
287
43
67
1
295
16
14
1
1
39
70
59
80
38
12
135
114
60
9
294
205
29
69
193
2
3
12
124
61
3
1
2
233
118
2
218
196
10
207
10
121
5
18
25
1
2
15
24
70
22
9
109
9
1
2
86
105
152
1
189
3
71
16
2
279
43
4
238
2
2
41
80
76
3
9
151
23
8
12
117
10
136
38
47
22
139
220
91
212
72
7
9
8
166
24
106
4
1
104
27
13
106
30
2
245
154
1
123
9
297
2
123
48
13
33
244
3
46
1
267
47
9
26
151
255
187
2
2
1
133
1
74
3
61
4
149
252
282
1
140
191
3
1
85
89
221
77
1
189
82
80
36
23
11
1
81
122
32
82
205
6
234
96
23
3
51
5
57
15
33
40
2
277
2
1
7
22
262
292
72
184
32
67
18
2
299
141
3
217
3
102
17
4
114
13
4
270
175
8
33
1
5
48
83
15
21
297
25
12
283
2
8
300
94
100
2
1
2
92
2
37
14
18
3
2
21
22
30
55
15
60
2
55
35
250
20
4
83
5
37
20
4
166
52
41
6
90
16
234
1
2
202
1
4
20
4
118
4
18
10
7
68
9
4
248
101
145
197
25
10
287
105
185
7
298
2
19
31
19
3
216
5
6
257
40
241
205
1
102
1
74
7
22
229
30
43
1
16
200
10
292
10
4
5
3
2
6
31
69
99
8
100
8
16
27
29
141
2
16
240
11
13
181
142
115
59
39
23
50
32
57
