1918
353
476
571
249
193
4466
263
76
333
2862
785
1978
1674
285
1824
220
732
162
928
214
682
1475
710
2360
1819
524
94
584
7
293
69
76
822
885
180
2524
373
842
39
164
3756
105
497
1252
396
1765
1877
311
460
18
673
1347
366
46
1337
1266
464
1391
3724
577
444
413
770
1785
625
599
8
591
709
1168
139
68
97
1860
158
3453
598
1075
577
82
781
4248
1423
156
2056
651
429
391
820
315
1178
2488
296
184
1216
172
1223
1722
1398
2378
3963
638
558
7458
1806
2514
1004
1900
1295
407
3006
854
1308
65
1020
391
300
487
1024
679
112
338
2424
154
395
252
259
3736
3221
785
364
2381
321
629
231
1496
1652
1496
100
177
370
142
240
1774
877
122
1740
2373
1106
123
445
225
287
525
1887
886
965
2127
1792
96
101
1736
624
1473
545
2493
2406
403
3767
3649
148
1145
3100
508
627
944
4271
685
941
767
259
2260
1398
621
665
44
1545
5261
22
324
414
40
1575
1006
106
59
1449
531
1166
647
1391
2534
380
1019
3175
3540
160
2665
1541
203
138
317
1042
700
616
539
1894
37
636
58
199
1388
946
1297
805
381
1649
1141
638
814
1018
610
583
187
260
246
112
1742
1538
2981
770
542
927
329
1543
930
482
327
547
2997
34
808
127
1927
1119
4664
54
506
1465
2525
2752
28
48
3169
1284
536
176
698
5169
717
1728
1580
796
776
818
381
306
418
1444
1525
125
315
888
41
1256
327
747
410
272
1922
2588
1484
1348
1003
470
608
234
220
430
301
704
196
70
205
397
31
849
434
257
19
72
416
1603
1722
264
780
1052
94
173
328
2967
4864
640
992
18
1561
752
268
335
2263
771
368
495
527
61
489
72
1586
2058
1465
90
3070
2515
23
196
743
244
1154
838
224
1299
836
515
2917
1310
85
368
1359
831
1970
1287
759
4981
231
913
761
1796
634
303
2478
607
1146
1455
3063
1208
299
650
2578
2040
723
1452
1494
712
2346
1372
392
1404
25
1373
65
1320
763
276
799
4970
3238
1111
4327
1904
1374
914
2008
1483
996
186
625
976
57
1629
663
1314
24
1932
460
1909
2831
1253
5623
540
4121
1391
1642
579
359
398
920
2710
42
486
1216
2571
464
16
551
496
870
714
51
604
1130
1158
340
233
727
3340
1362
11
513
2147
149
573
562
233
129
390
1102
806
157
949
1837
399
1022
582
535
405
622
914
863
3582
189
1371
225
1344
162
1625
804
209
192
1992
1664
616
3363
555
307
752
1008
1143
1116
688
208
1377
1312
450
1233
191
1371
739
138
267
506
353
516
3685
477
69
1347
4231
378
2391
737
260
460
308
44
1226
1066
2979
173
2058
214
1836
189
1105
373
1561
1012
314
1600
2712
1472
1
136
1158
3097
441
1946
1306
1431
184
728
768
610
308
545
1234
1214
2128
1087
1241
447
556
1716
880
0
840
569
820
899
584
431
1285
1769
623
121
3251
808
552
129
3323
1553
784
306
761
1771
1316
138
163
7
2480
237
11
3593
163
726
50
508
575
216
19
523
2920
2463
5608
769
3759
178
149
2032
66
68
252
895
404
2218
76
618
1592
1714
5815
2737
3209
256
1010
1355
1228
1334
598
129
131
2334
272
247
387
862
1615
1770
1021
306
1730
904
330
1060
2054
805
741
450
165
925
398
1073
529
479
1927
1839
19
712
893
130
34
1614
3040
208
725
673
3197
2101
2862
2957
372
1324
761
1295
2300
353
185
287
428
899
86
7
964
1846
1405
1298
1411
477
63
605
469
754
677
1346
2620
310
496
5609
2362
1270
1074
320
129
1310
1198
783
824
1262
51
261
1541
1202
695
1988
581
54
156
553
478
527
286
4027
1301
1588
2165
1883
5857
1160
3378
64
104
2449
86
4312
1506
800
102
1937
784
407
1280
1178
84
1569
259
257
29
1173
1881
691
1707
261
927
151
429
624
305
100
226
454
48
342
1361
1128
2340
334
139
533
630
453
541
225
967
1548
720
5292
266
676
488
1435
1580
1242
2830
132
259
302
419
784
360
933
249
288
2019
801
761
306
500
185
759
3804
1331
2484
217
664
483
385
357
3609
1248
49
630
894
2212
49
896
360
550
1394
104
361
146
553
1770
1249
32
1013
2407
960
516
734
3210
1113
140
2263
562
188
652
1732
2032
3527
4969
557
2475
231
953
1530
1611
629
85
839
2875
686
281
524
1137
267
2866
1195
37
561
784
3136
949
1612
306
20
1918
692
3221
619
385
2365
388
1591
366
146
2911
1908
1024
684
1400
2430
136
940
544
211
2608
1827
339
2909
964
669
1140
101
285
834
1232
157
187
624
1397
266
1093
2227
538
4474
522
320
314
337
2021
1770
1760
1577
2410
705
3
2046
437
1427
740
3089
1391
2215
488
1745
344
116
1828
886
790
198
45
71
764
14
207
26
549
1387
1974
2370
598
755
202
123
3352
1477
51
502
2105
47
856
472
816
800
1536
983
449
759
359
2572
1646
803
933
465
1980
319
484
297
121
240
1098
607
324
999
300
2965
227
2858
493
362
216
1229
263
766
642
1641
3864
2625
2599
1205
972
1427
2167
1226
585
577
428
667
835
154
291
807
625
68
236
1389
1862
2425
3825
97
2098
182
1398
1654
547
82
1221
3158
623
2770
757
1771
237
221
511
599
371
1449
437
790
30
1376
413
47
203
344
1231
1646
1400
3478
111
1073
1740
428
94
30
3856
587
1857
1220
1069
132
1055
1223
1673
681
1119
705
1108
434
2101
29
253
59
299
198
991
116
319
158
528
1305
656
1693
804
350
1698
1003
111
3347
4000
507
365
1184
