62
580
336
3108
384
834
972
804
177
382
985
667
1689
118
1403
212
275
1680
39
1495
1696
1646
637
664
2693
859
648
167
1439
1500
449
778
562
603
1039
1541
2730
131
781
1364
1864
175
1508
1216
123
23
766
678
40
374
2736
1643
558
71
385
256
1417
762
1002
1572
669
113
1049
236
1059
3291
143
1387
376
744
3897
310
854
441
435
5383
482
139
317
87
483
541
645
327
922
165
195
34
912
491
418
1559
103
1436
207
838
118
959
1734
171
1579
682
206
526
97
434
640
1583
1141
314
283
1532
678
3945
922
765
197
416
566
653
2853
375
4997
1149
977
1860
437
1866
1265
321
1055
884
480
2496
346
814
3449
688
1362
62
2601
220
1382
640
2401
1996
2912
833
626
495
138
489
1283
897
1230
3895
156
848
775
185
767
17
2170
1047
24
99
832
1288
178
68
394
188
414
2722
384
4175
352
2205
1023
1184
2632
723
2227
306
1352
2871
1375
3200
2935
2491
658
137
322
1285
853
1542
256
1467
75
5696
274
898
1037
592
1722
413
48
13
1817
108
3932
2351
1292
1428
404
1504
61
2924
1305
1168
602
98
1063
552
471
12
676
1399
66
600
1279
149
1374
604
327
1180
643
1876
2904
180
688
1330
690
824
600
462
2613
2278
412
1511
2465
405
2582
291
2146
1088
1489
538
3082
8
2253
1302
658
864
30
376
841
324
165
1359
72
2754
575
1781
1046
4660
242
1248
349
462
2393
2762
967
3170
1755
194
449
4345
620
282
1626
747
3647
75
91
349
93
1691
810
435
548
1029
909
1393
1216
36
484
2041
41
1517
941
125
436
2503
1762
1904
295
13
453
1177
502
104
147
2967
191
727
405
301
2447
157
3610
581
53
173
500
1339
127
3798
211
844
4429
1395
243
1469
285
570
1904
1106
632
2110
1707
827
1025
1761
2901
1277
472
1087
146
331
240
1379
2475
1554
2005
3501
1919
3016
128
753
919
2115
45
833
463
3047
1380
712
476
194
1712
161
370
545
44
437
834
1486
1673
193
643
3059
854
1518
1666
1529
1091
621
431
2376
219
1696
373
1486
539
158
351
865
1219
1267
1215
127
5
181
348
921
189
5176
85
293
541
933
1361
294
242
300
1516
1299
37
3183
457
2100
674
1749
1601
999
86
1797
304
1969
4827
4450
1460
2157
994
2322
130
911
588
165
625
553
1599
2777
1266
1729
1168
601
1427
262
382
468
383
409
23
1734
392
1314
1228
435
58
549
533
2610
1
2458
61
2271
1720
994
4527
904
837
2605
1661
854
876
1490
3597
859
862
204
1158
405
666
115
1578
255
64
139
860
1084
2597
1627
123
713
84
678
220
405
157
1672
1032
38
940
343
834
1097
1064
1211
624
1847
1391
3288
18
76
756
2427
540
545
459
2009
2088
151
101
508
3357
818
740
47
422
2663
3240
1548
1048
285
2161
216
1008
1248
630
1605
384
359
1080
377
763
658
1076
1381
1614
307
420
592
600
523
343
349
115
2038
137
1923
537
1134
187
1814
4758
443
2229
3475
2
1273
78
3633
257
83
370
501
426
1684
1515
868
306
2200
2665
319
1350
58
3808
492
1874
115
361
6093
2301
678
97
1073
1389
2862
1891
1355
291
955
2509
9
322
362
474
2394
1854
1022
689
3309
1967
649
760
381
185
243
205
334
388
1851
988
1328
786
603
1344
3678
7
54
2378
2528
594
97
2877
190
1215
1198
168
45
1662
24
158
622
1759
252
396
3809
1251
852
949
133
444
35
479
797
917
2583
434
2134
256
727
643
791
1380
492
2326
2381
410
1156
1750
454
837
1248
311
473
759
17
94
873
1021
635
2724
251
1572
243
548
8
503
1329
1134
1811
480
2091
652
218
1430
211
169
1431
3526
2809
2742
113
450
759
469
636
563
793
1229
2704
1758
79
890
962
1213
1356
653
565
2782
2494
217
439
367
896
796
2952
197
3351
165
772
1480
70
854
192
116
254
260
269
920
903
475
1031
2944
246
1168
407
418
1389
10
180
550
2036
2976
672
1184
4504
580
1426
342
246
973
716
12
53
3220
149
584
688
31
200
110
1026
391
5030
1678
1324
1657
627
260
226
1701
157
1885
145
732
5933
844
111
439
105
385
2263
3413
87
1758
1728
932
790
154
78
263
6176
659
340
171
920
1585
2656
210
1490
15
394
944
163
1282
1155
1162
1691
4888
536
2450
126
4365
241
1612
26
588
153
11
587
486
1724
313
348
770
2373
368
809
389
63
183
1411
1817
252
1004
1102
1254
897
824
243
888
2857
489
157
2489
89
340
1150
961
2106
731
1576
489
1237
1216
21
8
1854
992
2359
225
801
52
1568
1907
2435
330
143
3227
1635
9
2719
2362
2529
265
881
473
205
1040
736
888
556
1704
128
100
1919
16
1498
562
1269
59
395
1407
421
1418
99
48
3144
572
443
3523
3563
833
1
470
344
689
4149
286
642
1409
1704
129
421
66
1328
1120
365
47
2639
2273
1603
352
1087
207
365
324
383
1071
581
191
1070
1499
32
1543
505
2594
23
934
2735
579
404
2664
169
1153
233
1445
297
4545
639
333
1060
911
425
694
258
2518
1318
95
938
968
1182
611
1037
711
1267
3572
2357
2614
19
1993
1777
65
1075
1019
73
652
151
1438
2487
459
548
3562
1290
349
586
1436
2160
2194
962
831
287
518
381
247
384
438
1626
2224
1866
541
941
380
154
764
666
1129
828
3743
1609
242
978
190
3828
1659
1341
411
205
411
1801
279
598
1729
159
146
58
3661
213
637
564
348
2256
1227
385
396
771
858
3236
720
435
823
602
869
113
180
145
2
49
784
389
49
