112
204
150
52
1
1
274
3
1
62
1
150
156
22
75
4
16
82
12
156
88
109
11
131
2
14
79
43
12
275
266
11
20
1
3
33
68
30
76
167
2
48
22
28
151
174
1
56
133
265
125
219
199
36
21
28
280
1
3
14
182
44
33
148
98
142
9
1
4
34
101
2
271
29
122
101
2
130
25
70
6
43
4
101
239
190
286
177
29
23
21
29
5
61
1
4
48
15
34
31
101
1
2
80
7
34
2
91
95
70
208
109
10
295
145
171
2
129
105
154
288
58
161
145
25
13
45
30
38
1
235
90
55
8
150
11
104
3
41
46
1
3
161
11
9
59
24
43
187
27
6
1
155
4
3
55
24
168
78
19
12
51
1
43
20
272
61
76
1
71
115
158
11
4
1
8
53
11
1
11
1
95
48
36
7
284
79
97
192
1
197
198
87
256
250
158
36
139
2
88
71
6
57
52
28
33
1
116
118
56
267
12
190
9
1
41
49
156
9
198
42
138
13
16
3
4
95
25
19
5
51
1
10
198
109
133
250
118
21
148
2
298
118
271
197
18
192
2
104
4
74
69
180
11
5
76
1
52
267
17
89
1
21
2
101
12
32
247
77
2
4
296
14
218
11
25
4
223
132
19
2
57
153
34
10
125
2
64
5
125
2
1
8
83
24
13
3
27
131
198
143
126
180
3
2
239
19
1
119
136
15
26
90
9
3
232
12
287
252
10
207
2
104
223
6
33
234
1
2
107
86
14
10
134
202
188
71
47
7
93
2
5
5
123
95
14
5
43
1
82
44
7
253
12
1
5
19
2
143
139
211
42
35
144
68
3
27
182
188
61
1
1
6
46
15
52
267
34
293
82
111
148
6
116
145
248
186
34
22
2
2
5
24
121
2
1
25
1
37
5
6
96
171
55
1
14
41
63
95
10
279
1
6
272
198
38
196
91
6
1
3
298
276
173
22
11
80
1
81
45
7
26
74
12
32
6
46
13
1
2
183
102
4
1
1
248
8
140
106
33
76
1
60
6
1
15
5
128
28
79
7
1
212
9
4
1
131
238
217
10
80
242
14
34
254
1
31
78
190
20
5
85
1
154
25
30
167
125
16
54
19
7
70
7
69
5
47
173
2
162
243
17
178
237
193
6
49
283
142
23
6
186
29
29
125
3
21
24
4
2
77
1
124
27
96
1
20
1
2
25
13
84
16
3
204
2
3
52
4
68
12
64
1
71
3
16
162
20
20
1
153
78
1
12
16
136
4
129
10
68
10
1
37
295
224
3
43
11
5
20
1
222
265
45
23
272
29
1
44
250
166
50
5
35
29
53
62
291
78
9
188
281
207
42
21
12
1
3
59
158
133
26
35
1
69
3
15
23
2
267
4
179
9
6
56
32
173
1
182
210
109
39
1
6
254
222
222
15
91
15
1
205
3
158
33
74
4
117
23
117
2
17
64
78
121
9
256
157
4
2
2
62
107
64
80
71
1
7
8
96
39
29
22
111
138
208
3
92
61
11
149
4
214
33
204
8
79
4
6
157
5
3
8
142
10
4
3
29
21
3
69
26
253
19
41
139
1
78
12
147
1
122
4
134
134
194
149
86
48
219
220
217
112
261
115
1
26
141
13
1
177
16
20
160
144
134
2
8
76
42
97
32
96
25
76
75
266
18
155
29
10
128
3
20
72
57
228
136
95
2
122
3
1
24
1
163
57
263
21
76
199
87
100
5
1
1
2
7
14
37
1
1
237
130
162
11
227
66
30
258
294
1
4
71
6
162
3
133
5
6
163
1
26
7
103
265
4
6
123
18
81
111
58
31
14
4
61
1
12
4
1
2
13
105
15
2
6
273
86
238
9
27
2
18
28
52
7
263
80
3
38
133
249
176
92
18
91
263
9
44
14
113
109
62
2
39
1
300
118
39
2
78
78
1
72
95
137
4
104
7
36
137
1
2
57
29
134
167
147
1
129
2
227
61
1
3
8
129
122
2
39
117
204
20
24
42
7
12
81
120
2
1
60
1
1
45
26
36
8
5
5
1
12
24
3
66
59
56
39
186
32
193
3
274
78
2
4
8
44
4
4
29
75
3
57
7
51
86
264
148
168
27
196
27
18
98
23
3
2
49
90
200
1
60
8
12
1
22
5
192
49
32
4
15
58
57
136
60
18
176
31
53
231
1
28
27
3
1
27
35
36
92
160
112
65
214
26
75
3
208
3
236
248
1
3
235
251
13
206
39
172
146
2
1
3
9
92
54
9
295
256
6
1
25
28
20
3
185
6
39
210
277
23
3
190
1
108
155
187
271
1
2
12
3
3
213
41
271
3
44
8
7
1
56
123
183
1
9
122
9
1
173
4
6
65
24
251
182
7
139
10
1
15
22
168
3
214
9
123
11
107
15
117
174
45
20
2
8
1
31
11
21
142
167
223
