3
3
13
34
256
19
6
2
85
226
193
12
294
59
91
1
156
28
8
168
59
18
15
92
102
1
187
65
5
3
9
4
98
209
60
293
105
78
183
70
6
2
159
3
56
2
84
15
21
106
4
89
17
218
161
16
123
22
180
49
56
4
109
252
216
25
18
96
1
13
13
37
1
75
10
29
136
18
2
76
43
60
203
285
40
129
11
13
64
144
1
15
85
120
125
4
96
99
66
69
13
1
88
206
4
134
206
8
33
2
289
13
3
73
4
80
39
4
23
10
244
27
4
23
1
1
13
90
2
26
7
18
142
41
79
174
3
24
25
48
7
1
9
177
15
3
95
110
1
57
29
13
7
6
3
110
113
70
1
50
36
85
12
4
59
22
2
2
27
14
10
155
7
60
28
1
15
181
249
126
269
57
1
8
150
123
8
6
4
152
203
171
14
38
4
12
1
41
61
12
15
10
4
2
5
29
93
24
2
72
4
76
254
2
111
95
3
24
2
3
115
155
92
25
2
22
133
193
152
52
98
20
1
1
61
56
180
85
30
4
2
8
1
9
11
2
109
5
79
78
86
16
153
173
46
16
1
21
20
32
134
6
150
4
235
90
14
22
18
52
229
26
5
278
1
2
287
3
44
38
62
9
126
8
7
5
287
213
1
16
1
186
107
32
41
1
142
3
244
8
1
12
234
61
205
6
130
224
2
114
1
4
2
84
67
163
3
11
117
92
31
212
15
5
36
22
243
11
4
115
137
15
53
243
10
42
102
17
2
117
100
61
84
24
3
22
69
167
15
229
2
86
8
1
218
5
19
21
11
144
1
12
31
129
38
4
229
18
9
24
90
75
170
1
36
11
61
1
76
218
177
231
258
58
49
76
165
79
101
31
4
1
58
2
2
81
23
1
44
1
23
50
2
1
9
7
50
197
31
1
115
104
200
207
103
25
61
11
15
31
258
1
1
9
74
200
57
145
3
24
55
1
1
28
1
119
54
194
269
77
22
12
43
34
170
14
30
1
19
6
2
10
4
214
124
15
15
218
3
133
68
6
8
46
18
6
25
194
32
111
122
167
16
1
14
15
1
113
48
11
37
2
43
35
135
9
2
32
58
148
234
48
124
15
159
6
1
41
3
4
257
124
19
136
47
3
59
15
144
2
2
148
228
270
203
105
14
28
71
3
265
4
8
242
49
119
3
6
65
191
1
3
5
12
52
178
4
253
1
53
125
2
54
1
6
102
1
1
52
1
43
1
81
73
30
172
15
257
110
87
88
96
15
6
13
3
3
15
217
83
23
1
33
40
156
50
48
2
5
122
52
187
31
72
16
14
42
92
1
48
37
2
14
121
196
65
237
9
3
45
144
5
25
8
37
126
118
15
45
9
73
6
10
73
14
42
13
26
109
64
5
181
1
63
29
3
270
126
2
267
178
1
1
108
39
54
25
205
289
97
205
202
210
53
63
139
32
248
276
32
38
31
157
64
67
2
265
44
3
4
16
2
234
12
56
20
62
193
3
247
7
7
89
58
119
21
1
39
48
44
180
247
107
130
174
210
3
54
172
2
169
188
7
12
290
43
1
1
191
142
9
17
153
149
1
31
225
188
199
1
61
4
18
1
242
108
2
1
33
3
6
64
92
171
5
1
78
1
1
7
25
16
6
41
79
4
56
1
5
4
181
158
62
1
96
24
180
12
39
133
44
3
31
1
203
21
2
24
1
132
73
49
10
1
8
28
7
7
24
6
29
46
1
2
24
148
182
4
2
70
1
9
27
8
1
1
170
212
2
2
1
129
74
157
80
8
47
18
144
117
249
117
1
1
22
86
25
10
247
52
50
5
9
194
135
1
12
53
8
1
81
10
53
24
36
170
9
1
55
9
7
257
89
1
79
1
88
13
9
19
279
232
50
11
5
1
1
1
21
107
148
6
22
83
100
1
13
126
14
136
2
6
84
1
195
10
124
263
34
3
13
118
20
229
20
2
52
197
1
76
3
27
56
133
127
170
91
46
152
38
70
8
61
129
128
61
88
5
20
1
47
68
74
25
4
1
4
14
78
151
3
38
135
7
3
14
177
14
2
24
2
10
163
2
165
2
280
33
61
122
16
43
1
76
122
24
7
215
14
1
233
188
8
28
35
119
14
1
3
29
1
1
4
22
5
26
4
2
37
20
185
8
192
6
57
54
103
62
2
12
14
32
93
189
25
30
39
28
10
77
62
1
132
244
3
2
91
39
12
2
3
225
106
4
1
105
73
10
1
9
80
3
165
49
18
2
113
2
209
10
3
119
2
3
13
1
275
232
180
54
156
7
58
48
141
3
153
84
1
131
3
10
2
32
91
2
23
30
1
36
1
22
8
139
31
126
10
25
114
45
4
137
22
2
32
57
152
2
1
71
86
22
4
5
3
84
76
61
3
32
298
14
3
120
55
