98
17
36
47
10
7
36
7
78
14
145
14
9
84
203
1
25
29
5
68
66
32
178
59
106
21
6
233
1
213
215
91
2
1
17
1
151
1
3
35
162
47
9
98
14
47
240
54
24
24
4
1
137
27
1
8
5
6
2
89
5
78
14
14
29
70
9
170
1
82
196
290
27
248
51
5
3
14
249
1
38
133
10
48
5
12
1
4
138
69
35
227
7
8
121
4
79
107
258
191
278
16
149
1
251
8
8
56
3
70
57
3
28
1
111
171
78
8
41
4
276
2
3
18
18
2
257
114
35
140
85
10
160
172
76
1
158
118
33
84
6
19
5
1
104
133
36
1
22
10
14
6
3
211
18
119
52
6
65
34
209
13
47
23
204
170
137
222
162
1
1
28
56
2
5
157
9
162
82
1
7
90
2
7
1
1
178
22
21
95
108
42
19
10
219
6
20
1
3
2
2
58
4
283
1
133
2
2
234
11
73
8
44
4
140
170
6
1
17
79
13
108
116
1
287
102
75
52
233
8
283
20
72
7
4
170
290
15
148
1
123
10
3
141
37
2
2
10
29
43
284
215
128
2
33
3
7
11
12
89
3
4
4
164
1
47
115
5
227
68
136
13
1
60
11
5
5
13
156
58
214
53
5
53
43
76
32
120
2
1
292
1
136
60
5
118
13
173
24
7
47
136
10
269
284
2
252
32
7
298
183
99
9
253
1
1
1
111
2
2
18
70
1
1
5
7
10
1
104
86
28
1
1
1
103
1
1
51
119
137
76
9
216
2
2
203
10
151
9
6
24
14
60
25
19
23
204
30
67
1
22
188
1
1
8
2
102
10
71
102
27
3
43
209
18
209
11
111
39
1
1
4
68
7
26
36
107
115
137
13
266
18
16
195
6
1
207
180
121
300
84
166
255
176
23
11
238
102
90
214
143
73
1
1
138
31
3
116
5
258
1
7
26
139
14
5
3
1
130
2
2
10
47
132
100
95
49
2
40
1
8
40
4
3
1
158
220
36
1
217
10
9
4
9
1
2
54
20
18
5
4
11
2
4
50
5
141
121
211
3
1
5
44
3
131
221
2
13
91
37
12
103
11
5
1
127
20
1
7
115
226
3
11
18
1
3
44
63
145
15
19
18
2
9
104
2
37
44
11
213
6
31
249
66
1
234
13
6
156
8
14
1
6
166
25
132
3
1
64
16
32
1
14
20
3
64
4
2
4
120
74
57
64
11
1
176
2
8
85
84
3
11
1
299
7
12
10
16
1
4
1
5
6
18
22
168
5
62
2
92
12
3
18
16
294
56
25
6
6
12
35
13
5
1
202
4
2
42
214
5
20
15
146
1
6
225
4
26
59
62
1
143
2
81
1
1
280
116
108
2
9
196
193
2
51
152
226
17
191
121
1
19
1
10
1
5
7
140
1
84
99
9
1
19
67
36
258
158
127
20
114
268
13
1
2
9
101
26
2
11
142
43
5
1
283
87
13
1
47
253
197
234
26
10
1
11
1
2
2
275
196
2
18
4
8
18
249
1
248
10
117
3
9
90
9
3
77
7
3
62
1
110
22
123
42
139
2
2
13
3
35
38
29
3
19
226
122
5
25
32
1
105
36
2
64
13
99
210
127
11
69
5
82
1
1
4
12
8
1
286
23
187
1
153
3
14
16
9
264
1
9
145
141
2
73
1
1
1
231
14
137
1
277
51
199
11
167
14
287
1
4
18
3
13
3
23
2
18
164
8
73
85
1
13
2
34
13
4
2
6
1
25
5
69
182
50
154
33
89
294
17
3
12
2
1
30
155
12
55
16
1
294
5
44
28
4
44
142
201
59
84
143
62
4
230
20
91
161
144
88
2
14
7
116
110
6
3
11
48
5
162
65
156
285
9
1
219
4
183
126
123
37
2
2
1
170
204
14
8
10
44
19
164
37
15
25
11
265
13
155
26
291
35
58
249
24
116
74
1
1
24
25
1
122
4
82
137
40
8
107
244
1
52
163
142
228
6
22
221
132
28
188
67
233
26
5
144
221
14
6
4
35
281
288
214
2
9
2
21
250
15
105
215
47
99
19
22
2
18
127
109
252
18
3
1
16
103
237
39
288
13
66
5
46
5
24
24
2
126
13
53
41
40
110
78
87
13
162
13
26
212
290
4
98
213
108
105
1
41
16
2
176
136
4
30
3
268
44
41
18
57
1
36
17
1
64
108
26
3
139
64
9
42
38
109
1
1
9
153
9
3
260
199
29
5
5
5
17
103
5
40
134
218
2
45
79
35
300
108
187
220
2
39
6
221
76
159
282
20
1
23
7
1
5
2
125
225
112
2
141
185
283
2
292
41
1
1
12
1
28
2
166
33
42
163
2
234
86
209
7
141
35
24
3
37
114
181
28
13
1
89
1
39
231
274
2
59
17
3
60
1
9
86
3
241
