785
665
1026
748
649
64
571
751
139
17
1914
2089
456
1957
4064
418
504
1524
38
181
839
204
2200
1089
3333
1191
263
13
1217
445
575
59
3093
1117
1174
378
172
609
1675
69
2212
93
322
1436
287
410
943
1675
294
989
1162
350
34
974
574
2372
75
845
483
306
2189
935
268
382
797
545
108
106
403
1294
820
1423
2000
1510
758
18
1344
903
2576
461
121
6
588
2723
34
239
89
2929
71
417
1204
853
282
2234
551
827
867
2430
933
76
3319
617
990
83
43
509
2352
4448
267
168
630
1426
1058
600
1850
1232
408
959
394
378
1167
565
317
1991
208
175
285
1915
1341
1490
139
970
1097
246
79
2218
341
685
74
561
666
720
673
2758
1236
4636
457
1404
18
283
3695
367
1825
2585
2095
310
7
1022
365
1498
1462
196
1445
3588
624
599
643
886
357
991
1054
909
86
725
262
1736
1033
799
134
569
4452
1285
880
1160
162
496
127
1018
1666
1377
1198
301
2632
1061
692
1018
1169
1561
1323
440
2078
1430
681
651
1122
666
767
589
586
1380
1180
2362
888
1092
5927
313
1259
3515
196
105
644
538
704
2134
1011
1965
6239
240
106
242
785
2084
1308
312
131
1448
108
765
391
1411
1713
317
694
871
12
173
1131
765
525
49
1892
23
107
421
800
271
732
851
663
28
498
1191
371
407
229
1329
285
1380
2687
2692
546
664
61
179
3067
271
1232
623
1771
1557
135
152
794
1464
166
516
1767
1127
630
1165
444
1050
267
253
3323
1518
3580
1517
3775
345
292
60
455
653
69
727
282
1188
655
164
143
1100
1330
164
284
1710
3047
430
852
728
1163
132
1027
940
287
350
566
1654
420
1124
73
1285
1459
816
2689
242
639
15
1739
1598
1492
2994
532
572
949
1820
242
2071
65
701
156
1695
190
2445
1757
26
668
1369
2471
2184
255
54
1795
624
2350
852
283
868
3576
1841
2115
3439
1489
1119
300
1491
554
637
3106
3406
306
2338
272
2771
1687
38
346
5278
69
235
1898
91
1410
1214
1552
881
388
247
582
3314
615
1389
161
939
131
3988
187
316
1400
543
2654
878
3673
669
1301
431
4828
212
49
311
559
1222
188
2237
212
136
616
4253
1037
5
5642
209
1018
1340
674
1088
2664
448
1974
1979
907
465
1409
311
367
1016
87
1682
760
728
3097
720
548
429
363
79
1778
573
613
18
1131
3911
717
3801
1249
2565
247
1299
94
1824
576
308
426
395
2012
43
234
319
797
1613
1035
440
122
339
1545
1413
1257
655
457
501
714
379
174
984
117
3582
332
960
610
317
2088
87
2905
204
1388
550
496
201
117
715
24
614
184
515
1692
1659
969
916
5045
241
447
1004
583
455
366
449
1696
1056
392
933
787
2568
123
401
2874
2328
789
1756
174
1046
796
192
126
1002
2904
346
383
464
46
564
1189
2244
232
373
91
388
135
454
750
2436
452
690
1286
203
1222
303
616
580
2672
483
1901
16
434
3419
2
2847
434
12
823
552
800
1171
1704
419
1029
1623
2231
186
985
20
1397
1315
1547
1474
451
552
110
1239
771
1030
2555
1860
1270
1583
82
95
355
1248
410
238
809
1120
53
188
532
1488
3103
1020
953
728
357
183
262
2145
1340
276
1247
1240
615
41
301
420
262
3
1129
518
118
536
1055
839
3712
616
668
845
1458
992
1184
1487
96
912
257
204
166
141
1251
432
53
1415
715
2
254
1795
429
1758
1159
3486
1486
328
98
1211
2058
46
1043
2640
445
395
355
350
444
1467
1380
1237
165
481
1605
1968
1074
77
105
445
2269
155
227
285
4097
1443
880
264
242
1
649
1945
2986
496
497
162
656
4172
2167
579
2617
196
2532
2132
74
736
290
4415
26
2217
285
684
803
1119
179
582
133
421
260
1501
1435
1290
749
982
2079
243
24
2640
82
3779
182
1475
1409
1202
1621
866
301
559
62
161
6434
178
374
1386
86
120
2162
3787
4389
906
300
1254
1635
374
4293
264
1845
408
3574
1504
351
78
1041
715
172
315
4721
496
315
18
187
567
342
1933
57
217
1420
796
136
168
1890
12
335
1855
3526
8496
679
123
525
130
974
2724
2223
153
430
289
2165
593
550
307
707
150
2104
716
2028
1597
242
688
772
988
413
151
619
292
1380
1032
2495
206
1649
1748
269
2270
1481
3051
3423
204
231
873
1279
240
675
1609
204
157
481
733
194
5261
152
1180
1112
1164
2403
296
693
546
864
2682
1278
392
1500
72
838
552
699
1041
624
896
1871
112
112
489
4
612
562
754
191
228
575
86
1726
212
809
666
172
1803
735
2022
864
67
1261
135
501
2
3256
204
1358
761
391
1047
761
253
2033
1805
773
453
710
382
121
658
426
692
210
243
2973
1073
644
619
176
956
3556
1049
1330
2902
1041
20
1814
1768
454
142
444
2636
631
1071
2311
407
1409
485
416
1867
3641
412
500
1432
1390
574
2129
1113
4171
510
555
145
281
447
467
1081
1042
190
73
903
23
2777
736
1945
3422
1036
1259
164
1097
5539
1613
747
2175
498
610
516
261
2045
637
7442
426
1228
452
173
1244
1200
1652
263
982
105
1002
2066
389
615
512
941
735
1889
876
321
1429
1150
975
711
3357
96
23
224
1149
1989
2303
149
1251
784
717
10
167
2496
1571
71
661
367
360
230
2643
1480
959
4272
212
671
1032
2247
785
1563
95
685
158
1547
1426
2018
1475
488
1830
501
69
2460
76
96
742
1652
256
7
2527
119
378
1482
1107
2871
67
568
8
209
2015
93
60
328
1491
765
1258
1233
487
34
2014
456
587
