89
905
229
1488
2025
2259
216
556
301
958
911
1427
895
0
1130
666
889
471
145
1377
426
129
5462
578
1741
190
1313
1594
5057
80
413
1951
321
12
1130
719
121
1909
1793
1083
35
1153
1207
930
1924
501
966
64
49
30
62
537
3060
535
2204
287
730
496
141
66
692
1220
8
147
711
1371
2457
1387
54
1764
861
1219
68
409
1014
780
934
4246
56
245
704
678
390
905
4978
1966
1285
1010
4659
1607
983
3482
2423
1257
2052
466
1982
280
2928
2149
89
52
2579
1502
878
485
264
1039
113
102
1664
2652
1132
261
145
389
1885
1590
1424
515
1648
130
603
1381
156
581
339
1027
1116
2
1977
24
282
897
649
209
964
553
292
3343
305
649
4278
1894
1990
640
556
907
3256
760
1434
238
4955
167
388
1041
299
2303
1010
345
1052
644
1802
964
19
357
268
2409
636
444
2757
756
30
1059
2425
1177
88
168
199
1042
3626
288
673
306
753
184
177
997
285
252
205
799
207
1190
889
312
1370
1169
646
394
545
411
827
47
376
961
1632
23
1439
2316
1921
1560
454
251
933
708
861
3055
578
3377
39
2924
235
576
280
1514
1552
1884
2488
1660
1941
43
135
672
101
988
248
343
1673
675
630
26
132
169
2276
1116
685
2425
2105
183
1092
1643
72
2564
115
33
893
753
151
583
8
2470
1181
1760
3065
3179
1350
1333
6185
1353
267
48
829
420
481
99
387
327
108
1
1063
492
15
2093
1242
436
335
1232
775
1022
1395
2249
4021
1062
195
1676
235
2032
3992
1596
1936
674
2184
2978
2549
1294
458
452
174
377
2337
1143
49
99
2220
417
5769
98
651
3218
125
959
677
1414
260
15
2458
123
2030
452
365
16
509
330
2
325
1075
1551
2042
63
1689
1728
288
71
385
2366
234
179
4645
305
1342
2044
83
325
666
194
7
2176
621
379
1539
725
809
739
1292
2541
472
424
286
1620
471
2899
640
709
201
1470
1638
724
572
787
2298
1383
27
128
1511
1071
998
2016
3587
810
334
566
902
2763
1636
2012
1208
127
15
60
185
125
141
2247
152
531
922
239
54
3499
217
27
679
493
2125
1119
856
1137
430
12
3791
6168
1739
193
476
1629
271
288
421
33
3568
1822
5198
66
4834
2967
86
5610
826
185
164
217
1878
4808
368
1366
3297
1519
652
1933
1075
420
137
16
157
647
397
1320
1066
179
1236
738
3460
3028
603
30
1039
279
1250
191
3032
521
208
998
1672
1329
6292
1426
273
755
581
886
318
107
275
1562
1147
69
489
546
499
462
2371
178
773
768
1370
229
280
75
1333
458
68
979
915
396
1951
1058
175
635
1060
408
1080
720
385
278
863
19
224
774
62
4504
913
2345
470
35
699
671
285
65
911
2104
2375
522
62
1029
2290
1477
843
1332
196
1369
563
628
55
1160
515
343
1865
2892
64
3492
396
3091
767
1235
26
21
516
3213
1671
64
399
2052
1245
454
136
1227
336
964
470
535
669
806
1368
914
975
91
331
348
599
3406
81
548
1227
5028
5172
1038
776
2241
373
28
9
302
221
820
777
1
3793
483
21
4848
266
4
993
3352
3468
92
818
276
797
159
423
2073
326
19
603
604
935
356
88
399
707
223
1764
1496
317
1462
184
19
383
4753
822
973
362
3935
1173
209
1216
4044
3285
104
354
694
763
272
1421
2624
108
782
1208
294
2014
295
1096
455
164
1306
946
245
2957
361
712
1069
882
3156
452
27
1252
307
2228
219
407
598
424
238
876
325
88
696
1342
326
285
1069
196
932
597
590
417
111
1967
1986
837
1183
140
1263
1123
435
344
668
554
94
251
1558
22
623
2366
112
425
1158
748
720
639
3414
682
372
4
593
383
348
434
32
227
836
424
384
700
1340
594
277
606
1063
1256
417
88
681
2038
1914
1072
4221
427
511
950
2500
2973
419
1315
212
141
1900
1185
708
1448
2768
2715
238
133
398
3614
1597
1637
180
1885
23
29
494
822
931
1682
1347
2059
727
826
3883
360
1086
443
935
937
192
2146
983
821
424
852
1448
364
582
732
126
27
225
3190
298
325
1473
30
980
3407
755
28
1239
236
224
810
1309
881
697
394
450
168
657
1826
954
309
84
1355
1373
1526
1933
99
2052
123
884
335
794
2662
835
1274
359
2365
98
187
387
97
702
698
1082
482
1066
46
701
167
2476
2750
770
46
2150
1628
2644
804
1091
1088
326
3147
2298
612
203
190
598
413
4407
546
1663
236
345
1772
150
62
911
1535
663
251
1562
56
151
575
607
46
188
3541
501
358
2537
1418
63
310
665
329
3176
699
821
1106
1967
781
417
1961
33
241
2004
1348
916
363
3045
273
2672
1501
1959
1984
2404
659
2532
447
131
648
101
779
160
235
3176
430
1058
1429
472
1256
1117
261
1620
877
761
1648
1962
5616
20
324
832
657
58
717
655
39
872
930
729
682
525
709
441
660
616
377
2537
647
1207
7
31
853
1806
1151
675
556
840
390
149
2042
2087
268
102
1867
1992
1568
21
431
2194
1079
370
600
3048
348
927
639
359
305
1601
667
398
114
2631
76
4657
101
1466
513
1223
1178
1323
222
163
73
2514
668
952
1571
213
294
196
132
262
61
1172
102
1107
442
183
1354
478
104
837
1933
8
307
6
37
1023
513
1858
1164
257
192
137
36
1204
838
741
155
308
3689
1021
1592
1924
452
335
3026
1215
431
142
166
23
544
355
287
828
76
125
1293
121
1144
173
1208
1059
1287
1254
1828
3130
532
1731
463
764
695
468
525
48
192
268
692
