2800
135
107
378
2646
527
764
260
785
825
288
1363
378
122
571
49
49
124
893
40
304
567
35
387
710
120
186
548
235
59
203
1014
363
145
78
1000
2941
5005
172
314
732
200
1110
1581
1658
1185
465
484
1582
269
1307
925
203
567
2746
219
1163
1487
746
662
1336
261
191
146
195
378
1477
115
816
1430
128
340
69
1114
1961
2242
21
3996
101
108
502
348
1674
253
1819
906
20
989
572
893
1334
54
1283
237
861
627
642
321
895
2310
1693
1913
638
508
346
284
27
766
102
1737
422
415
2696
1466
218
978
336
923
547
763
1353
492
3131
965
2279
2433
819
1287
185
230
4524
728
1015
1668
1287
883
1872
95
676
1966
797
1016
71
931
4604
245
23
455
76
1777
477
822
4598
1582
321
546
3211
174
464
635
257
736
340
2632
1046
551
1331
862
80
2185
561
178
2300
29
565
573
1138
1702
796
1393
12
151
291
19
232
848
732
124
752
642
561
1642
1695
778
4
6309
271
356
1370
1136
585
744
304
703
5302
1024
1726
858
441
1045
4448
148
842
26
175
848
948
655
713
720
1628
51
601
89
1681
2810
51
338
26
246
2
1868
1628
1177
125
83
2181
5442
649
183
1792
2336
2301
32
195
160
1663
900
1435
948
503
1086
607
889
787
1748
570
208
2746
889
356
1177
160
2697
253
256
859
1765
1429
1245
111
2484
2951
506
87
1589
981
647
1314
1095
14
738
602
1243
2007
1333
527
102
977
1020
1699
808
90
2054
337
3120
381
1015
557
580
44
2257
398
2533
196
1879
5231
498
1015
84
1547
2024
791
861
1095
1590
615
2076
2019
427
1422
206
466
1069
1127
573
813
746
944
1089
1229
140
2748
2154
1718
409
208
395
897
142
744
1500
612
36
418
735
2594
42
707
1019
2161
468
1335
9
1701
256
841
1559
3486
350
50
239
5724
709
668
2213
349
525
270
1157
434
192
47
221
1503
911
1358
776
590
686
938
2134
1042
1030
1477
254
83
96
896
1424
4
1345
316
2900
1660
925
2083
382
220
346
889
1032
499
599
273
581
17
1083
52
3377
697
640
887
1639
130
509
174
1005
3930
3004
959
829
482
45
612
205
2354
430
749
358
2563
1294
1604
2124
1426
687
1088
3496
64
724
118
1564
816
1512
91
1421
1132
596
1178
402
344
208
53
253
1063
220
204
152
664
218
446
9
68
33
1404
309
113
369
166
387
391
149
2475
645
318
68
212
493
258
1381
4825
740
2363
102
904
1742
672
94
23
232
4503
501
195
815
210
2059
314
1132
923
62
1196
436
2039
1000
144
2532
1187
453
927
261
549
915
208
226
438
22
169
2147
2377
28
857
605
2268
295
42
852
1937
53
6827
3163
993
255
379
449
1801
2026
4265
2775
377
594
1158
1240
296
1886
1534
965
2334
1280
615
1107
2272
2669
3039
3788
95
1791
787
182
5243
323
1289
1280
1383
121
965
392
2662
107
42
207
1036
10
345
927
552
696
2214
1334
2148
2072
397
256
4488
1758
107
955
40
631
675
152
214
138
789
207
1317
1682
168
270
694
79
91
166
287
368
4608
1421
703
312
236
72
855
761
2117
349
766
454
1362
14
1286
236
561
4054
32
338
40
2558
396
94
1610
1808
1053
431
670
1262
393
340
365
1987
35
44
1747
1220
3366
1507
504
2325
63
671
3299
754
650
1306
2679
27
407
185
281
386
745
853
513
148
306
1187
756
1990
601
474
115
2441
117
970
2135
1464
1112
382
3631
1811
200
3139
218
1164
5110
61
1886
1750
1280
1482
178
1131
309
302
804
345
151
319
1853
5
554
625
3165
2490
1396
802
3813
321
145
564
3507
1143
1487
35
125
543
589
279
1223
843
1550
180
617
225
319
2543
239
392
142
585
3195
501
345
76
979
1621
489
1077
814
16
766
362
4
1130
512
54
2588
647
828
12
1012
811
2277
2323
2177
477
2298
1091
781
660
450
994
382
500
1367
3856
523
114
38
1262
398
2615
2022
5096
267
699
310
5
920
75
2786
514
2738
211
993
12
296
1002
2649
62
327
636
960
183
1774
1110
1608
1643
1120
416
427
431
832
1239
904
4
214
1733
1802
312
1119
246
794
1913
1109
540
1008
1883
202
353
5094
914
2321
69
845
1718
1090
57
1853
444
1054
2336
1723
305
31
1334
2329
235
1785
1445
1401
86
946
1072
939
1251
1
100
141
1521
349
1089
356
491
400
366
563
118
492
4
616
88
1441
1048
755
1430
1781
554
95
432
161
1076
462
267
786
1121
1825
3951
1298
1489
618
57
86
313
2416
2412
1146
303
442
374
2448
1331
557
496
274
2396
494
162
440
176
78
2833
608
341
30
993
645
131
342
1107
444
409
156
1172
44
932
1127
376
349
3370
416
674
521
3526
647
62
1813
336
363
538
790
153
321
1630
1604
541
332
165
1758
1765
2986
1337
882
3
172
705
3116
86
958
234
172
941
71
707
417
771
1300
207
2574
634
226
350
1374
1849
1689
1633
120
155
632
231
624
1128
1836
354
1279
274
542
241
42
67
2256
41
1230
4156
537
1785
200
1350
1108
453
28
203
1250
1165
58
167
1022
290
1068
193
416
1787
1583
1396
1039
871
164
130
516
880
757
2351
178
884
249
955
433
144
389
3202
1454
538
371
40
315
59
1545
318
14
2374
932
1540
765
306
24
240
1769
46
1117
88
228
1044
119
1486
1240
755
3043
729
809
571
324
829
127
2693
883
781
1633
63
1140
2104
778
3210
1357
1089
669
1331
2779
1945
427
1328
665
921
209
1437
500
823
1730
