33
120
4
22
48
229
15
9
13
108
152
1
148
69
3
12
270
17
1
142
159
13
12
15
25
9
171
69
1
46
293
3
4
6
13
1
224
79
34
55
1
2
16
3
11
139
3
1
7
4
119
19
64
243
10
144
110
1
211
1
2
12
24
1
5
1
66
4
284
1
51
8
89
1
1
73
105
139
10
4
275
105
1
55
101
1
198
194
205
1
48
15
1
11
23
24
30
53
1
179
1
46
44
67
6
31
1
18
71
70
21
3
191
166
3
264
45
73
36
62
2
149
167
6
10
12
124
220
15
1
17
274
39
61
5
3
23
1
37
1
1
2
4
13
1
290
96
171
152
157
23
9
39
45
51
136
5
1
3
92
17
8
30
284
173
1
1
80
29
3
7
60
6
3
241
44
9
23
7
4
2
4
84
27
5
64
133
2
142
35
3
38
1
27
41
251
4
15
2
18
48
64
232
211
57
2
1
5
2
4
1
18
73
1
119
63
1
3
8
181
6
89
2
22
148
67
26
1
1
69
22
42
120
17
39
4
47
124
83
108
10
9
92
15
189
71
267
196
85
12
1
123
1
3
33
34
12
14
16
168
1
24
2
34
22
37
174
3
16
195
1
39
24
133
26
31
56
4
2
45
15
58
3
10
2
25
169
2
100
172
28
1
122
8
3
15
20
52
2
2
2
300
219
6
11
56
241
97
25
24
257
1
16
237
6
31
2
2
1
19
5
177
62
249
108
6
293
80
184
90
157
49
34
2
26
1
2
62
2
17
235
88
189
129
54
22
12
202
25
4
70
36
12
19
53
6
21
13
2
211
24
35
2
161
39
9
27
213
2
91
7
1
101
1
9
2
292
131
63
17
230
2
82
167
133
15
1
2
9
57
65
163
2
21
13
175
8
98
177
197
34
3
52
155
62
20
3
133
37
90
96
13
2
1
298
28
173
2
293
271
1
1
128
1
39
120
1
227
90
25
110
12
5
244
82
93
19
53
144
9
45
121
98
130
42
2
61
7
1
82
2
15
1
22
140
15
8
5
73
266
1
1
6
8
78
56
57
123
298
12
128
2
8
244
17
216
22
5
35
3
3
126
163
103
68
56
63
4
23
43
2
45
1
213
35
61
2
4
95
18
6
14
147
43
102
14
117
132
42
1
48
247
234
126
27
39
190
156
25
70
73
63
167
133
37
72
98
17
159
21
1
53
199
67
143
5
207
300
152
275
46
46
6
174
92
247
233
132
4
1
9
4
136
45
99
1
235
71
65
18
2
71
257
2
239
4
20
29
1
139
52
6
8
15
2
16
2
4
4
18
47
125
73
14
45
13
15
12
293
3
7
242
16
23
78
2
41
26
1
158
1
67
90
3
1
11
48
18
8
226
122
73
188
16
2
33
190
3
2
4
20
255
20
58
299
95
3
300
10
34
66
90
91
7
240
98
2
17
102
89
168
6
70
264
161
149
98
9
235
255
63
36
21
40
13
4
3
1
57
3
178
131
80
72
5
108
148
112
51
21
13
6
16
38
78
1
255
23
15
131
40
2
28
11
1
110
49
2
12
264
13
16
86
293
218
296
86
217
6
1
21
259
16
198
6
31
1
11
36
17
5
2
118
41
119
49
1
4
1
187
135
23
9
6
204
3
22
11
141
20
5
111
38
1
262
1
3
7
10
108
59
136
54
8
299
1
3
103
24
14
44
6
299
30
80
7
128
54
145
73
2
2
91
67
7
7
1
226
128
6
232
7
233
285
10
3
15
3
51
2
23
2
51
60
124
43
6
13
6
55
172
5
10
5
91
27
24
18
127
33
9
48
1
143
38
169
1
260
258
142
6
198
234
46
13
15
17
13
1
72
14
10
78
33
189
87
10
135
54
155
27
77
229
127
136
88
222
10
1
26
2
102
82
300
31
184
10
11
58
11
215
251
47
157
2
21
26
5
9
2
241
135
59
10
236
229
5
5
191
3
25
119
238
13
265
32
10
4
52
294
218
17
47
23
3
5
13
3
3
49
50
62
27
64
4
108
77
45
1
159
141
237
2
14
36
57
5
2
116
81
20
131
183
27
87
2
113
11
1
84
3
6
107
214
122
234
103
153
169
1
13
2
1
1
22
15
27
10
246
152
90
38
154
107
1
264
109
152
30
137
19
3
121
244
271
54
55
6
45
1
47
4
2
49
102
81
284
15
11
9
7
96
19
91
1
77
49
88
214
271
5
208
1
36
107
247
100
182
25
1
279
21
38
116
46
50
12
145
101
2
189
1
3
63
44
25
21
3
160
39
150
23
2
21
19
3
64
5
280
32
2
30
24
53
202
5
68
172
29
13
12
3
161
6
2
58
300
98
81
3
1
253
2
213
18
190
11
88
115
3
65
24
32
47
23
127
1
188
154
178
89
19
13
3
181
111
149
2
199
98
1
209
75
129
1
