22
11
198
77
3
182
14
5
226
279
12
75
19
18
181
7
6
8
100
68
3
133
19
35
10
12
50
4
13
1
1
6
4
55
102
97
1
207
17
74
149
169
35
11
63
12
109
243
137
235
1
1
30
33
17
53
62
116
42
173
82
211
271
13
95
52
12
55
53
252
8
32
270
71
2
92
70
57
38
2
6
263
1
32
82
94
12
108
1
61
40
1
2
60
65
15
90
1
194
41
29
166
23
12
5
127
5
69
6
35
134
74
223
64
4
18
180
1
2
45
38
9
7
209
282
5
134
1
5
8
39
182
27
14
286
12
3
67
103
105
1
60
6
77
1
2
54
49
42
24
1
239
31
152
17
3
16
250
210
3
95
49
117
26
246
158
168
242
113
154
10
6
1
228
88
9
4
2
108
10
139
83
22
8
1
296
65
7
18
8
11
17
22
7
28
4
46
21
33
52
21
288
3
6
149
3
33
18
20
1
1
52
4
10
39
21
51
136
222
13
53
5
8
5
13
188
20
87
42
172
3
51
209
10
233
10
1
43
184
153
61
237
1
73
122
81
84
9
133
19
4
1
20
75
49
50
14
162
237
2
2
8
32
56
203
51
2
5
55
11
39
89
89
170
17
194
27
12
107
8
11
5
104
64
5
12
29
174
36
1
72
3
110
1
3
18
54
11
86
76
2
91
15
232
3
1
14
184
25
57
76
12
58
34
140
18
66
222
19
2
194
190
15
103
93
13
12
14
84
60
21
157
16
4
12
86
1
182
45
129
39
21
1
40
59
267
74
195
1
179
15
195
128
117
29
152
73
8
188
53
6
4
21
134
2
66
1
27
4
300
128
143
1
47
2
256
9
2
8
24
6
173
1
1
17
30
6
4
33
35
13
3
29
103
142
4
33
13
6
12
40
15
12
3
159
17
125
61
17
5
27
30
277
37
87
1
11
217
174
220
32
243
2
7
25
75
210
25
19
54
41
26
39
11
50
289
83
27
154
19
7
87
26
46
38
7
1
58
47
27
38
27
4
91
11
212
2
149
4
2
148
130
21
5
157
9
10
9
218
1
201
4
6
31
95
157
22
65
149
195
46
5
1
158
12
175
1
244
38
106
7
45
1
126
71
233
257
3
4
54
122
13
15
261
205
4
163
1
141
4
144
42
128
5
49
253
64
15
3
96
23
2
136
110
33
9
220
131
82
37
39
169
146
22
51
250
12
15
7
75
21
68
37
165
290
141
15
223
2
27
99
158
180
213
110
13
158
207
293
123
3
2
11
153
208
9
2
65
23
4
215
2
78
11
7
1
220
2
8
27
77
223
6
52
25
2
118
4
51
136
63
56
29
123
173
1
27
21
6
53
259
7
19
7
122
291
108
26
45
20
6
160
97
168
1
109
2
2
170
1
123
107
12
296
2
6
42
1
140
14
42
29
4
242
250
228
191
1
83
22
268
10
89
70
194
55
138
4
6
142
19
149
299
5
8
97
2
76
19
252
2
25
5
1
1
80
30
1
202
25
11
45
48
197
294
12
30
67
200
156
132
10
1
121
2
8
3
5
163
111
2
228
4
18
253
22
21
14
16
42
2
181
2
104
5
6
126
157
32
66
3
2
8
2
229
37
89
45
58
134
4
107
278
19
2
2
5
143
4
108
107
110
54
5
35
66
109
23
1
28
8
175
3
51
70
59
6
102
112
83
2
28
113
35
134
14
149
6
197
72
52
162
91
29
121
24
3
193
82
3
179
50
1
100
52
90
1
45
1
162
155
259
101
157
127
7
115
80
10
2
260
8
132
17
264
1
5
3
6
142
250
5
29
76
41
7
8
121
16
11
115
43
109
48
50
111
11
2
1
168
17
4
39
15
12
188
239
252
4
5
9
18
76
2
1
7
164
35
12
233
81
93
255
220
31
108
3
137
8
47
65
31
19
22
21
40
152
2
1
5
1
195
1
20
4
240
34
14
2
202
57
195
28
149
201
96
27
16
3
1
14
80
50
7
203
149
255
3
1
24
9
1
254
41
1
7
26
6
3
2
2
1
3
124
98
103
206
15
240
1
183
271
11
18
155
114
21
6
3
29
1
1
232
10
24
88
222
7
1
253
128
274
101
36
1
1
169
1
63
8
3
229
7
6
1
29
2
12
1
32
24
72
154
294
43
95
1
101
32
5
238
5
7
270
85
6
1
3
43
64
137
213
67
45
66
7
167
4
3
18
105
1
1
1
7
5
2
7
149
20
27
294
2
11
30
1
132
75
3
232
234
77
25
258
138
2
223
134
3
2
158
4
245
58
193
2
2
10
6
175
19
12
1
295
41
8
55
42
2
1
1
6
17
75
1
28
1
9
1
18
180
19
122
55
3
8
3
1
34
1
262
73
6
25
1
72
272
36
4
60
3
1
1
269
13
216
78
2
13
88
13
64
6
3
198
