1
5
1
286
254
1
103
1
7
72
27
4
62
189
2
3
3
173
59
158
1
3
4
9
12
15
150
82
234
124
1
40
115
43
17
78
3
5
201
56
219
7
69
1
176
216
1
21
5
120
33
11
2
140
8
3
3
44
1
8
14
203
128
12
25
51
3
4
16
122
15
2
4
124
60
103
4
1
2
1
103
2
180
25
282
292
3
290
288
16
100
39
186
3
2
101
5
30
15
5
73
66
1
76
252
2
142
1
15
13
3
4
70
112
202
63
91
4
7
5
48
64
92
287
270
101
56
1
115
8
290
41
9
32
14
172
7
5
79
2
30
2
23
19
113
16
19
1
89
202
52
2
10
118
4
5
228
52
80
2
9
12
28
53
7
21
138
1
251
81
121
10
1
17
19
1
16
64
142
11
4
3
46
87
5
50
1
1
6
78
168
1
186
65
79
3
9
3
34
284
8
9
6
49
5
240
195
1
44
94
19
23
97
93
110
1
44
193
51
29
1
25
119
149
101
201
30
14
158
8
8
257
32
4
48
4
294
1
1
205
51
17
4
1
2
1
73
4
83
23
236
1
46
129
74
129
3
99
269
10
213
28
100
98
188
114
13
196
13
53
3
159
2
12
71
27
4
25
130
13
4
4
148
3
276
64
1
44
1
1
87
49
4
62
260
293
182
27
3
227
53
63
2
32
52
1
45
3
20
3
187
1
12
41
31
11
3
25
13
2
4
1
7
16
69
2
27
70
22
1
14
4
21
52
1
83
6
2
4
37
7
65
205
74
1
9
7
20
8
51
1
139
26
297
3
3
181
230
6
29
86
63
3
129
243
127
12
72
42
27
12
4
63
2
26
85
112
141
159
9
12
115
9
18
137
278
1
47
255
3
131
3
35
18
4
8
47
53
23
6
27
44
4
149
1
33
191
9
54
1
4
80
2
4
59
140
26
8
25
9
1
123
20
46
1
31
98
44
2
75
122
48
3
297
5
43
10
131
48
54
77
1
8
159
13
2
8
32
19
69
29
9
2
196
99
1
126
21
1
27
197
31
113
3
32
148
251
278
96
255
7
53
57
53
3
275
1
34
4
16
3
23
3
3
57
31
284
150
88
178
53
85
4
40
17
148
291
1
1
291
95
48
13
1
1
5
7
54
145
49
97
34
75
1
5
74
135
156
1
7
264
132
147
4
50
18
49
18
120
15
208
116
1
28
217
5
3
31
111
102
34
7
182
122
87
24
15
7
3
1
51
207
11
72
8
9
281
7
1
1
40
256
101
104
260
212
63
5
102
44
5
37
29
28
7
218
1
173
48
37
12
7
3
30
138
154
1
207
2
34
1
9
93
8
176
1
12
264
36
66
8
44
198
145
1
2
1
62
3
118
175
281
56
2
5
72
217
218
3
79
229
1
1
11
73
95
13
227
17
36
6
2
1
2
236
3
25
132
6
8
1
269
27
159
27
25
28
272
1
175
216
31
13
96
247
28
172
54
77
186
4
31
3
252
76
42
151
3
26
6
42
63
1
105
113
1
196
3
46
10
14
158
3
234
44
1
1
4
141
231
3
3
38
24
172
1
27
15
53
1
2
59
10
107
5
24
5
1
57
2
166
2
148
212
72
195
3
111
3
1
38
28
55
138
202
1
3
158
174
99
8
222
2
3
7
1
144
2
8
2
20
294
76
208
4
291
97
128
30
53
257
161
107
34
300
80
3
99
159
91
10
2
225
44
131
35
19
4
72
16
49
122
18
168
154
11
1
18
4
69
238
134
170
77
23
242
178
174
121
188
4
217
65
98
139
247
31
101
18
7
1
4
7
11
7
1
8
43
3
158
28
37
207
52
5
64
295
67
77
106
3
46
1
256
4
179
264
120
4
232
9
2
1
46
2
12
90
1
38
14
8
3
43
5
80
143
39
28
1
18
2
156
9
1
2
44
13
21
225
1
29
15
13
4
40
31
6
164
147
6
111
31
2
104
37
17
155
84
2
257
66
5
13
71
1
1
177
4
29
1
106
1
25
3
1
1
221
7
45
110
77
4
19
117
21
17
175
40
189
6
5
143
62
15
2
142
4
32
238
263
137
2
47
12
17
25
77
3
33
81
1
3
285
1
71
69
13
122
171
118
14
29
282
16
5
156
3
1
36
18
3
18
71
157
8
69
29
4
193
103
126
5
2
264
176
60
44
46
259
56
9
21
53
203
30
22
1
4
110
42
51
2
8
20
1
107
156
5
247
138
107
186
59
30
153
5
12
4
222
12
39
16
2
36
188
10
3
1
3
137
141
10
83
57
7
264
1
123
27
133
20
16
8
11
1
218
26
202
7
1
164
156
209
82
249
103
169
244
10
4
211
6
9
17
3
12
132
41
1
7
1
162
125
62
64
2
231
14
57
106
25
11
43
74
67
14
7
1
5
2
1
2
25
225
102
