520
22
2517
1965
853
510
270
3026
98
1080
417
814
396
623
780
2087
123
500
512
448
1948
414
1856
182
3356
167
208
107
1525
2140
1285
1933
978
1472
1471
1549
246
722
144
252
347
1599
430
366
145
353
105
4334
4335
2491
3308
338
209
339
517
209
25
2530
1333
364
382
2330
1539
1329
66
324
2627
312
1188
952
1220
1811
710
140
760
147
532
2389
112
73
207
944
921
210
563
1656
2393
1524
67
401
1073
951
1728
1678
380
2075
1323
1013
219
185
2435
1078
2419
1492
1128
272
1508
991
256
2323
384
577
1085
12
197
211
580
264
2341
198
962
1040
51
3
1497
932
1642
1200
2794
1003
838
207
328
414
4471
42
70
3156
1021
2849
606
127
662
1623
856
302
2889
1366
1053
120
846
1260
23
490
779
2016
837
208
3536
71
1322
1017
1050
453
1507
18
1129
580
183
349
209
508
3360
172
1400
1074
2881
1372
658
2814
77
1116
153
563
567
1000
4210
105
246
202
67
1515
756
1830
735
80
237
170
2056
1570
2520
263
1108
1624
816
371
175
322
229
1717
1059
311
859
1079
156
2029
3093
502
2200
19
2267
657
1021
43
336
1527
323
2185
1697
7
115
797
1918
2874
1356
1041
585
496
78
1043
354
334
2555
2516
384
1243
1756
42
461
705
1866
582
437
85
3452
2168
407
723
2949
1178
272
346
345
111
1985
562
920
221
736
206
1343
67
1194
295
531
2103
16
5271
1184
1964
1068
519
2021
225
237
930
429
4
92
105
2536
317
308
134
181
1386
530
808
1268
1601
76
1235
47
2897
236
327
1725
2278
1471
455
59
109
1102
119
3212
983
343
1758
2520
1797
943
660
1046
185
1196
1069
994
704
199
1923
2331
415
231
34
790
1582
1091
629
300
1050
441
1023
1106
1512
403
1163
587
830
1613
288
368
1506
2081
452
50
1353
155
11
290
57
1452
22
1290
850
667
858
379
870
562
856
425
1357
129
1322
313
355
1675
729
637
1797
1398
82
1323
1084
529
1866
662
846
187
1066
1350
41
197
1914
2691
4235
12
759
836
634
1348
5417
142
944
268
1995
38
2803
4212
1662
2372
241
1359
23
1077
2126
405
2352
430
84
738
398
338
674
2868
1766
128
549
11
1925
1199
2640
373
4615
1
189
183
1409
150
184
75
17
1271
776
361
689
1297
411
888
2199
385
1051
3803
499
473
3394
1968
366
2301
66
1839
1329
1071
173
1786
235
34
1738
258
1813
2779
327
1719
407
3993
674
1774
442
1683
1022
1051
1972
1620
869
781
2321
784
494
5665
128
818
2723
1009
770
1488
792
14
1256
1142
109
2960
235
468
223
417
253
541
824
538
156
1501
7084
600
216
2406
850
1073
116
192
139
914
207
1319
478
416
3864
1
788
41
4244
892
125
120
1737
549
1599
819
876
1146
2423
464
960
738
1088
1179
640
203
1612
71
364
614
922
682
359
1994
1306
1367
615
2649
624
2369
811
1365
236
1525
2334
124
1933
3027
273
936
188
578
905
243
37
173
963
2117
657
70
66
1001
269
1409
16
150
243
1549
841
879
865
1286
1396
1350
1118
3536
1717
4258
1690
739
2347
1582
830
2020
208
2477
5285
249
3336
1367
118
48
9
202
910
444
350
232
1859
349
1269
3249
460
56
1062
1921
332
2660
1063
1652
793
69
379
661
517
324
1191
114
502
79
845
994
936
1176
1739
305
768
338
776
1591
214
14
1394
415
3905
138
738
1090
1689
2440
152
1583
1964
11
201
1796
366
81
125
572
1133
1281
2289
1466
33
894
153
57
153
479
298
185
35
2031
1055
403
2321
193
937
2266
1573
423
1538
3451
1344
297
362
46
135
712
2704
343
1103
1586
1902
1048
972
1465
11
382
864
1845
3545
601
302
336
517
3092
366
981
864
710
3337
31
430
1472
255
2012
3009
1062
169
300
589
977
191
2965
1057
217
337
1684
25
290
102
887
758
2608
550
990
188
1345
2246
144
1878
1116
334
522
1054
1309
3235
2300
33
409
26
928
120
309
1803
631
379
2156
96
130
3525
21
208
238
1461
394
779
2072
3327
744
4
1061
451
251
1353
151
266
3286
993
2647
351
386
1546
862
728
1590
501
876
1548
115
898
421
47
387
745
1082
361
281
2840
151
1329
114
461
834
2112
413
510
365
227
2399
470
692
126
1747
229
1059
482
1787
1497
1154
839
48
660
872
264
384
324
998
841
1270
153
411
0
464
519
1395
470
440
696
372
1737
212
3516
1261
592
604
2238
1902
469
2546
160
450
511
48
245
162
297
1057
2512
822
3251
308
8
1159
1454
366
2587
2991
1043
1571
3030
120
23
1613
287
1080
2398
217
2818
619
656
1181
598
1750
5147
762
92
436
3014
234
505
220
462
1389
607
235
670
565
717
9
2604
3745
2074
750
299
319
61
268
584
739
1747
2619
562
119
930
738
593
1316
37
454
1947
1431
1398
602
2455
578
2395
1294
3614
153
355
636
664
370
1285
630
111
1442
754
57
4
2231
902
1854
197
2549
6
382
17
112
3538
625
2597
1314
462
3329
381
1580
1609
2854
347
1500
658
1975
508
4088
1038
23
209
1578
4250
1383
496
678
364
91
2493
95
325
94
307
344
3901
3315
1632
176
792
671
2797
416
220
1254
168
86
40
134
1170
239
751
1988
391
886
1532
1467
775
178
427
382
2467
868
7
1
1116
525
1220
116
1622
4236
916
928
441
818
881
479
73
438
826
586
1140
899
118
301
1297
1285
412
858
1277
309
482
1187
429
145
2697
679
150
2439
422
1536
94
129
166
141
268
415
83
43
745
100
4022
1694
1240
3246
