584
1163
162
323
302
337
163
783
1153
1556
121
1147
454
379
90
2321
3769
1035
2534
797
245
265
6369
797
1231
1192
2030
809
147
95
136
634
1167
759
1772
123
765
1155
449
122
8
248
7779
1647
248
1152
784
226
857
79
576
81
1519
290
776
2552
729
223
1599
135
317
405
295
249
456
2755
1245
335
479
476
2361
1872
2390
1736
240
256
24
2361
2085
1236
365
950
792
641
648
1188
14
2344
603
1197
2928
392
245
3095
250
697
697
1
726
90
3770
3490
87
704
108
134
2377
40
2690
4198
1064
192
1537
853
33
1458
487
752
6704
3774
3946
541
238
517
663
2862
1030
161
253
3177
2144
857
47
146
138
1165
449
3568
2441
157
2087
56
794
110
2937
112
1153
1015
132
373
2031
78
975
491
1914
822
2033
1096
231
250
1244
29
1205
49
696
473
898
890
662
3578
81
685
1104
1239
561
216
720
734
272
234
2085
857
653
7340
205
1003
812
1339
1114
1717
223
197
939
295
2845
1641
882
2821
44
155
135
1151
3441
1046
73
1785
1476
2445
655
28
33
1343
491
1863
195
1157
2859
1245
1655
1263
1950
223
1640
264
36
1037
674
1216
206
1724
1953
2548
1551
207
1256
657
1164
449
604
0
798
1849
10
824
1119
3909
423
1301
622
2473
150
3980
633
2531
778
2734
1608
1701
1431
38
490
2225
524
65
773
1266
1511
446
1727
2470
2466
530
1155
644
1479
1882
1329
124
1949
1929
706
1031
1768
2139
368
629
1289
116
112
1473
2536
175
2272
1388
2781
72
1179
1142
929
1467
142
1086
2061
1382
297
998
1668
395
315
536
702
566
213
173
2918
1190
1302
1729
176
65
744
3
924
635
1094
2413
1937
3239
1801
674
282
27
387
1121
1827
8
478
143
507
211
1190
1738
397
1551
230
2572
866
353
509
590
291
492
399
1788
1154
2003
226
1207
1052
672
686
296
623
128
1729
1059
756
12
1457
176
776
0
101
3085
809
2026
372
96
1371
1400
1576
197
972
79
612
140
378
674
882
615
4297
263
1290
1374
1111
4769
1688
80
1151
1880
3614
318
53
2202
1174
288
423
281
471
941
349
1290
404
1313
470
395
100
1
95
1769
142
12
916
602
367
4
600
1650
897
19
113
2409
350
33
815
277
649
817
1867
1001
1063
4190
192
494
2038
3221
786
428
3353
696
298
449
286
1422
109
1140
2484
1614
1105
420
211
756
149
1900
344
1526
344
849
282
237
2172
95
349
415
491
2052
345
294
506
1275
3066
90
226
402
111
21
653
1353
244
184
446
673
682
523
1028
556
70
346
1207
697
344
180
166
430
245
409
393
781
231
350
2908
20
413
818
630
135
5
1639
346
1289
1041
260
138
1362
13
976
314
2201
4
3534
82
195
41
976
181
1385
1673
160
234
179
1549
1300
3072
116
309
73
2910
383
198
378
87
787
63
1217
130
336
197
1023
957
1287
602
4324
273
22
761
1076
378
239
606
599
71
87
19
213
143
147
633
2653
363
1952
1515
1584
8
213
798
67
2615
160
113
81
691
1697
5061
295
20
97
458
1711
85
496
450
144
2536
3794
234
55
2190
841
929
773
767
2101
290
429
241
1081
1036
1159
189
156
570
2707
1875
419
60
1775
3
1251
262
1706
708
110
589
689
3440
1583
966
2887
261
1698
34
382
2319
50
308
124
809
298
11
1341
1407
3684
208
1725
0
499
316
1796
1371
331
76
337
1342
160
77
1296
8
1585
1117
1221
18
1316
333
941
2063
4805
275
762
1596
2412
2814
606
197
150
2470
129
1274
195
696
281
790
1181
770
317
730
405
164
435
11
1203
2471
1776
1494
1315
83
3642
1259
2225
1637
3245
261
165
1675
244
87
22
757
314
2354
2043
620
1506
860
1613
68
2139
49
378
740
4338
378
150
134
1116
931
2941
241
55
406
2001
502
619
134
1467
852
407
285
32
259
1168
2939
321
1895
409
338
424
735
1939
1302
134
665
1627
9
22
440
514
1725
1715
1085
423
2260
211
231
77
359
22
237
3184
2264
282
989
421
2505
2196
3329
202
1578
702
469
853
558
525
642
999
421
14
861
2746
248
892
1097
1371
176
270
1000
759
1422
171
1248
351
1414
488
1414
1053
4189
1465
2083
1187
1635
971
190
458
871
354
106
1388
589
1879
569
484
34
109
49
392
511
1802
254
315
1846
598
363
1500
1026
1013
357
2840
1204
515
3202
334
430
304
1725
764
559
1016
4763
522
2778
381
1052
745
2012
1126
993
42
784
280
34
217
481
2123
1267
380
457
575
800
1768
3108
286
1991
691
715
140
681
1019
474
1469
3918
1077
1536
153
2432
1375
1519
1770
3007
1293
3238
141
2738
1294
648
656
703
67
32
839
1097
1316
461
529
1219
166
2005
243
714
2649
474
2797
761
384
1149
244
58
307
553
955
1820
58
225
4231
2538
1198
48
93
741
1334
1328
206
154
1290
199
1597
235
3229
531
118
534
573
623
563
389
200
413
309
784
356
2567
548
1517
1429
504
940
2354
1336
1862
235
702
1718
269
45
71
2023
1729
205
1007
1016
535
2931
1861
849
1870
587
1295
1308
1250
1853
1211
1334
480
709
1009
452
1588
318
1196
428
3056
1842
655
530
1314
667
376
256
300
1327
153
57
507
624
129
1609
3402
2757
511
2326
862
577
924
24
343
78
185
778
192
233
2995
1726
28
2788
4244
1132
1297
17
151
183
4898
1591
845
295
218
2219
559
3505
335
348
4388
1383
336
517
2175
284
80
26
79
1801
1001
440
1417
791
1481
1759
408
93
123
131
572
756
749
2264
533
177
484
