633
1213
608
507
1335
3667
40
424
304
1132
936
2131
428
673
529
392
417
196
695
912
2545
956
2097
243
2837
847
1093
860
134
3285
240
65
490
2781
808
2633
1483
1332
147
928
3861
1034
1167
880
35
105
2200
1961
2108
2300
1105
2464
726
531
817
663
1199
128
862
705
190
761
456
719
684
761
990
676
2726
176
3675
864
785
26
614
66
1170
215
3161
1384
167
1461
2251
2849
1192
773
233
1653
1284
12
893
458
1201
846
806
465
291
1441
1470
1200
1672
66
290
526
600
772
952
177
290
2908
1898
680
480
507
1355
2141
957
1929
346
850
1145
714
1627
66
2210
151
206
1568
613
2335
515
5823
120
42
3
1619
108
1025
953
100
2784
2083
115
3339
171
1035
120
269
394
1074
267
651
436
1164
229
507
1555
78
770
831
1617
415
783
2696
2549
1021
513
1378
638
1070
256
3720
4334
140
614
202
287
172
304
163
505
425
95
1858
161
330
279
2440
1073
876
982
56
1892
1856
3657
136
118
190
828
301
5
1384
297
509
1628
1195
352
942
862
4247
606
789
308
64
1306
2538
196
852
995
474
225
1132
958
130
186
235
87
1112
2734
1353
280
2470
1513
688
4704
1096
131
651
764
2839
938
492
785
1127
438
3382
1217
1144
1156
2763
662
249
1336
33
554
64
242
1144
802
643
94
816
137
1009
366
1590
2625
818
1093
261
821
1197
2247
594
234
2758
563
199
952
682
604
531
469
278
1743
1363
771
1912
1904
170
931
3015
1139
980
411
2800
270
696
300
440
117
5397
34
534
1823
921
751
1564
474
3878
1184
442
2771
42
834
277
398
677
19
123
243
116
2311
381
633
236
66
213
2377
939
3201
3350
1890
2924
76
431
526
66
823
493
273
134
1117
4339
273
429
1687
427
1323
1395
4457
375
874
147
757
1080
939
524
396
855
261
2007
2223
886
51
2707
1765
2061
277
203
1135
1351
2359
482
2450
34
800
2620
123
65
93
510
181
163
1971
57
2345
154
926
2574
1163
217
391
3462
2736
980
99
4061
1421
165
177
485
1665
316
544
6
1809
3170
56
719
1025
2363
782
978
159
736
687
879
3995
565
247
526
982
1369
290
308
1140
1873
1430
137
173
762
365
1040
10
1263
366
546
524
639
775
501
4208
1184
429
45
1100
861
285
173
2417
392
193
1
843
999
550
120
1474
898
2006
854
772
1880
207
467
305
519
433
20
949
101
369
441
835
584
1656
446
436
442
62
248
809
124
1313
1102
1774
104
1834
1079
92
1940
327
720
688
3069
600
1424
50
56
2163
874
3498
519
1703
708
637
1483
151
841
550
872
405
1057
664
629
53
235
5495
479
5761
1332
1942
2728
464
435
2331
515
89
1590
84
47
1166
2746
1359
347
1257
1142
948
791
809
825
1276
205
1480
24
1377
365
1187
1625
801
350
2002
434
1101
973
1341
205
488
173
197
1249
85
388
510
327
106
76
395
1016
862
870
5442
292
2515
2122
2068
1658
501
450
212
1838
572
133
1569
2480
945
157
265
1016
243
37
1485
407
111
3263
541
568
958
737
878
1534
2777
347
1954
26
249
1857
519
573
2313
2890
658
300
3714
1470
514
97
457
1270
600
1888
1523
289
2107
499
814
1194
1177
2030
814
2532
1103
1355
261
1701
345
718
1022
562
128
1633
274
355
146
252
1957
316
1661
503
3792
88
22
369
490
580
945
20
1418
1235
1109
739
175
221
41
4321
1187
659
624
416
858
591
476
466
646
853
2299
449
459
430
523
1025
578
317
641
1829
1616
301
72
1025
952
3760
334
4078
1897
235
645
588
500
2922
118
2675
54
191
1715
786
4313
197
422
390
183
1312
2300
8527
473
519
87
725
722
888
119
707
403
19
554
1405
292
1557
4047
1916
776
1646
1
23
1601
738
381
1256
283
1817
782
1089
2691
1627
1270
1365
852
1108
201
1604
1280
120
155
97
33
243
202
477
1428
428
510
29
343
19
958
1903
2296
1163
636
1397
3
1123
1753
1299
31
1280
185
1704
1711
560
328
1143
1156
1040
1331
557
1078
1033
1013
2403
140
1193
1590
9
82
78
163
828
139
1312
2731
1934
297
1098
361
636
325
415
160
975
2819
3354
194
2838
488
69
1539
2343
2298
1055
252
1350
760
538
858
365
752
32
342
450
148
225
2981
2666
1303
212
2076
745
1599
2337
633
585
872
1730
408
2740
728
1567
2040
49
520
2761
1159
636
1245
1887
925
310
681
2136
2899
602
96
1015
1132
951
2003
567
2144
557
27
780
4309
190
3958
193
1089
159
1436
1151
1109
1465
1591
267
73
639
132
1005
319
164
223
56
2044
621
2107
709
1119
430
1761
251
461
3995
174
291
410
1682
118
1184
95
875
70
29
1615
3759
222
1019
1988
1045
1202
180
761
105
3486
1345
322
745
1311
4306
2119
299
422
1115
326
1547
465
989
951
1131
1565
79
1235
89
570
89
448
1446
2325
139
838
761
166
1994
216
35
1512
1018
19
609
188
717
430
102
60
722
1879
1461
850
1053
1517
112
84
394
215
480
64
682
1705
1918
1751
464
2514
1023
4602
1029
410
63
367
541
512
2383
4421
498
691
1479
1170
570
1179
1156
1929
362
1234
1681
281
1502
522
818
509
268
357
1925
447
620
398
178
305
101
106
106
2320
575
230
141
400
925
301
172
1007
841
545
824
2439
206
2489
452
225
50
193
3341
781
526
1571
134
447
373
3705
333
86
339
5
930
249
653
1582
725
642
408
1869
854
734
221
298
923
4459
2880
372
634
1646
303
1353
4173
159
19
855
520
361
