4
37
3
25
24
55
26
93
49
55
13
7
2
99
255
15
8
6
8
1
19
35
95
21
2
17
25
214
78
3
112
6
61
32
113
259
2
132
81
86
1
4
2
198
235
123
21
1
1
1
8
26
14
88
243
6
51
72
222
37
105
277
4
1
129
54
267
1
195
159
219
3
146
27
23
63
112
2
1
118
18
22
54
26
11
5
44
25
32
5
4
122
3
8
130
62
140
1
85
39
293
161
2
25
55
9
86
93
231
247
22
231
4
46
12
160
20
33
3
1
3
12
6
7
2
7
28
9
2
1
38
266
24
4
8
120
25
294
110
53
221
1
34
152
47
15
24
14
3
220
32
9
274
7
153
54
46
5
1
1
10
75
31
218
3
228
1
180
19
87
2
286
11
1
110
4
2
151
50
1
108
111
11
16
55
143
15
123
109
34
106
1
65
1
45
24
5
80
1
91
29
9
14
201
109
22
85
117
173
4
13
88
3
199
18
2
1
7
116
4
1
1
291
2
195
84
2
3
1
19
12
1
52
256
32
130
3
27
214
19
218
220
127
32
64
1
140
177
6
35
52
1
24
1
42
135
2
21
39
6
5
66
14
8
169
191
22
17
1
7
14
83
140
6
25
187
160
15
174
1
28
122
34
25
217
63
22
95
3
244
8
1
1
169
41
161
12
14
131
183
34
22
8
174
81
3
2
2
10
13
6
10
91
4
14
292
166
71
1
154
37
10
55
83
285
2
6
135
14
5
1
9
116
3
20
242
189
9
2
268
114
8
1
199
13
106
15
264
32
7
140
9
83
140
23
1
26
62
145
89
1
2
146
12
8
11
262
15
12
19
292
5
7
2
64
249
95
6
7
9
5
17
2
116
259
2
20
7
108
1
96
48
4
11
136
30
2
15
20
1
11
5
172
2
20
24
86
3
7
3
2
6
2
10
2
1
254
186
69
6
216
48
22
41
8
18
12
27
9
216
56
22
204
1
12
3
17
2
3
14
35
293
1
36
4
5
8
61
25
25
247
102
143
237
69
4
17
8
1
4
10
8
173
1
240
3
4
109
44
61
92
2
164
48
1
1
14
3
104
199
120
279
5
4
1
2
1
288
1
85
26
165
270
1
77
106
1
21
156
32
3
3
11
7
133
69
6
6
251
10
4
3
48
7
22
1
9
191
37
39
128
127
1
12
92
6
61
178
175
147
172
1
173
185
48
233
5
247
199
23
296
206
18
9
63
13
137
282
47
2
2
292
22
171
23
64
2
51
117
4
3
9
132
283
3
1
3
59
46
1
1
51
92
22
185
173
169
33
81
111
5
3
34
2
101
31
79
6
43
189
74
124
28
17
2
150
13
61
77
70
25
14
27
6
80
102
40
1
33
49
18
88
39
168
8
181
300
63
1
60
3
36
3
20
37
4
151
29
232
23
103
100
1
55
58
11
2
118
15
5
1
7
49
13
5
3
149
4
4
71
84
40
7
215
159
172
39
104
13
3
9
2
16
2
62
19
3
245
226
10
167
10
112
1
19
202
12
30
7
218
143
204
3
32
82
273
1
2
160
45
11
75
217
21
11
169
1
2
2
7
83
21
100
17
1
288
64
17
1
44
293
210
6
52
207
12
4
53
3
1
254
2
265
67
7
78
3
164
9
106
42
239
2
8
298
5
126
81
2
8
54
39
19
291
97
214
224
69
24
49
8
224
40
14
2
3
41
9
270
1
24
21
27
11
62
28
1
1
31
28
1
25
22
41
18
144
183
9
118
1
10
38
54
67
39
163
132
26
51
240
261
107
1
205
2
82
293
275
1
60
54
2
10
5
13
5
197
16
6
8
88
177
1
202
15
1
198
7
181
157
154
8
13
233
48
1
28
89
60
41
9
1
22
65
23
24
1
54
6
1
7
2
67
16
179
82
132
264
115
54
20
96
8
28
3
69
1
3
265
131
15
3
148
7
278
82
140
172
47
16
3
49
49
17
49
31
7
5
18
95
1
67
259
10
46
83
280
112
234
161
12
8
65
193
40
38
146
18
19
241
79
3
146
113
128
218
96
132
35
157
147
2
23
103
6
32
29
22
42
254
7
8
80
15
1
30
102
33
156
6
19
103
14
25
76
151
77
212
124
101
1
54
1
135
222
25
2
237
80
1
289
1
5
3
15
4
157
39
7
10
23
1
40
3
30
52
4
74
2
1
2
125
15
40
19
12
16
278
167
22
234
76
153
68
90
12
50
2
6
3
20
57
141
28
2
1
15
24
237
67
41
33
163
255
217
1
76
10
261
197
36
42
122
70
1
135
137
1
2
109
3
143
2
2
131
26
1
1
1
259
12
2
1
4
26
143
26
17
1
291
68
2
50
64
1
188
9
1
103
38
156
1
135
7
10
21
1
14
13
35
11
78
10
71
76
125
5
11
105
3
44
9
184
3
5
