24
11
276
188
59
17
11
167
6
1
46
15
3
292
203
57
60
7
19
95
52
2
118
135
40
59
207
59
2
139
294
166
60
3
30
8
71
18
7
30
29
21
24
147
1
1
2
32
1
15
77
108
10
120
148
2
12
216
45
26
164
16
252
78
225
31
198
84
30
5
28
73
51
155
4
39
75
146
51
192
207
144
45
22
298
10
27
151
14
88
168
3
286
175
1
2
2
1
47
173
52
5
278
16
41
140
33
6
1
18
3
265
4
34
5
9
31
27
107
97
9
71
27
5
6
229
27
156
75
9
157
2
27
125
40
286
9
33
132
33
4
263
1
59
1
26
292
3
130
21
98
66
110
40
171
12
174
1
185
3
100
74
248
167
9
1
7
88
240
25
28
73
48
237
49
25
29
42
42
87
41
1
48
3
198
1
216
53
196
1
210
151
2
2
69
215
235
37
1
1
58
202
9
267
88
6
194
78
4
10
13
22
1
194
33
225
21
91
183
165
160
1
160
24
94
153
62
217
72
41
5
1
2
7
83
10
50
75
81
2
1
117
260
8
48
83
71
13
157
6
5
11
9
14
30
47
60
34
22
257
39
77
3
13
219
255
78
36
98
103
1
1
38
1
20
8
14
216
184
1
1
9
5
3
3
126
72
28
96
6
22
1
1
37
5
1
149
23
24
180
257
2
1
1
49
136
1
2
3
24
298
41
185
20
14
52
80
185
2
172
186
31
80
22
155
275
3
6
110
57
1
131
203
4
1
89
186
1
1
16
82
91
209
8
129
187
31
130
9
151
205
119
71
163
2
157
46
99
106
1
175
66
14
76
11
15
1
154
101
156
1
145
135
12
2
256
269
1
3
78
3
1
106
2
151
14
9
1
214
4
16
184
17
24
135
166
289
57
1
13
17
144
38
2
85
4
230
292
15
15
41
1
180
47
54
195
21
103
2
125
5
157
156
141
22
6
1
5
6
80
8
48
4
79
28
181
4
8
82
13
215
211
290
1
130
227
171
42
3
103
2
10
39
186
89
7
148
280
61
3
7
131
97
12
279
28
2
1
1
1
35
129
167
4
159
1
11
2
205
51
50
67
26
13
42
12
17
16
3
73
295
32
1
68
4
2
7
3
5
270
280
260
39
1
149
73
1
300
266
117
179
25
156
1
4
176
145
116
58
14
4
171
80
2
3
128
22
200
219
179
15
64
45
20
270
30
1
97
20
9
245
17
4
207
1
286
66
34
82
9
181
29
13
16
101
18
40
113
290
18
5
49
12
2
62
5
39
85
151
1
98
51
6
211
1
1
4
19
2
34
8
177
23
18
36
95
57
54
3
7
162
83
82
49
41
1
33
98
41
9
2
10
1
201
216
57
223
104
110
44
2
10
52
45
1
205
250
75
73
9
56
250
2
61
275
293
1
9
46
12
83
46
4
108
39
1
33
115
175
165
251
33
165
238
61
10
257
6
72
4
2
220
44
1
1
40
50
16
5
71
3
169
29
239
26
66
155
38
6
248
57
71
1
36
52
1
216
5
25
151
2
146
119
21
2
91
25
20
37
73
6
78
109
2
34
1
12
136
97
36
11
200
1
7
17
2
173
34
49
16
45
7
225
1
93
4
17
250
2
2
109
205
160
185
1
77
2
33
252
22
25
98
8
1
4
1
240
58
27
37
1
73
216
1
16
293
3
26
6
5
209
19
5
67
21
19
30
170
51
21
112
188
116
12
222
2
4
241
1
6
218
113
49
12
12
190
3
1
4
3
17
12
33
244
1
276
3
85
54
275
7
298
4
6
13
17
102
39
1
220
3
31
253
195
17
83
2
121
1
16
190
2
7
50
99
12
114
124
68
4
126
204
231
40
46
1
16
1
3
43
18
77
193
2
145
141
235
297
27
269
3
16
3
11
36
120
48
265
126
1
114
22
2
4
14
1
4
217
272
173
10
111
3
104
81
21
43
106
161
38
19
90
4
99
3
268
212
7
171
2
9
29
242
5
71
1
39
1
253
10
231
46
36
70
45
68
66
88
192
5
7
29
57
3
90
122
1
93
26
8
1
34
32
35
7
97
1
213
1
45
1
189
5
23
9
18
29
216
290
23
7
25
83
7
162
8
15
274
2
121
39
38
142
173
53
30
230
18
280
41
1
1
4
31
1
159
14
2
11
7
173
4
29
12
134
40
6
140
199
282
1
184
13
122
82
15
1
18
14
92
1
6
165
141
10
61
85
200
178
99
247
51
9
2
3
14
18
120
60
52
36
7
11
6
12
9
264
42
272
235
47
12
42
3
4
10
229
1
223
2
1
168
101
16
1
3
33
1
270
30
7
199
12
50
116
6
55
159
6
26
219
37
23
138
19
8
289
114
160
20
4
82
48
12
101
115
121
42
271
3
1
238
4
276
3
13
5
7
66
9
8
46
4
6
11
