5
215
149
278
4
19
2
80
1
211
147
3
5
37
11
12
223
170
17
13
17
28
176
49
281
11
176
236
138
191
12
48
146
59
11
122
99
11
94
2
12
84
52
28
6
1
2
175
86
43
244
57
24
58
12
1
88
1
175
78
287
148
90
6
199
2
2
54
94
84
24
35
16
16
11
1
14
173
3
7
6
2
287
115
139
2
2
9
262
80
34
8
117
2
24
242
151
2
110
3
1
2
129
76
1
2
17
264
6
1
276
19
11
102
82
2
22
6
2
210
91
9
166
290
2
111
42
249
3
28
178
155
1
20
28
23
116
6
56
2
120
1
156
1
30
3
6
5
1
43
72
98
39
49
23
1
32
189
99
24
2
244
52
1
40
45
18
185
25
46
188
65
249
22
1
5
137
278
1
6
192
31
11
126
32
1
9
15
2
79
122
29
1
1
68
181
91
128
2
260
29
4
7
77
212
1
1
82
66
12
46
59
265
2
6
1
55
2
94
220
59
115
187
29
6
34
2
11
1
22
1
2
95
195
9
26
243
3
7
5
91
116
7
1
2
1
3
2
1
6
5
1
2
96
7
164
127
1
238
168
135
15
59
11
38
129
97
9
23
40
7
2
59
6
2
85
19
95
275
98
1
1
243
2
58
178
11
9
154
7
217
285
147
123
3
220
7
1
128
199
114
8
9
90
58
162
11
132
56
7
182
1
18
205
23
73
296
213
234
55
81
211
107
161
2
195
13
23
189
80
3
26
35
1
98
149
1
5
164
57
4
41
79
84
1
215
100
18
37
14
12
34
112
28
210
52
23
53
4
76
1
16
71
254
69
8
1
80
10
9
225
207
164
167
16
198
250
3
204
57
102
1
1
86
152
180
67
11
26
1
27
116
233
1
36
29
208
202
256
11
115
120
1
2
47
210
1
225
195
1
2
32
6
1
15
211
50
1
1
6
1
162
237
294
253
8
2
116
153
80
94
2
1
27
26
5
252
115
1
52
55
25
32
1
114
31
58
4
229
2
1
2
3
4
95
11
78
15
131
12
8
9
205
50
75
102
18
4
8
214
18
82
37
136
12
6
4
43
20
48
16
10
46
10
7
1
143
75
55
68
240
117
193
9
1
3
28
10
138
14
39
16
13
176
38
46
14
212
2
84
13
5
51
216
1
48
69
92
17
128
6
107
111
247
221
77
6
113
136
5
19
3
9
39
81
90
32
42
3
163
8
6
84
39
55
13
6
3
16
1
15
157
216
4
20
182
84
21
60
81
207
64
239
152
13
281
154
293
44
91
237
169
53
114
15
160
10
7
1
39
2
277
2
256
30
4
2
34
75
58
298
10
10
89
28
11
5
8
9
104
1
44
5
1
4
61
274
121
8
49
26
152
3
39
4
48
5
14
41
28
104
2
48
14
18
9
121
213
11
283
44
95
30
11
1
167
142
3
5
15
95
34
293
86
7
247
17
154
237
31
145
41
6
16
66
6
205
66
3
33
3
1
53
216
226
43
2
3
72
160
82
2
1
57
34
152
1
278
186
170
14
4
3
130
11
224
46
23
140
100
7
13
55
5
46
6
10
7
47
62
2
92
36
145
16
1
30
178
10
7
90
263
5
7
225
3
159
22
11
163
42
2
8
33
7
125
3
201
196
100
101
6
20
67
17
20
1
8
125
105
65
56
218
1
102
71
4
6
49
257
215
142
59
105
55
4
108
177
107
128
26
255
198
24
1
281
5
4
1
207
1
28
220
107
62
13
11
259
38
291
9
108
56
70
31
3
24
8
3
10
12
206
145
226
9
9
149
1
2
1
3
25
15
6
39
263
4
171
110
18
32
11
2
9
135
35
79
7
51
173
78
7
52
130
5
136
108
4
33
12
133
4
2
1
11
56
4
149
7
291
137
8
1
74
280
4
2
1
59
12
1
3
165
296
9
100
1
13
94
1
5
2
73
5
116
289
1
2
15
4
206
202
35
12
141
264
1
4
8
6
6
4
10
10
8
1
49
5
9
40
251
37
53
293
2
13
26
32
12
300
8
28
149
97
48
1
229
2
172
26
27
16
223
49
9
24
154
20
73
3
199
125
1
9
20
76
64
25
20
1
3
2
6
15
5
35
62
72
14
86
15
123
66
253
30
9
128
222
2
7
114
6
25
54
3
20
6
7
284
21
1
2
220
11
188
5
240
82
267
60
1
263
157
222
32
246
44
2
37
73
24
27
11
12
31
65
11
36
134
12
7
247
161
173
35
226
23
39
286
59
71
58
59
119
104
191
40
3
268
1
47
1
201
2
1
87
36
263
53
84
283
52
21
139
4
138
12
13
1
90
32
33
29
31
2
3
66
147
3
103
10
10
6
3
3
32
2
7
61
8
191
17
1
22
76
266
6
3
28
279
1
177
23
66
7
3
56
4
255
40
17
12
87
83
152
