887
259
74
458
43
3068
2852
291
1571
519
2435
102
53
392
1078
571
1288
387
548
1208
213
445
854
115
762
51
760
1312
959
1055
252
666
24
5745
586
548
435
142
1155
2816
710
405
506
1879
1588
2618
142
412
4822
1392
2307
578
108
1174
187
680
1987
694
244
383
1499
401
2413
358
71
1346
849
972
12
2608
875
218
712
797
786
845
284
2551
110
489
901
1085
5396
140
52
71
146
3083
978
723
916
388
3687
2603
994
167
1197
2044
1020
547
309
809
870
1095
340
2845
1243
442
2519
78
1436
25
833
1003
456
568
1047
1958
813
186
2377
25
327
36
617
897
658
97
885
1014
2340
565
3747
1564
1526
187
1822
344
3544
309
650
163
288
99
42
1451
460
1419
106
617
23
730
233
530
231
475
670
267
3815
1536
555
1202
654
305
2014
500
643
14
473
759
23
2432
519
165
487
496
248
2123
13
398
751
55
1054
822
181
94
1354
157
676
249
2821
689
110
483
3176
686
1005
1385
2728
47
1016
518
546
202
128
125
98
557
272
1663
59
2499
308
46
133
151
166
143
972
493
145
287
432
118
481
685
492
1138
209
90
312
2644
536
2336
269
449
138
580
4546
2038
189
984
1280
1396
425
141
489
1749
252
64
110
2511
786
365
1430
99
1985
511
415
254
1107
239
988
116
667
739
1268
1308
642
1773
103
683
316
216
306
1015
659
60
459
787
791
2740
884
2706
233
42
510
320
4
154
995
1618
3162
332
431
2173
1727
854
686
1314
321
627
1629
93
654
2126
1686
1852
1497
3149
605
456
307
376
737
127
527
56
248
2833
818
2966
427
1267
1214
520
620
1565
68
340
357
1435
141
567
334
441
953
607
805
80
741
105
2513
1328
129
168
1738
260
280
1195
58
1985
711
2773
644
1567
184
1071
630
371
3654
1598
784
139
533
577
195
469
164
110
614
483
173
1243
77
206
458
519
903
462
1601
5236
1386
2171
877
181
2900
1337
579
426
333
1402
137
241
652
2209
795
22
2747
1046
3024
1627
3368
2327
1752
1595
1275
43
448
1098
572
1136
552
997
830
119
649
1724
89
1492
271
1372
2731
1975
25
557
1493
967
1044
413
361
311
2371
3498
505
1448
66
73
642
516
256
736
2110
1311
2239
1887
1674
986
446
1483
877
93
84
3417
490
161
612
212
151
181
891
294
2938
310
889
341
65
13
184
2212
1496
1669
880
818
651
38
1362
397
741
1409
18
251
1577
799
1768
227
422
3106
1118
3485
475
19
578
2460
807
704
1614
150
2107
157
132
500
3395
387
763
105
276
514
218
73
2421
1651
3602
2604
148
43
3910
37
1130
806
2575
978
3353
3946
644
449
271
1792
5073
757
2306
244
478
168
101
3229
3
222
2530
2210
2397
218
838
1075
238
1962
935
147
523
1560
1246
2528
986
112
3332
322
1079
107
819
394
1002
148
353
491
509
1173
1095
516
1521
465
1507
553
883
283
1265
666
333
12
48
106
1531
1855
702
186
640
1159
70
489
8
804
532
3055
1221
5950
165
322
1254
35
253
335
596
1266
709
745
568
16
910
2737
64
22
1634
4358
1164
2363
649
385
234
1292
114
2805
1532
1514
6
648
6048
3913
52
1068
552
2372
221
953
1019
88
371
160
4502
262
3070
1190
1292
2003
711
2032
4558
801
2788
2716
345
1587
289
416
30
2134
82
4
248
203
264
195
26
381
107
609
2039
318
1722
1199
740
551
616
2478
915
166
4537
6157
245
422
414
666
1158
1082
2221
89
563
1648
2042
2590
150
319
571
833
15
87
724
2055
279
548
238
168
1788
688
1617
257
1955
1362
1244
8
1651
213
1065
1905
1564
1684
1405
313
385
483
1403
392
138
337
916
66
2042
2243
134
201
940
381
1017
734
4322
529
4478
1634
638
1740
244
2996
1298
148
370
2014
109
238
3155
301
2312
550
317
1022
1611
101
423
3038
177
1329
1923
116
2237
357
250
1023
1357
1113
802
182
2937
2921
55
1325
933
429
74
11
1437
710
165
428
2543
293
1104
308
202
478
755
206
864
541
172
2501
815
359
521
332
1093
1123
128
4161
1061
1907
457
755
1080
293
267
642
1085
1264
163
790
543
231
208
1876
28
2961
1320
1510
2883
95
473
1264
3527
5904
1004
155
523
9
420
737
52
480
498
1419
262
384
1262
323
2928
3505
73
644
283
291
1217
379
287
1636
865
564
141
1411
659
1308
162
753
644
1101
197
299
730
45
880
76
779
620
412
2385
1311
523
241
1839
685
1279
42
1530
402
177
673
267
1292
541
262
500
3492
680
83
2024
144
1128
1497
1140
789
750
2144
834
943
3758
426
1451
295
1634
932
1386
2287
227
1835
45
2180
272
977
77
968
2860
1390
2084
82
5330
2473
455
138
168
1804
218
208
741
332
73
1424
2882
1426
1977
358
422
199
74
245
50
240
150
663
156
886
383
1741
1541
808
372
1121
393
211
2296
2971
75
155
190
1426
858
539
119
352
568
1041
728
180
2120
1186
2074
2000
1455
1855
1331
2067
134
1344
1896
1087
1084
2285
2314
2985
645
1064
750
228
959
248
757
700
672
35
1336
1654
1009
468
2855
608
1384
433
113
3298
361
820
675
719
2245
8
3
346
1408
676
49
2924
906
635
1701
2780
616
1316
361
1958
622
835
354
2526
1204
174
632
33
461
625
814
2182
892
218
198
1224
45
585
309
766
23
1424
499
22
3253
756
722
1205
340
341
1263
121
1487
325
97
228
999
1063
1183
62
334
2086
278
534
13
102
383
2045
1608
1599
1572
1138
