387
1517
402
11
383
1695
3589
294
336
370
1253
0
421
1389
1943
795
82
709
2435
3
2324
1206
270
930
5
5151
52
1426
2173
57
530
160
510
99
593
150
968
1599
1384
1059
2939
3014
657
1148
2237
1924
3254
2475
609
625
161
1420
883
655
51
1532
1719
169
1960
191
2251
1623
224
1606
537
538
1046
844
1116
227
280
1090
311
1714
2176
47
30
320
262
2285
1064
1109
1005
887
715
1156
321
326
1507
2162
5714
3251
911
245
283
122
730
500
948
20
1215
4458
142
4687
53
53
1409
995
1423
458
2271
55
1926
478
2486
1856
128
1485
1648
2882
716
6633
704
1244
888
2001
286
113
1885
3292
1252
1150
705
459
1257
1696
625
1863
1333
991
4748
30
3133
4970
96
244
1826
539
848
1574
1588
804
297
554
2
1105
424
48
39
803
1122
1618
177
340
446
2074
1209
1436
542
1722
310
1522
905
590
540
1776
745
2572
105
14
639
1221
95
1025
88
385
704
412
85
729
694
394
478
1271
130
829
494
360
285
118
91
73
851
3047
583
376
320
349
291
41
411
94
65
232
1924
1697
405
317
1930
874
331
322
1402
128
148
963
1583
2014
380
824
1004
489
955
2839
2471
1058
737
1361
322
460
2055
804
1044
2604
629
328
2235
892
245
2340
92
640
1709
419
983
17
92
680
1920
1571
49
1858
2335
758
1536
1034
107
144
28
94
71
1954
380
303
259
270
25
69
328
3199
1008
281
528
387
250
463
3484
576
245
221
651
3834
4078
85
789
689
102
2657
140
2923
450
482
1871
205
3564
380
2021
517
549
69
2851
1426
923
978
1952
96
1270
4
1263
805
14
1414
989
447
3945
1631
245
525
317
468
959
594
246
159
2515
28
1364
2705
721
1599
4591
1194
232
826
876
72
3820
412
113
670
2480
578
105
84
427
1304
794
601
113
2508
2378
2770
903
1835
1088
89
159
779
271
959
44
168
493
245
638
547
83
1217
378
1433
520
387
1739
254
1779
725
1447
78
2351
1152
305
919
1543
729
686
645
91
860
73
535
2133
363
1028
410
454
686
905
824
1303
168
3414
1605
495
142
2227
1076
936
5550
1140
1098
2183
365
1313
380
1606
1140
1167
890
1679
4435
657
4887
2613
249
342
1246
111
4458
1011
41
2819
215
144
1142
77
315
832
94
1416
233
681
1309
814
7
182
773
658
71
4459
745
169
1709
101
797
7
245
595
294
343
538
4410
1134
566
732
776
2101
368
160
919
2288
2521
347
374
2192
1239
499
194
331
596
1736
170
851
753
677
773
3
430
225
12
89
1067
692
997
485
266
1518
341
271
3389
100
514
454
474
1071
4565
5635
1415
526
317
885
406
150
1883
306
51
1128
788
183
228
2920
205
600
135
872
1179
233
41
445
1460
166
321
1133
649
2679
449
149
204
364
338
734
454
629
712
1047
245
259
1165
364
108
1651
1062
1103
6
327
829
518
279
865
276
366
4449
150
993
1189
735
3627
2246
105
519
945
1460
297
338
621
1837
3569
1160
293
610
3139
89
312
208
734
274
48
161
298
399
677
404
62
1214
113
2280
818
222
1
1386
5103
1607
530
94
2454
1181
4443
28
383
1990
1363
3782
3618
2614
647
4116
37
3774
1433
860
264
1614
763
1
33
2639
453
386
789
764
1069
148
219
188
410
3515
590
4165
619
678
300
671
198
1991
1970
176
1563
1363
3181
76
4453
312
4961
89
751
645
608
3147
427
1230
3
783
748
1379
2534
1288
2193
390
3179
405
1906
1017
68
240
1551
652
157
1709
417
1477
541
857
789
613
2557
878
1249
1850
2012
701
1024
1616
365
122
81
808
986
718
1782
968
1070
1872
951
266
1593
2226
1984
61
2485
312
204
1307
1731
1429
123
521
492
636
718
1247
430
293
1528
517
1000
4353
549
294
155
7
1858
19
179
1549
2388
180
1892
1021
568
563
208
162
1332
94
303
844
1409
16
801
3272
569
245
1167
3
2479
346
530
3591
1218
406
858
6576
398
243
305
685
149
75
224
110
2492
461
517
560
911
262
2693
1833
2425
1555
318
2687
12
515
28
300
168
826
906
442
693
379
140
993
1937
5
1086
83
2455
2236
160
111
409
967
2920
815
1481
301
2083
1101
1481
97
1489
1818
1493
1825
318
580
490
250
68
2836
633
264
201
1870
1145
1357
1411
614
449
860
946
769
1018
68
3109
264
124
2112
3271
737
93
330
454
1183
388
1010
248
1519
721
569
1651
1676
518
1512
822
615
1753
118
70
745
360
206
2342
591
3730
2137
268
180
1468
339
273
917
700
211
1309
462
434
895
596
235
1272
6527
2
3540
247
282
2997
760
1673
1886
398
299
104
2277
977
231
767
1959
2255
1785
117
1613
2037
227
124
1785
64
579
725
600
295
663
1479
1530
777
268
1081
2324
1926
750
2261
5929
515
339
522
1421
7607
2111
722
533
257
1656
314
2865
2030
2278
428
375
1129
50
182
456
718
413
638
1465
549
464
2859
257
710
501
1550
476
1581
398
1207
1075
132
673
2335
677
1282
730
496
1104
138
1851
1876
669
904
980
4405
1354
596
1310
65
749
694
343
426
3800
1600
1985
1511
600
2286
876
1045
1262
845
3025
837
83
38
27
1020
429
4836
984
123
3923
1405
2351
488
2320
182
322
3167
3484
766
2537
1260
261
1766
14
2875
94
33
348
598
362
666
1717
451
427
827
3272
704
648
2282
322
160
1235
829
373
587
2107
160
469
340
781
226
208
806
1095
1981
28
711
1093
316
337
516
560
2298
1969
558
458
181
1963
700
794
1594
1892
