2128
552
132
311
984
288
356
340
990
2139
1773
344
285
812
882
547
826
730
73
166
685
1337
1676
10
1660
139
1661
784
312
380
580
688
578
1152
1120
46
764
1389
514
61
1517
788
126
453
706
84
865
4651
512
553
145
1357
60
78
2086
132
653
734
1372
683
1444
79
158
1046
168
1751
1396
525
264
2004
781
336
224
1429
177
82
893
2425
1612
1851
1268
1384
149
2519
598
385
861
4
195
414
803
256
373
909
392
94
750
1091
1042
1734
705
223
879
1728
1340
87
119
1487
431
296
862
2529
1478
611
903
87
431
2537
984
1606
1707
2795
109
533
871
842
3301
1312
619
617
1185
980
681
833
2571
1760
3398
354
691
337
767
1059
571
21
899
2297
3291
3940
245
5289
63
150
92
12
439
2060
2795
67
210
2373
2961
846
130
8
335
94
225
3348
757
350
7183
1223
722
45
3512
215
1030
381
1290
2034
428
916
977
2646
2445
537
1604
366
2543
987
859
1598
1269
429
325
176
1025
4323
1170
265
358
703
399
263
1806
3576
163
228
260
1146
212
382
479
220
3
1212
1100
359
296
52
2827
434
2701
439
1031
195
196
389
814
113
86
278
731
423
1191
1442
562
450
709
437
110
632
1252
34
2003
62
776
372
521
642
850
625
966
558
175
599
316
642
571
346
319
32
4286
217
2425
231
1888
471
2725
9
971
210
759
837
453
5207
263
915
356
1572
411
3759
100
334
242
784
838
620
999
1604
2179
782
146
1075
80
1059
18
1510
2064
1254
4432
891
1060
1207
313
1804
443
235
386
0
1449
1696
188
135
206
1765
503
72
365
434
147
2136
41
726
499
345
1720
521
331
1762
4948
387
1477
291
207
471
2400
617
150
3020
2593
178
54
64
4
489
88
4036
2130
1836
1015
1379
17
54
561
653
1133
332
459
1298
3360
39
453
31
1068
2709
15
852
418
1450
181
1691
614
770
823
1549
893
446
764
753
1920
1002
620
779
446
960
3062
8
454
1054
3060
172
500
1091
343
2511
714
2666
68
1812
616
405
2322
469
563
2580
281
1038
787
1070
2240
154
1159
191
929
5223
1596
59
258
894
187
707
743
1737
285
1159
3129
1557
842
803
43
9
2102
6776
270
614
1248
64
504
473
153
1808
330
1087
2970
2555
13
1406
9
230
560
601
2285
2247
2157
314
1211
3898
1433
555
1915
1088
2389
67
1513
529
1885
1552
644
658
463
1777
556
36
1453
119
536
3632
674
686
46
2966
1115
789
35
530
678
669
1600
1698
484
2420
3693
1307
308
181
3423
363
1789
3720
1031
205
600
283
18
1314
216
276
1163
2328
3645
454
377
386
789
579
700
2271
5
1563
426
822
52
353
283
883
3640
128
363
362
292
485
920
6224
27
357
2117
1042
1393
611
739
388
528
1772
1602
2963
304
343
927
396
1091
972
213
385
185
1287
213
742
559
204
822
614
405
3531
818
108
1950
1334
1217
166
2949
2449
727
150
296
211
2447
248
269
2546
1407
2956
569
830
1618
2014
3174
825
865
14
2492
800
107
553
248
39
112
1020
446
591
290
608
354
3306
550
1468
178
409
250
308
6554
1468
325
861
406
119
697
565
476
2616
1392
917
388
1018
517
64
1087
1645
223
80
134
557
975
2229
1380
1011
872
1450
1141
35
217
1652
862
2160
662
1353
2075
4043
253
108
967
1342
163
342
3736
2262
1338
1470
567
1155
685
612
445
1290
150
113
604
518
1833
1793
2393
161
445
1436
795
1171
361
2098
541
1880
1299
1161
654
333
365
2014
1633
433
1095
273
303
868
1015
4597
611
1147
685
581
2452
2457
1045
828
1288
2944
2773
78
2167
802
171
104
632
973
84
1023
2112
356
2930
3621
135
1322
74
1002
389
150
440
1321
2328
138
915
741
570
8
2472
709
1588
1204
1615
471
445
235
569
62
481
130
228
4358
217
420
1888
104
961
80
2815
63
5246
291
2723
396
116
1194
728
255
1560
405
1639
1187
1617
297
64
673
119
124
1186
1354
706
176
53
333
2615
1907
676
718
682
1064
948
870
1518
1109
1758
1134
1053
418
745
375
752
925
907
644
910
570
572
1321
402
2335
872
404
439
2948
205
310
1659
1261
1056
201
965
164
135
194
539
328
74
1298
294
716
127
432
2168
3546
2279
595
279
43
503
3582
569
1249
2421
103
2149
2017
534
874
25
764
265
1062
27
2143
132
834
215
1772
1779
22
664
669
2323
2028
1421
392
19
673
65
1612
1388
124
564
321
1938
1074
373
798
1420
83
763
2872
376
142
272
332
753
2861
78
171
4545
802
750
3763
120
818
992
34
936
561
636
695
207
594
62
1154
126
43
783
497
483
535
317
2215
980
635
693
2014
1081
794
503
127
970
615
37
93
1635
401
689
1695
150
3141
1008
2119
712
101
424
2233
1539
217
387
1096
541
598
484
2782
278
651
869
1010
739
1415
1633
1615
73
4775
163
206
1049
219
1257
1323
711
122
136
294
3252
975
429
144
2482
596
1087
1199
56
1129
733
2641
796
1903
33
1125
1028
998
1200
1351
1223
208
840
166
20
417
596
483
410
1512
98
123
63
1348
51
487
1716
580
1236
414
24
1951
80
1362
1360
379
709
3199
1548
739
1449
600
963
484
161
303
1297
165
273
2528
183
40
786
685
133
890
3211
835
1004
326
513
71
590
2490
3659
723
792
768
455
157
4835
4035
1212
697
1428
655
1650
104
426
2454
1719
29
5715
1351
241
2052
1087
3169
1344
698
270
119
4631
399
954
308
204
789
85
1518
21
1528
4
4122
1994
