89
145
1
66
2
134
38
191
13
272
215
270
115
122
144
9
71
165
285
59
2
15
3
285
79
14
289
1
1
170
173
4
16
98
66
77
12
15
124
21
21
5
132
108
7
15
18
127
57
230
29
29
1
91
101
10
19
193
25
24
1
123
74
32
60
40
118
5
5
9
74
2
2
123
139
56
84
153
28
256
4
284
43
33
11
69
179
179
1
237
5
28
38
32
12
241
14
12
70
157
1
23
2
3
6
2
138
79
4
1
287
30
2
46
51
24
99
2
2
3
9
40
14
182
38
51
156
16
60
133
27
1
62
126
11
1
156
234
2
9
5
9
2
49
5
10
1
82
128
53
13
5
2
28
8
116
170
286
281
99
49
39
204
29
51
26
163
5
1
60
86
23
216
13
72
2
64
227
21
35
253
108
1
117
7
47
2
178
168
193
51
93
87
75
96
70
61
3
1
163
3
4
55
130
2
106
1
5
4
52
110
113
5
8
163
298
5
206
105
1
9
32
15
1
15
53
31
58
1
10
22
83
8
219
87
4
4
2
90
21
94
107
102
3
1
56
56
56
48
1
8
241
299
65
42
3
67
74
2
51
47
74
60
13
1
10
291
12
96
39
37
135
4
290
170
4
7
21
81
4
11
28
14
80
169
12
232
132
59
44
269
26
90
5
34
46
252
56
192
196
1
230
214
40
11
249
53
1
1
4
189
87
52
7
17
8
11
4
4
21
5
16
18
14
2
26
39
176
7
1
173
26
182
183
34
51
50
3
169
35
28
3
1
70
153
33
53
49
18
56
3
32
10
20
3
75
2
47
142
22
95
15
134
2
74
90
85
1
80
83
154
1
242
10
9
16
27
24
9
3
32
2
53
16
22
37
148
177
63
5
4
1
31
18
18
8
20
7
72
31
244
72
3
89
17
1
71
259
100
155
283
35
104
1
2
19
234
4
85
2
4
2
217
197
158
1
2
7
2
223
9
1
38
65
169
17
14
219
9
168
219
192
58
260
134
59
3
45
125
12
87
5
15
209
254
258
267
97
18
10
165
35
91
49
81
3
5
10
1
6
6
292
13
211
4
88
10
5
3
74
35
289
3
2
5
1
188
263
55
157
3
1
1
117
3
6
76
175
243
82
85
1
8
121
116
7
5
294
112
13
5
104
299
70
46
19
284
69
72
27
37
35
4
192
10
254
20
202
2
10
2
278
223
86
183
63
14
119
38
47
37
30
26
4
3
296
22
110
24
96
215
7
144
6
16
4
57
34
6
2
4
1
1
91
2
3
7
20
109
76
143
52
74
68
1
6
2
20
294
2
11
2
245
299
7
2
1
60
22
8
82
104
49
81
109
1
60
3
116
149
25
116
207
11
1
2
134
23
7
1
250
1
3
57
227
17
122
16
199
47
157
107
1
4
108
234
76
45
16
27
17
13
6
1
43
9
82
35
8
126
28
117
12
35
47
130
274
65
220
63
61
4
22
228
4
4
166
228
9
15
47
175
18
1
49
20
3
26
11
27
194
149
5
65
13
1
211
78
12
1
1
1
15
60
5
43
245
294
49
149
18
208
1
15
9
2
11
151
97
19
4
10
111
4
93
282
224
181
1
4
1
8
28
9
156
11
197
93
34
108
173
10
19
1
2
261
4
32
8
3
4
2
3
188
111
160
48
7
82
255
265
3
128
1
188
75
289
12
169
63
235
14
132
76
10
122
79
23
9
18
25
286
37
7
89
2
19
45
237
1
203
16
41
12
194
1
1
1
11
19
25
144
36
264
60
220
1
117
87
106
8
7
8
14
107
75
204
14
2
63
32
18
40
181
43
31
2
16
2
12
252
18
69
1
1
14
28
2
4
14
62
1
5
1
103
20
13
24
20
27
1
115
17
57
114
246
212
1
22
2
190
3
111
127
67
23
3
116
165
86
207
1
13
12
283
244
69
65
4
2
1
82
6
119
39
1
66
13
5
115
2
12
29
2
1
6
80
226
103
62
163
195
46
211
60
223
249
18
7
22
130
23
36
284
2
7
62
169
99
139
3
43
56
27
145
129
1
5
194
8
107
3
78
1
5
12
155
126
119
81
1
38
10
99
46
131
7
260
134
128
105
1
3
120
2
58
294
8
2
105
86
43
260
173
18
33
120
1
8
5
8
20
95
2
51
20
3
70
22
13
9
8
3
13
10
40
18
73
45
140
1
8
106
99
66
1
295
1
246
7
11
59
104
31
64
274
141
35
256
2
42
208
50
17
1
67
90
103
268
11
6
19
10
1
2
90
25
2
21
3
6
1
97
51
73
10
2
22
7
5
132
3
1
102
180
34
3
29
178
5
8
56
2
1
79
277
17
2
21
27
3
246
178
25
6
218
2
160
44
240
216
82
7
1
242
1
6
1
6
210
12
5
253
204
101
16
216
122
49
2
164
56
128
114
6
