261
11
51
118
208
43
109
83
133
8
206
18
158
1
154
18
111
104
130
48
15
42
180
275
2
19
252
17
23
6
119
87
9
6
1
261
9
50
1
11
251
27
30
123
71
11
276
2
55
5
7
1
67
11
18
5
113
95
115
9
31
17
167
4
2
13
150
1
200
213
32
130
11
16
17
3
7
2
1
9
213
13
117
32
103
13
6
285
277
86
64
10
24
25
10
1
32
48
146
63
7
76
202
4
18
15
4
218
179
90
63
255
55
2
7
47
7
36
1
7
2
14
244
7
38
7
26
150
74
203
4
96
290
3
51
14
3
133
71
3
2
30
33
1
53
3
107
97
4
14
6
233
3
50
69
163
9
130
2
56
129
215
184
157
37
39
52
58
214
1
1
147
77
4
9
74
147
119
185
11
137
120
6
286
249
3
3
4
197
33
285
65
24
18
2
3
80
54
1
124
55
224
4
184
7
11
13
25
51
246
37
174
41
67
12
194
45
42
106
187
18
8
133
32
7
49
79
4
52
81
35
12
1
33
22
11
4
18
2
22
16
1
9
282
252
112
124
193
29
261
32
193
243
28
37
4
17
179
9
14
14
256
123
230
183
32
11
1
19
6
9
6
65
42
53
2
2
4
5
116
104
1
1
92
77
42
29
6
7
38
4
4
141
146
59
20
212
7
100
45
76
4
128
6
194
23
159
4
147
2
77
40
98
17
95
95
3
138
3
87
1
123
280
2
6
20
5
47
171
38
9
233
166
80
75
12
158
180
1
11
88
39
290
72
16
9
91
8
6
25
138
79
178
31
22
51
4
107
81
30
27
124
11
6
10
7
39
91
22
120
25
7
7
111
22
2
14
1
5
19
180
10
113
5
20
1
5
2
143
10
40
3
12
193
15
210
5
68
5
1
24
2
21
2
1
35
248
1
4
17
10
1
51
7
270
39
2
2
4
249
7
121
36
102
7
6
59
26
17
210
281
20
3
188
272
37
77
9
5
2
203
170
1
2
6
15
1
99
2
11
1
3
2
5
245
23
3
40
9
31
20
5
11
26
40
59
15
2
55
135
21
253
2
154
61
8
21
121
217
62
89
13
55
11
1
22
8
3
5
32
106
149
78
280
27
132
17
158
130
2
115
215
71
22
155
2
1
24
33
1
257
79
151
7
30
32
15
75
221
18
162
1
3
2
2
105
26
119
109
15
92
6
208
3
9
103
4
115
288
157
4
3
1
22
280
3
56
6
11
16
184
42
8
49
87
130
5
15
140
72
181
1
99
227
152
86
3
5
159
1
32
84
123
27
14
155
1
1
15
1
234
17
2
25
62
13
8
45
71
15
55
74
4
14
110
74
1
129
157
264
1
174
25
38
13
4
2
72
1
4
144
5
23
177
30
235
189
99
100
2
4
37
264
2
1
1
203
69
24
96
26
6
172
129
117
24
22
1
23
1
37
87
114
2
117
98
18
199
115
48
25
7
31
91
231
17
83
17
5
97
3
129
24
6
79
226
1
2
227
54
213
15
1
1
15
8
1
10
231
134
39
16
3
179
6
7
2
241
5
1
14
4
31
208
1
3
9
36
1
5
34
13
1
1
3
3
61
30
1
8
257
1
16
31
187
180
32
85
3
14
261
2
41
4
238
26
272
1
34
10
293
292
21
300
201
41
8
42
198
1
111
1
27
67
1
161
228
49
77
1
102
4
243
4
9
3
2
13
15
30
39
100
6
229
6
168
3
84
54
1
4
43
14
3
2
178
175
143
108
159
25
159
48
16
2
4
14
9
10
35
5
298
4
33
14
1
206
12
73
41
47
2
25
3
203
27
74
23
5
10
80
278
19
1
1
9
232
91
211
104
96
65
61
38
1
4
250
5
101
1
7
1
3
23
69
284
259
255
4
54
53
171
187
22
14
55
5
2
12
2
255
27
2
2
30
145
3
70
49
35
189
81
1
1
2
4
297
28
231
73
23
47
156
160
85
242
105
4
15
36
31
8
36
8
1
33
30
25
144
114
250
68
28
1
84
30
178
2
2
28
21
217
221
6
2
74
9
7
138
168
31
109
5
13
5
11
65
2
4
169
66
16
17
25
3
17
46
52
5
6
17
39
1
26
2
11
26
6
107
213
1
241
8
5
19
4
3
41
2
8
15
33
140
139
56
12
76
24
25
200
137
4
2
200
5
3
2
85
7
4
125
152
2
206
199
22
92
173
1
234
16
288
2
8
6
1
74
163
54
226
71
1
43
79
94
89
19
245
4
99
170
34
10
1
1
82
13
123
176
102
67
89
3
72
6
2
197
3
2
79
27
41
10
132
214
270
38
221
1
44
6
23
3
72
3
1
11
30
165
129
19
117
4
193
1
26
52
142
21
5
46
5
3
11
1
14
1
110
84
25
2
76
6
19
198
3
6
222
1
73
6
58
26
238
213
