11
189
183
26
6
1
25
1
240
30
1
6
194
11
26
261
237
74
1
40
18
1
7
148
229
7
1
77
271
3
3
2
5
6
6
6
125
1
11
4
44
38
118
249
22
1
2
295
2
147
41
168
1
207
246
54
75
7
20
30
88
152
239
94
4
1
62
158
80
85
14
208
50
10
207
278
12
206
264
2
230
121
2
47
37
50
7
66
209
1
101
10
3
20
38
40
5
1
17
3
206
5
1
249
1
255
298
113
68
12
71
62
19
37
107
197
41
123
45
251
24
18
66
20
3
13
119
5
21
32
151
104
46
14
17
7
2
199
204
188
38
77
6
298
112
149
32
34
30
113
30
96
206
253
8
9
240
28
256
92
1
13
93
78
10
162
1
187
2
65
2
1
15
253
3
91
3
27
285
72
34
228
2
176
34
27
6
2
48
6
23
155
230
4
200
5
1
69
1
31
25
11
4
6
41
3
59
215
28
249
21
200
9
10
19
35
17
3
20
8
205
1
153
43
66
62
43
253
107
65
7
9
6
203
54
1
28
34
25
230
1
46
71
300
44
159
17
219
5
35
3
139
6
26
2
210
2
22
154
51
256
6
168
200
14
6
2
29
92
140
110
30
1
11
39
84
35
254
52
32
3
160
5
38
2
217
6
3
6
233
1
9
5
39
3
275
106
11
60
72
34
16
300
62
4
65
101
69
3
14
18
16
1
35
53
17
32
32
143
209
1
100
184
160
100
61
1
146
79
44
107
250
205
73
3
4
119
60
1
4
1
226
13
14
77
221
22
90
224
6
220
7
3
38
13
30
137
239
71
64
2
36
7
1
60
274
67
22
8
35
9
48
48
25
66
59
51
62
73
123
218
20
32
2
12
43
31
16
1
2
1
125
236
1
36
190
35
52
7
1
289
216
5
4
4
1
183
290
34
9
11
7
149
183
4
42
76
82
1
9
10
187
5
178
251
67
15
2
1
4
227
14
251
1
77
2
8
46
7
123
56
1
125
19
1
1
18
3
272
36
190
166
94
239
70
126
32
64
26
115
7
35
4
10
5
3
5
9
19
123
203
5
207
285
12
18
6
6
9
219
29
64
54
172
284
13
69
113
3
61
9
70
239
11
3
247
15
53
4
225
6
1
146
4
6
5
171
15
136
2
166
256
163
2
48
24
187
194
5
98
1
7
1
46
60
35
11
46
15
158
141
292
43
89
19
291
154
105
153
4
6
4
41
5
25
14
29
1
1
69
32
258
1
193
1
34
21
5
18
101
81
242
54
71
2
16
5
7
18
97
295
2
175
183
39
2
15
1
4
261
1
79
2
2
3
26
25
7
99
86
41
3
124
86
179
75
144
91
31
107
249
6
1
60
15
17
80
163
7
39
18
26
244
21
1
49
154
19
24
221
4
16
1
11
63
177
14
2
35
5
56
2
34
58
70
147
246
1
1
10
118
271
117
145
47
2
124
1
97
1
41
222
23
135
14
3
206
4
19
123
165
272
2
67
110
2
29
1
28
56
36
33
190
10
100
1
4
6
50
112
4
1
183
110
7
8
23
2
63
192
97
22
18
10
18
15
6
104
5
1
2
6
147
1
62
2
181
77
103
1
3
1
65
195
79
45
28
20
13
142
263
145
1
11
3
2
32
223
3
265
16
8
27
190
185
241
232
1
45
206
5
41
3
249
22
30
1
64
240
281
164
86
46
140
117
6
177
1
1
24
1
1
279
30
1
75
34
33
42
246
2
170
56
1
55
15
1
72
209
7
26
112
9
273
150
59
218
56
36
6
3
31
26
73
4
174
1
237
14
120
15
274
273
5
63
66
24
24
3
2
92
4
1
45
6
2
79
2
50
48
56
2
97
48
1
1
58
10
120
24
13
41
46
196
107
249
1
101
1
12
53
204
167
30
40
1
28
1
68
7
4
8
5
13
55
174
8
62
117
138
52
47
40
78
53
1
284
6
7
137
33
184
145
57
21
3
43
99
9
124
44
210
86
1
176
13
19
100
15
255
63
4
43
3
35
12
1
14
26
116
123
203
158
48
24
150
77
43
7
65
1
256
153
13
20
142
236
7
4
11
158
96
7
1
189
5
8
280
247
3
185
3
5
1
12
247
51
287
141
3
5
13
8
1
1
5
3
47
8
76
8
80
23
140
60
58
9
82
8
15
108
1
1
12
58
160
5
1
3
240
163
36
16
6
219
1
137
3
84
85
17
12
5
98
81
40
2
2
9
44
41
1
4
82
1
13
102
82
201
2
38
81
1
17
45
124
12
8
19
7
248
3
41
243
89
83
295
159
20
13
1
182
142
1
68
42
188
6
88
16
42
65
169
22
25
12
137
135
120
3
167
2
297
1
158
22
132
138
105
40
1
52
234
227
124
4
46
2
4
196
1
258
102
52
1
116
92
1
30
76
252
206
3
80
4
