288
1264
2235
162
1718
1601
1171
329
312
306
1947
159
484
785
199
692
1818
1508
894
1396
410
3774
976
117
1813
515
26
1092
475
329
297
461
972
3604
1018
482
2599
439
518
4774
2943
187
609
485
766
1477
304
1388
619
40
1
224
362
3170
311
14
1373
1050
1805
699
1067
217
4209
2472
1116
2416
656
314
782
173
1499
787
857
2166
455
4342
1303
892
671
736
1735
393
731
1458
139
298
843
109
133
131
2014
260
525
2542
3044
746
46
1401
143
1181
714
611
351
52
255
51
455
435
1400
1361
772
24
2345
3314
902
165
2526
813
7487
2092
111
75
1167
306
151
547
1688
1253
1877
796
1277
1552
173
642
273
466
590
309
368
1587
672
653
262
70
1537
128
2002
353
59
3196
1686
706
128
439
637
515
515
835
1305
926
744
1835
976
190
1030
1789
470
2980
415
183
1030
520
226
120
705
1181
1047
1313
1575
1073
1196
973
2773
1977
767
95
272
268
1172
570
1495
2917
3540
40
3914
2442
499
2251
835
179
551
549
321
35
821
3530
157
1287
519
122
1318
929
1594
2032
67
174
638
161
911
694
281
988
157
2171
427
1977
684
1279
1487
2178
152
1979
218
1818
1164
1909
458
410
180
103
379
4545
2185
1038
345
1499
59
540
32
1100
2970
917
1177
160
324
1982
1600
1178
4484
1214
724
1621
149
1967
1141
1854
203
181
146
884
184
126
309
1025
249
1049
464
1352
112
143
1476
741
284
134
195
728
606
426
1514
1290
7901
1302
3094
945
690
367
292
3984
211
788
388
1332
240
455
886
186
1336
110
1321
1412
446
488
935
1308
672
790
408
235
141
1072
726
298
3603
1523
126
920
306
1519
495
2694
424
70
1954
701
16
424
1471
699
204
1032
170
271
351
240
5327
164
2409
558
1735
2236
913
348
147
3
208
343
649
1952
1242
67
4072
1052
57
894
1568
555
133
8
506
1380
623
209
170
1684
3119
296
905
446
2029
620
206
311
842
46
1670
166
200
1290
259
384
35
1078
1056
1149
672
2781
1623
1155
76
165
1500
2174
870
1292
1982
278
2323
861
192
2911
482
30
174
693
649
835
462
4028
930
850
859
201
207
15
1926
2852
956
5
170
549
2455
386
1694
855
1240
521
129
434
763
71
553
186
1074
1702
2652
851
200
895
3151
114
1819
2476
514
798
195
1872
747
419
528
2008
694
3959
733
1411
1325
3534
1662
1566
819
2904
1035
1881
913
64
1942
1469
209
851
261
440
919
183
199
418
766
323
488
2798
925
1411
380
1154
1486
5
499
4820
143
1784
49
2230
818
1306
2925
1582
676
647
1959
441
1596
515
1334
629
472
354
402
768
1285
559
375
340
306
153
985
515
1211
2190
1
1017
1052
1614
33
1562
916
392
1314
321
585
441
1823
2646
2249
1141
832
284
301
54
833
434
357
363
634
353
546
1200
772
163
987
510
533
575
814
1369
560
183
713
127
340
627
2731
829
1074
1565
1938
2434
1137
3293
2136
661
2248
2045
172
1017
471
2800
247
527
3584
258
1907
6
1340
234
164
1187
1285
111
217
522
634
823
12
45
345
2111
247
1060
438
549
37
36
1269
426
670
565
798
897
410
692
1792
644
353
592
296
362
4
397
140
641
812
632
1029
1463
1828
571
1699
1910
376
548
1070
1385
1632
86
513
205
216
1122
1687
54
539
416
937
254
1638
84
43
1942
991
562
846
1582
257
136
265
1507
2315
473
559
572
738
252
780
779
10
255
138
723
14
4717
3936
143
12
1301
301
626
636
277
366
1301
597
2585
835
781
385
657
3557
1485
908
353
1751
3386
2429
2151
134
377
2326
162
1025
143
34
1994
410
1002
130
1345
201
471
922
5546
300
1353
1097
157
87
151
413
163
747
261
1981
1381
56
841
3453
732
1153
787
236
669
250
671
410
250
3027
786
95
1095
385
1829
350
257
3721
676
1490
554
1412
1135
270
1192
124
2890
19
756
315
407
161
784
566
1030
372
3464
732
989
2101
780
2357
788
2480
138
656
705
677
1625
288
253
318
1502
72
465
476
1898
54
298
2943
258
1526
340
1636
1242
512
786
3022
20
169
233
315
1684
659
1212
575
1305
1936
1578
504
1041
498
3041
1285
617
924
120
606
1226
982
256
17
764
2295
1623
2572
1889
395
247
765
1551
3026
20
3620
1103
117
842
36
2573
317
271
3748
125
1100
233
755
1455
858
1540
329
1010
165
1459
1371
1793
3352
3576
543
129
1337
35
1892
5
875
2887
388
1936
1052
1580
3316
2066
1920
1647
1250
1241
93
65
1884
591
435
2776
35
1943
2007
267
204
1562
3196
2401
1
732
1125
1683
1586
1134
481
1128
398
1482
656
792
857
265
305
684
1231
501
65
212
247
849
69
479
43
165
2593
4567
1382
2899
2513
759
337
174
1149
164
1325
174
634
913
1429
2803
1275
95
699
1071
1186
4138
54
206
4460
1
2274
360
10
597
1840
1130
164
367
670
1312
5
929
1088
555
1800
569
703
256
748
1646
261
607
3477
113
1990
1457
241
101
1318
880
463
749
1953
710
4412
250
768
161
369
389
1397
32
966
120
330
6485
758
638
145
2623
1253
181
114
3377
320
5424
544
268
542
559
357
418
1067
2869
550
812
30
188
46
203
53
241
619
263
3292
69
2622
154
114
575
3060
1138
511
918
258
3015
199
54
1536
1561
479
708
2829
2517
331
206
48
4218
645
3401
179
189
689
499
3494
490
1595
1865
3567
567
3
4369
882
712
895
132
788
1325
287
1336
1220
1558
1622
413
348
2069
1682
1266
539
463
200
