387
650
766
705
697
847
3735
1034
1918
212
842
606
537
754
84
537
2355
1440
996
102
3267
453
546
3242
2462
2180
2772
658
110
2405
816
316
369
1326
1153
344
123
645
3728
420
2621
2515
1084
217
378
164
228
927
1321
562
115
1
465
1917
1676
6000
405
68
629
799
633
836
435
2004
348
254
144
1550
1293
384
1642
543
2509
351
527
157
3646
413
184
457
2219
617
3221
1685
1389
284
650
416
822
725
295
2153
1126
1153
661
2353
208
175
233
401
347
1150
40
1675
743
650
513
1691
830
146
1216
71
600
47
382
115
2017
1742
3164
1333
419
2470
77
1534
408
1155
1718
2201
640
698
636
300
2210
1034
925
910
703
2336
1621
649
219
1543
2139
856
206
504
3714
404
883
39
1216
1070
1059
310
57
57
1413
672
40
145
1558
306
2054
545
2064
1374
2326
177
269
236
100
2319
1291
425
913
2211
1510
896
26
346
1084
790
746
35
1466
11
3303
1206
614
2167
1073
2996
8
746
1283
1367
603
2949
929
371
509
168
251
778
192
100
444
118
8
407
160
802
504
703
1904
213
13
482
2879
872
528
2561
353
1599
2329
995
1416
821
678
302
170
1160
1337
201
873
11
513
2153
2054
73
113
1066
606
1777
739
14
2215
285
100
1972
2527
253
1716
759
843
374
632
1475
527
857
2996
41
1007
366
1452
655
1039
2368
455
1925
764
241
856
2852
874
36
324
1119
2677
2481
1128
2080
403
1183
197
2533
647
665
710
355
1780
223
779
297
1824
844
584
117
4054
276
835
1131
2338
1125
905
238
73
1492
1131
947
1899
1803
68
787
1062
664
2118
976
6
876
1750
949
209
339
624
307
2820
111
1372
525
119
2382
87
2347
231
649
1369
498
1083
150
0
717
69
825
994
365
418
221
97
1778
1451
2
2108
2142
122
2040
372
1854
1372
849
637
821
415
194
109
78
187
2388
357
302
1803
465
568
778
280
1196
279
897
1425
257
1256
786
814
3152
1044
1321
59
1070
679
187
228
561
10
707
416
1301
953
497
1094
247
1386
112
1670
744
3047
222
1016
812
617
834
1176
198
59
96
206
227
150
713
1375
75
846
809
2550
229
272
3297
1846
425
274
174
1272
1573
681
1073
45
1943
1804
527
1442
283
503
153
2777
616
530
150
965
317
731
543
937
987
398
1732
5659
1945
331
234
258
134
652
55
125
3843
1218
1786
45
1997
1158
135
1017
386
328
2061
433
1484
733
381
948
2141
56
141
1336
1595
385
334
251
99
444
733
768
339
178
39
517
2441
728
4721
3370
130
60
3184
2469
2164
173
463
1623
330
163
1052
2484
46
4265
2096
413
156
256
263
845
1340
240
1272
95
893
1303
1546
142
46
156
965
826
138
1180
453
633
497
1404
1122
2307
3572
317
6577
1022
1033
1069
705
1955
1470
907
673
2510
1045
582
159
1912
1199
47
2112
627
669
2200
191
2375
52
823
840
565
507
223
224
1
1965
2166
2157
927
226
1047
307
604
124
121
1384
2870
16
145
718
514
329
709
1024
74
127
31
1591
298
133
380
1423
1650
971
1577
500
3264
331
795
1793
12
858
1699
499
2997
930
1873
537
2319
3937
752
1746
998
404
223
715
1453
1537
1024
1307
1736
1177
185
341
401
1330
2647
870
842
354
1024
372
1529
204
322
1734
977
976
689
344
1242
1033
885
531
592
860
37
754
738
2294
1374
1737
183
698
969
1814
1499
417
1099
776
392
201
992
485
7071
4285
681
1534
1026
145
209
1220
50
932
814
738
165
1049
3071
412
201
1230
1069
341
1230
2256
3379
275
458
3835
2597
3004
111
717
2973
2106
2858
534
145
1141
32
1785
333
285
905
19
569
405
3
985
1718
530
926
1475
656
197
1783
941
235
1300
41
95
615
372
1718
918
1057
13
2292
855
231
393
267
355
345
1505
499
958
808
69
583
3008
1387
8
195
1192
1450
224
439
394
6
570
372
298
19
77
391
3652
13
332
464
1052
385
762
27
1699
317
678
3714
47
2091
210
21
2901
249
1910
835
1534
851
148
63
2027
1479
535
337
90
3456
978
178
749
79
56
153
1604
287
623
514
326
65
1055
233
1182
100
1250
237
526
389
169
1653
2036
84
64
707
350
384
130
465
522
484
272
516
1111
3017
1228
1552
1127
419
3194
2715
419
663
757
1209
488
500
1585
429
358
929
43
2063
2058
2375
409
610
2572
730
391
2503
413
1004
1442
81
583
1188
1548
1369
3715
441
1352
1081
410
262
1617
1090
4
368
292
293
448
1064
1460
213
329
203
2850
32
105
1113
503
1959
592
425
1652
55
262
2653
627
2253
431
2522
514
2049
1513
2181
1577
44
505
538
1369
1120
439
1039
1254
935
1614
3549
2169
784
1519
75
694
2142
502
1354
179
186
868
1056
451
1223
4049
952
1458
784
409
1205
51
155
5470
613
961
308
1954
1612
8
722
2696
1848
706
1775
11
186
1180
4602
71
3
983
871
169
583
889
100
688
1817
1467
319
814
896
1096
517
3498
519
1896
270
266
4133
517
418
102
318
3030
854
1630
584
120
764
971
1750
89
3163
357
970
2346
446
306
2786
615
286
175
29
159
109
402
3692
150
1371
1477
1995
692
97
2432
222
425
533
152
1327
6
2723
638
408
1011
939
125
216
1082
3528
766
2100
3027
55
481
2172
1798
779
1451
694
87
1739
914
225
143
123
1125
457
297
511
984
843
1019
692
491
136
329
485
3040
531
646
4332
98
199
666
742
1082
212
400
793
109
1756
1282
2708
384
502
280
8
5997
436
143
114
