115
1133
156
404
737
2523
1275
1091
3204
2803
1123
303
1118
295
1262
229
45
290
207
1159
624
1133
897
131
1927
1659
848
845
648
86
28
922
436
564
638
1334
1252
2424
1060
100
76
523
847
273
13
1240
134
1470
2555
1930
123
997
903
1707
3068
56
1
929
366
633
924
447
789
613
1654
1646
546
361
697
4262
838
3662
1143
551
1020
319
360
72
2307
1091
1280
4185
337
788
976
4912
1488
2919
84
3628
44
1012
845
294
214
709
1169
37
600
1609
651
154
1337
277
1758
124
2529
170
1215
1018
1007
1079
1085
751
387
868
408
677
1602
369
603
226
1308
239
311
118
452
122
65
713
550
1592
488
663
2861
450
172
1318
29
193
842
2030
237
271
1110
248
496
3302
2087
439
59
35
679
114
3906
560
234
2140
1997
534
2017
515
182
1358
1046
747
2189
164
665
1378
1093
1109
1612
41
196
464
476
2944
1605
1380
620
138
2088
623
1752
843
547
794
911
247
107
918
1183
54
943
1173
666
148
249
503
2304
1679
81
690
43
26
1176
1934
593
360
180
278
189
566
2815
123
481
3125
1784
1203
2669
1253
4319
6
16
1002
1309
1313
1104
193
366
689
445
37
3632
1381
3416
1027
1593
127
2322
139
1363
268
273
1028
168
818
205
335
3
368
20
432
605
362
1101
396
443
771
71
750
127
568
177
1478
1033
440
423
1096
3691
317
2199
331
573
303
2918
141
1017
61
14
408
3065
68
954
167
668
3217
4156
680
1878
48
1026
1452
1309
129
379
2575
434
3751
625
774
1479
1298
974
351
1100
2132
896
270
699
855
47
179
271
1080
171
3489
1512
3403
838
1932
781
5313
862
3430
116
2388
578
43
2389
1017
607
120
888
620
501
549
1052
300
557
526
2900
75
1122
39
326
87
1129
3980
384
79
371
657
41
400
2075
1263
830
521
180
5921
218
1488
1218
382
793
319
252
763
651
10
632
1601
65
2018
102
307
1403
1025
204
612
22
758
787
585
609
68
75
34
9
969
306
58
780
259
213
1601
1744
665
2419
323
1530
1720
272
2125
2368
665
171
364
10
1725
362
169
76
47
826
747
2814
81
1631
5
836
411
3072
2621
93
851
548
503
76
1313
468
987
74
20
78
785
444
1810
191
2073
713
260
202
400
650
5904
1133
2030
423
2436
503
960
1437
649
303
990
581
75
205
3358
691
747
705
2394
358
1065
1192
500
686
777
648
279
2527
79
629
141
2095
2694
897
249
2510
661
1962
510
9
426
1598
3605
209
1211
533
864
868
2257
1249
1003
707
42
1298
237
405
1253
162
2
1166
492
1046
1009
242
1088
1227
691
1318
1729
616
838
1694
390
873
132
281
4504
916
645
1427
1507
1345
1509
2405
750
13
474
87
87
652
992
695
865
615
2390
1123
1013
190
411
2548
828
2481
579
63
127
546
2731
1288
381
307
2543
599
361
85
1614
270
195
714
73
1975
1353
304
837
1007
1116
248
2732
1264
1481
725
840
294
1582
969
758
692
576
356
116
1419
1447
314
640
318
895
717
263
1583
200
191
967
724
939
164
1095
3789
3915
1473
722
1057
2817
315
3627
1877
167
2562
1257
175
3261
2975
396
299
642
818
94
1128
2511
568
790
121
569
27
71
364
185
617
1946
726
396
464
854
743
334
2226
451
500
422
202
608
202
211
554
207
249
76
749
1146
202
512
241
26
225
719
1545
219
3313
573
894
702
800
96
2551
1926
7
233
1480
1029
1564
1448
1389
1572
610
7
1162
1256
26
318
557
5783
3435
55
664
3719
520
150
593
477
1167
528
165
1290
998
462
735
1609
1181
578
813
166
611
424
1821
566
830
602
288
10
736
81
252
3801
1688
360
892
17
92
174
935
391
762
78
449
411
646
2961
133
226
850
435
323
51
1731
315
634
2374
164
1063
933
76
332
915
251
1376
160
399
1223
1567
2412
352
441
1506
1139
593
655
892
429
264
1998
302
500
695
149
148
1947
1006
2245
309
381
853
53
1597
3406
978
1660
162
1891
1964
195
789
726
803
786
224
2052
677
231
464
855
911
282
608
313
734
401
886
270
116
1678
561
947
1354
200
1547
3417
791
1057
1464
220
1349
328
3126
270
97
2980
129
3454
142
1492
364
87
1138
122
510
1026
4132
477
356
1127
652
224
5244
126
246
253
650
569
1586
1201
338
256
1115
3143
63
104
679
676
1156
66
812
816
609
601
1435
243
38
1165
773
187
14
876
25
1973
3557
2377
262
776
58
289
1866
2666
1317
613
828
90
26
304
861
668
2198
53
3224
329
2088
992
1083
820
656
3
121
692
111
1502
120
1204
1840
712
2111
1716
1681
214
162
1273
1320
404
1987
1051
620
53
57
674
367
2107
2824
47
426
1117
126
31
1656
1877
787
470
58
398
1693
261
2925
1617
118
895
1414
796
1034
3835
490
524
27
955
3181
40
308
4173
413
1324
121
662
950
1113
589
2596
1763
1145
2863
2859
102
631
614
23
1453
85
346
765
759
330
3755
559
1893
343
234
811
570
1287
2472
1832
5652
82
349
1405
84
2783
1376
858
2172
205
569
367
1512
2283
1297
260
1487
79
1256
1416
1650
1307
5670
682
1816
287
1550
697
467
909
11
807
254
578
1392
653
632
592
1679
93
3390
954
1392
1246
257
158
1393
848
1784
309
2800
1574
589
398
140
1109
405
315
518
1518
810
261
1414
67
2030
1475
435
159
1030
1711
114
2704
364
913
18
387
1082
4213
562
2028
2549
3412
1129
484
348
812
412
1939
1051
48
2950
1132
204
472
