20
41
9
10
245
1
218
202
1
124
270
8
4
20
11
3
74
72
2
28
23
16
1
77
6
22
137
215
1
51
53
129
10
1
4
51
57
3
6
203
85
246
2
151
3
4
62
22
104
298
70
4
58
290
225
1
24
18
6
14
1
40
1
40
275
58
13
19
21
3
53
84
9
25
20
5
2
167
250
7
103
194
35
22
6
276
23
6
197
1
1
11
3
57
9
280
300
16
2
8
285
18
73
88
180
274
151
8
1
109
1
133
12
53
53
54
152
11
92
1
296
78
20
196
68
38
29
2
8
14
10
20
240
176
12
162
84
20
1
5
33
43
2
249
53
41
139
43
13
12
280
130
74
3
38
28
13
96
219
241
65
105
1
3
3
1
61
2
24
12
1
4
1
2
6
64
252
65
15
190
13
25
276
104
161
13
3
4
174
8
2
241
146
7
7
209
4
1
35
40
3
1
41
6
49
20
288
2
99
10
7
53
12
11
23
1
61
51
1
110
2
4
15
9
24
56
3
6
11
44
4
29
8
112
10
3
17
7
55
73
6
37
14
62
11
33
286
76
147
16
17
39
152
8
13
3
1
2
111
249
3
84
71
3
33
27
45
34
53
4
24
9
3
64
116
130
171
41
249
1
97
70
5
200
58
1
4
10
2
91
3
200
9
1
1
126
30
25
13
45
23
2
3
129
5
5
2
3
78
120
59
212
4
5
12
7
5
165
1
224
29
24
4
6
123
49
138
1
208
6
3
77
1
279
176
58
34
10
22
198
212
100
225
4
32
69
1
64
21
8
257
32
7
15
133
283
165
276
30
69
39
3
118
116
131
103
21
2
63
24
125
1
29
5
174
69
267
177
103
79
2
264
110
24
25
11
60
8
13
1
118
41
149
1
3
59
6
31
22
79
142
17
23
96
28
6
53
4
164
94
11
16
120
23
230
30
15
2
31
180
184
108
58
76
1
230
31
35
270
1
71
68
3
37
158
109
136
1
158
139
86
10
3
42
266
3
21
112
13
146
18
20
70
40
8
16
7
1
15
22
230
157
1
124
150
71
2
119
95
3
32
110
208
62
1
96
20
1
23
1
104
107
97
80
187
175
4
15
9
14
116
4
31
1
7
22
2
115
265
71
2
3
172
161
187
159
179
32
1
13
128
255
2
3
64
4
160
3
65
8
30
46
1
15
27
5
227
129
33
8
2
154
104
155
91
2
44
18
2
24
98
40
31
137
2
2
2
41
6
250
60
47
159
53
35
1
1
1
61
233
32
120
6
56
2
1
21
132
273
146
39
162
5
23
1
46
85
40
1
63
1
43
31
90
33
79
57
43
96
13
35
185
39
1
30
110
203
64
2
1
4
5
1
196
171
23
223
225
13
2
138
104
4
40
26
6
38
2
124
25
6
145
2
228
7
53
9
134
5
1
69
91
53
234
1
104
3
4
36
7
1
187
266
163
16
62
280
88
1
109
148
73
1
14
279
1
280
164
6
3
3
129
277
64
2
177
6
25
32
182
212
119
91
144
218
53
117
20
44
23
5
3
55
4
1
152
32
85
9
74
170
147
287
34
24
95
138
42
18
6
1
229
31
11
94
8
3
2
118
21
78
222
158
13
104
13
25
38
1
56
61
6
50
1
46
30
44
279
6
196
30
5
1
138
4
186
10
15
42
60
17
68
29
282
254
46
192
181
5
24
46
29
23
265
3
5
228
250
92
4
26
208
62
71
1
132
180
20
2
72
275
62
12
6
7
41
48
29
139
9
182
27
74
8
1
156
5
23
61
6
14
219
2
55
108
3
4
3
185
121
238
83
28
31
64
1
85
69
26
13
24
41
11
197
8
22
16
100
172
291
8
138
86
3
15
141
53
224
30
27
32
1
2
113
117
271
3
240
289
139
118
11
2
34
56
86
47
5
7
241
3
9
1
11
60
39
11
84
294
42
2
163
270
80
9
24
118
96
87
153
9
54
198
11
18
11
4
2
6
103
30
10
169
115
134
191
198
27
129
197
1
3
175
1
264
1
2
7
53
5
94
26
38
24
209
39
69
6
157
262
1
9
6
24
25
7
46
74
152
260
3
156
141
288
42
259
35
153
2
44
30
5
1
2
223
72
12
24
1
148
1
91
1
93
13
15
34
31
62
1
155
2
181
73
70
56
18
28
4
5
7
49
18
206
8
244
52
1
6
27
86
35
120
170
287
195
5
26
18
22
201
9
122
8
40
10
209
80
22
1
2
8
1
226
10
77
15
275
1
111
1
2
135
8
193
5
1
198
3
191
1
44
148
7
32
11
1
214
1
19
281
101
8
162
257
9
38
7
121
249
65
10
273
3
8
105
72
17
1
30
17
96
286
236
5
29
54
6
2
8
7
5
116
30
1
2
254
18
54
93
116
128
9
62
54
282
163
279
1
9
77
2
28
6
67
