5
17
28
1
58
211
269
144
284
47
25
63
12
6
1
2
277
188
17
12
26
282
35
281
282
164
15
4
209
282
171
53
7
3
9
17
1
19
94
2
18
7
38
71
71
65
74
3
9
167
43
5
1
23
102
295
7
67
9
28
7
4
98
147
181
2
66
265
196
75
30
87
9
166
10
12
7
1
25
16
297
17
1
4
64
7
137
82
114
43
1
1
53
45
137
56
1
1
81
16
86
222
18
43
41
11
58
1
9
8
259
38
13
2
63
64
82
10
125
43
28
285
55
177
12
64
8
7
209
48
249
273
11
247
176
210
14
10
4
266
10
32
22
40
9
18
277
2
56
46
68
11
1
89
89
154
7
13
274
235
226
20
2
26
8
36
80
26
200
18
67
178
258
98
120
36
34
7
76
36
10
142
8
96
135
2
6
183
127
22
212
53
30
240
6
88
94
211
9
12
1
7
84
14
1
1
62
1
3
1
131
139
4
237
14
10
2
3
13
67
63
21
9
224
25
13
80
17
117
2
166
1
22
221
4
79
47
37
5
7
156
123
25
2
7
5
208
136
1
84
255
134
41
268
14
3
31
75
9
245
47
2
31
3
1
28
2
11
9
167
4
14
31
3
198
2
23
33
47
10
268
91
2
13
89
1
129
10
199
19
10
276
198
2
7
182
212
30
103
25
3
9
207
59
10
1
34
5
43
102
21
18
53
8
93
50
15
10
27
197
23
153
142
3
154
32
12
6
14
73
12
108
89
12
90
75
1
5
160
10
18
9
1
185
275
83
1
1
5
31
57
50
2
105
70
2
84
198
74
131
14
33
36
235
64
1
15
275
296
132
130
2
10
50
43
51
4
6
89
75
154
126
22
51
9
7
94
62
12
21
2
3
114
4
173
57
1
170
33
131
199
2
47
24
90
66
3
201
67
74
232
1
43
63
4
15
3
9
92
158
107
14
170
13
37
12
7
55
3
59
122
2
40
3
1
152
170
36
118
55
4
144
63
68
45
32
7
13
1
134
157
36
1
1
7
117
147
136
4
206
129
176
1
295
33
1
1
148
247
163
68
25
88
4
1
241
15
187
1
7
143
15
14
151
4
111
9
109
265
1
33
35
20
24
224
9
151
4
2
175
46
186
114
89
5
202
30
8
3
252
1
4
3
32
70
45
6
211
76
54
223
29
137
53
209
48
20
8
10
37
1
19
40
12
36
40
7
178
3
2
108
50
192
19
37
134
143
18
24
41
243
76
5
39
20
150
77
64
99
5
97
1
109
21
1
49
238
41
86
101
157
36
26
46
124
142
9
91
61
13
195
2
231
2
110
200
183
4
41
20
2
23
1
3
29
3
96
4
235
3
8
30
1
270
11
137
103
34
17
59
32
51
1
178
32
84
245
180
29
71
109
1
211
18
2
99
5
110
1
159
24
286
2
186
27
16
1
212
9
3
11
119
50
7
1
5
15
296
26
52
217
92
2
10
33
218
2
44
100
64
4
1
5
50
253
60
20
2
184
11
39
20
63
81
5
3
212
3
30
20
56
5
111
196
31
218
1
31
20
94
5
251
160
4
4
69
166
133
162
2
239
22
29
1
19
190
31
5
3
64
54
56
69
106
79
2
88
2
3
10
2
42
12
156
62
2
174
45
5
23
11
79
6
92
5
9
10
1
128
211
1
1
22
111
12
1
216
104
8
9
218
109
36
67
12
7
188
15
2
2
85
161
6
10
38
54
184
163
2
5
172
137
32
2
56
93
19
2
4
8
44
120
256
4
59
218
1
194
9
133
1
12
65
73
53
5
34
17
15
162
2
8
284
6
71
63
24
241
13
23
3
28
4
47
27
159
52
298
1
170
1
64
18
6
37
66
4
263
43
5
16
27
150
209
129
154
250
5
40
51
8
47
171
21
207
1
171
31
65
242
18
18
2
33
251
183
263
40
59
5
43
112
1
54
6
34
102
10
293
74
65
87
60
117
6
10
42
2
55
106
234
233
151
101
264
40
23
193
130
30
20
2
149
272
1
13
175
87
51
3
104
54
4
23
3
45
11
18
47
15
125
16
61
120
4
2
188
35
140
80
12
5
34
2
2
216
77
33
251
3
39
19
1
1
72
1
131
3
289
11
195
5
3
284
49
105
23
35
67
94
252
18
24
2
22
171
291
299
107
186
279
29
239
1
14
19
9
85
1
66
253
163
23
48
89
4
147
5
250
1
6
81
191
1
91
96
76
73
11
5
20
1
195
39
1
102
157
13
17
9
1
143
3
23
5
57
149
9
206
105
170
84
20
240
65
282
42
52
3
20
4
47
68
6
2
117
9
5
164
4
224
1
63
3
18
265
52
57
17
239
38
87
77
263
1
263
6
159
195
17
150
5
8
43
9
199
250
99
2
2
15
89
14
210
10
5
27
3
70
10
289
16
12
15
2
