56
252
30
23
296
224
89
272
25
41
5
20
64
126
31
1
1
54
173
243
3
86
79
68
5
3
101
131
4
85
73
148
102
13
7
3
1
34
91
131
7
2
37
1
61
257
3
6
215
96
187
15
3
227
5
104
227
39
57
1
12
8
14
10
10
35
73
6
4
16
4
1
102
36
166
26
7
183
11
20
106
228
197
204
53
244
47
22
57
6
42
199
4
175
40
3
82
3
242
287
159
57
2
3
200
1
5
54
74
5
28
81
228
11
23
34
46
3
245
161
35
227
120
13
16
3
12
140
1
50
6
52
27
7
16
88
111
13
59
7
6
43
3
1
102
1
18
30
255
25
79
24
26
3
40
158
7
33
4
16
12
5
52
17
9
5
217
8
1
181
5
3
21
2
17
70
116
63
29
2
1
1
86
55
213
151
119
4
18
13
2
1
5
13
279
260
239
1
1
68
160
2
58
85
14
146
10
5
168
18
1
9
118
1
2
30
242
1
86
19
1
9
136
10
216
5
23
7
26
69
279
99
82
205
4
5
3
7
21
48
27
153
177
16
59
1
132
54
207
23
256
1
1
25
42
1
61
279
65
5
5
215
133
61
245
29
35
82
14
120
226
87
1
63
145
16
13
2
12
11
155
13
169
22
6
254
32
9
36
72
56
14
107
159
25
6
40
2
51
179
1
136
28
35
51
116
33
32
19
30
210
4
66
186
270
1
60
14
172
1
13
11
91
60
2
174
1
14
4
26
10
26
17
57
233
1
6
83
3
45
3
2
296
103
54
217
62
5
4
9
97
5
110
6
3
35
41
206
123
165
1
50
1
2
24
15
2
18
5
5
2
8
4
57
1
178
12
115
5
5
162
34
6
82
41
207
24
205
93
66
95
161
9
3
29
141
198
9
108
132
1
1
2
20
68
3
68
20
257
81
71
22
182
7
2
25
2
53
205
8
274
2
212
31
139
34
69
9
206
60
110
94
91
3
172
1
165
82
27
1
91
3
81
1
179
4
2
6
260
212
13
46
5
123
105
1
177
9
297
34
6
1
188
18
7
39
262
1
14
43
292
94
5
9
245
28
6
16
36
26
3
51
113
82
1
6
3
6
198
70
77
143
1
245
7
1
92
121
18
1
16
19
44
21
123
10
39
92
3
155
102
241
24
30
14
56
287
44
2
32
12
285
2
40
223
3
165
33
1
68
185
12
125
21
57
2
3
184
1
217
117
122
110
181
6
5
7
2
1
4
145
175
19
20
244
5
16
81
63
1
29
15
20
222
67
14
268
4
208
137
84
165
133
16
46
233
193
40
9
21
8
18
4
47
1
35
142
195
213
214
22
13
54
1
3
7
13
275
10
1
154
94
44
148
6
159
289
112
15
90
170
17
181
19
7
1
16
183
144
1
1
108
192
2
2
4
279
106
56
1
21
3
1
153
2
121
1
1
32
17
2
256
235
9
64
229
75
58
2
56
288
12
30
28
19
5
3
155
94
100
5
11
242
2
18
67
10
15
4
45
50
114
36
2
29
1
93
20
96
1
189
174
231
1
26
2
144
46
125
27
36
4
7
80
3
44
222
177
94
37
82
8
229
14
77
48
14
2
277
8
57
174
7
95
289
12
1
63
31
175
5
3
116
10
172
7
41
4
163
110
104
51
71
231
95
72
23
14
15
196
80
43
95
14
1
15
198
169
16
11
2
294
1
6
157
50
20
196
77
142
2
1
245
5
17
2
240
119
2
3
54
31
235
182
3
31
81
3
4
14
6
1
9
7
3
179
177
14
129
151
67
119
33
1
20
147
1
257
261
218
82
9
8
142
1
74
2
168
26
31
2
179
23
1
35
160
2
283
81
144
98
5
2
166
206
86
37
6
1
23
257
1
39
198
2
1
9
4
69
1
1
6
233
3
226
107
1
197
122
36
24
24
82
15
15
60
17
234
172
67
153
5
33
106
10
3
62
134
86
250
17
14
1
22
135
79
19
10
33
17
39
271
3
5
193
60
140
25
21
43
194
185
102
12
1
1
110
4
8
188
36
137
2
112
6
52
2
25
1
23
284
284
134
23
259
104
126
13
130
95
68
39
150
106
98
17
9
2
11
10
3
3
106
116
17
20
36
150
23
51
44
3
219
143
21
1
7
3
106
67
15
33
89
105
169
78
65
228
20
2
229
2
55
252
135
281
31
8
37
51
128
14
2
133
18
142
26
30
192
10
5
2
32
7
4
235
2
88
60
1
6
2
4
18
1
7
2
1
57
57
8
30
30
91
4
61
49
9
1
33
42
73
293
36
4
17
37
52
77
17
106
253
15
115
44
281
3
30
158
80
61
61
6
197
1
25
167
12
95
219
47
2
120
3
187
19
40
45
1
212
3
20
4
119
70
5
33
1
41
2
209
177
26
90
297
27
2
120
46
36
69
74
43
153
2
