38
1145
299
3783
247
87
1271
189
563
1133
1835
70
453
209
135
197
1809
138
581
1071
1467
501
1629
210
338
782
3068
111
193
212
364
727
136
815
1048
1680
2210
987
8
451
580
1220
1053
1620
567
549
20
4676
411
136
342
548
2505
1402
1313
239
1331
1598
634
120
2519
124
465
7
230
2377
1006
2133
741
111
453
1249
3585
18
136
121
71
2364
323
542
3379
37
882
349
499
434
660
1064
1301
1409
1747
1887
39
723
87
643
2965
576
1010
150
180
1104
160
2162
3337
253
892
419
2201
2536
588
532
63
588
2232
805
767
1318
1957
964
787
399
1026
532
1182
2756
1197
23
1435
305
1119
353
1684
1272
914
976
2647
1081
702
1847
171
231
52
1166
3307
2016
1096
210
2104
248
852
846
2392
90
1457
353
2453
517
219
516
113
227
51
196
1315
184
419
297
1022
1229
117
171
1772
1539
3027
337
499
593
2672
1559
274
3746
907
346
41
330
65
1311
51
1405
3805
227
1310
1694
899
605
1577
142
716
2353
3870
500
344
2132
1221
1168
1681
715
1117
572
1360
68
948
1130
912
1670
203
429
3303
358
95
1768
1298
1033
1201
90
899
1683
12
1649
146
186
1848
602
171
1005
1301
778
1662
1615
314
1844
267
2590
3692
627
82
1543
2729
1090
742
587
977
3519
969
557
213
213
1531
652
323
1296
380
3530
1589
380
525
801
1560
507
2585
871
8
184
650
665
202
92
47
3011
1019
499
707
207
757
234
36
1531
1099
287
1645
61
143
129
2064
263
890
1030
1546
68
2336
11
658
2578
702
1893
1497
363
1192
824
2007
619
1628
1717
37
445
267
435
1591
1344
2942
1318
1052
3276
1385
2544
394
1806
2013
4352
323
30
1138
410
317
204
787
2587
1144
4240
230
541
240
337
608
843
1121
1451
1096
1368
133
949
1809
882
211
104
376
2475
545
471
923
680
4723
43
498
602
433
644
1188
1702
93
207
1263
1282
620
1985
3780
377
201
975
3079
1261
353
678
1931
43
397
1578
195
3425
1239
4873
295
110
735
85
413
128
1060
1
739
172
1387
180
195
706
228
507
930
431
573
89
3880
603
1568
2197
5437
364
846
183
1330
1281
756
974
619
274
592
2190
440
629
1144
1495
967
554
718
1108
71
1237
180
679
1389
36
435
533
854
1402
1984
1067
418
1017
2094
440
181
1601
763
420
1524
259
885
505
297
1017
1024
717
1356
942
1601
21
181
2834
226
611
1616
541
2164
880
22
254
1264
639
323
2815
96
2274
21
1093
243
37
2059
715
2359
800
854
1399
388
109
1938
64
29
1300
1262
1075
905
289
1567
1301
56
517
173
858
902
798
1016
264
634
339
168
2318
561
511
3086
2975
643
147
318
671
410
1180
123
1096
1000
757
818
1124
576
227
576
243
328
7
1711
187
388
789
3782
488
121
1873
547
21
229
479
1044
975
1610
34
276
1168
3386
712
73
44
2247
2008
766
237
177
218
659
5578
202
2818
834
1195
1634
2084
1981
1242
104
1537
768
787
1229
109
84
2043
1659
53
163
403
2093
1001
623
256
3343
1829
3
64
344
753
262
718
1187
1982
2925
1300
983
2014
3941
3613
674
4106
2120
642
7
796
337
1437
814
1200
361
564
2037
1683
2313
1054
4022
516
918
1686
6089
235
585
486
477
252
2220
439
220
580
198
2356
1993
1
4090
1177
952
262
512
806
81
1348
4813
118
2856
184
4563
916
225
1829
486
946
1005
677
864
527
504
2941
1208
67
182
257
2852
870
313
162
1
306
1204
1768
674
335
339
540
696
92
2586
240
2274
4197
229
420
818
746
575
554
30
60
75
1851
573
30
666
867
1050
140
1634
1304
303
814
483
552
1314
543
574
223
2488
2390
1320
2425
1282
745
128
2069
221
290
1136
454
172
1207
892
1134
890
557
224
62
778
897
335
14
451
1100
2305
175
163
612
1567
118
1060
1632
1130
239
6862
49
1273
1341
109
13
81
953
2112
2409
471
468
693
1121
3632
3598
87
361
18
633
1641
2437
956
637
370
2091
1199
3828
53
216
18
778
347
122
379
146
863
123
1390
472
739
87
2066
1381
324
1174
2283
511
3368
581
4941
560
531
57
1696
456
1307
245
2120
109
6
26
830
549
1750
644
1124
111
56
110
1927
46
57
2458
538
479
1051
215
2428
1565
22
365
3287
49
145
238
1579
270
6966
1119
237
525
1301
136
1859
2224
154
1557
16
540
3346
347
458
688
267
687
3240
883
109
387
642
909
375
239
77
461
1341
1503
1580
1
539
178
329
3085
102
1984
131
2165
161
78
5756
1988
850
6240
318
2922
1892
896
3169
23
829
492
2409
1777
1138
3259
12
403
873
751
145
1154
224
1138
68
1288
958
99
3361
503
2364
1616
1443
214
1017
1747
509
116
284
407
356
177
5395
14
737
179
1204
2127
19
388
439
3454
1054
458
451
3917
325
532
2949
1922
435
1481
204
100
186
41
25
252
784
813
619
752
53
75
83
1545
430
26
1078
1476
740
412
2006
2135
1964
142
3211
945
944
425
465
2276
999
1824
778
2213
223
1506
226
618
361
79
578
844
262
3083
915
64
2120
486
320
1330
1378
1475
1794
655
1230
2489
322
1696
2945
55
556
354
573
855
21
2530
1094
714
121
50
448
584
244
1519
283
675
2101
92
358
869
212
218
1025
655
622
970
208
100
1898
278
2612
2667
155
1280
785
1949
1351
433
1745
378
3701
74
983
354
667
1182
92
122
2598
155
543
150
2390
836
180
237
343
1146
1300
5062
254
307
325
118
1399
2056
2409
405
931
952
3092
