181
499
691
75
256
415
1994
525
2216
1365
1863
2441
588
3993
150
700
790
394
256
505
163
653
708
244
982
976
4151
292
74
167
346
358
82
347
1449
6146
20
342
608
555
263
1422
132
191
829
691
862
127
1246
422
3256
735
2301
303
46
922
122
583
274
567
77
982
2059
776
2211
3097
483
136
1478
1182
1446
2009
85
487
141
1453
1501
1356
200
3523
31
1150
172
953
2057
2090
217
163
513
1533
371
963
152
5422
93
181
36
1
1356
235
725
173
292
1058
2020
1545
1237
514
2990
731
620
92
736
110
171
207
491
4054
1720
545
401
731
282
234
1157
2201
516
937
683
1241
961
260
3214
22
386
666
554
1605
1055
1692
1996
726
740
927
874
776
104
592
1845
515
301
608
244
866
3513
821
1403
3392
127
2374
65
3595
1880
318
1306
526
138
1797
915
94
144
1533
425
450
392
915
2078
640
393
99
787
2769
129
1252
873
956
1229
519
908
1527
220
316
1719
358
1360
610
3285
63
1552
891
1022
1122
506
275
382
189
1343
540
1851
105
913
720
115
2212
2396
443
2106
1976
35
2087
1511
253
255
2735
1686
2932
848
2054
1222
255
117
1964
513
252
526
268
335
134
404
3196
1385
671
313
91
924
2052
305
475
2075
2885
1633
335
213
1189
292
147
1327
286
129
1649
2163
1164
5109
2672
249
88
2615
1555
327
182
493
784
722
789
39
320
1823
1636
19
1657
1082
84
2497
695
951
467
53
120
93
1833
512
1011
964
472
937
166
778
17
289
1201
1468
525
77
661
986
1295
2294
2081
4714
508
468
1281
775
1471
1732
76
1369
1133
119
2253
2467
1139
625
1332
390
733
2187
1384
535
435
520
2182
1888
49
318
2094
360
1193
198
196
915
359
2590
2960
565
618
302
284
1484
1886
2046
448
143
3342
230
303
817
19
257
426
1473
2040
1371
361
209
172
398
822
644
209
887
1004
873
74
399
859
15
340
447
8
780
106
3861
312
142
24
905
1477
523
363
235
1529
783
17
8127
325
1195
263
2389
206
30
868
678
770
910
189
11
373
2952
488
866
267
512
145
1949
232
1804
434
2542
457
357
204
2616
2687
989
1235
111
4056
563
2349
335
330
237
3394
618
169
598
896
981
575
172
156
662
1511
811
1689
2450
265
426
2589
722
591
186
463
102
3223
1599
887
1659
399
2846
435
1193
663
1087
249
1002
268
2289
445
2769
946
151
927
1123
686
142
699
208
1480
158
10
1237
1663
1331
267
2329
417
277
853
941
380
181
2351
1480
1071
191
4451
1800
1631
2604
169
1941
1269
1632
756
2690
336
2722
496
77
1002
1094
2268
3534
2956
684
23
724
541
97
22
197
430
276
871
581
1474
4095
479
1897
303
1319
1420
1187
1926
34
1101
506
2944
1395
3289
1577
1041
1635
815
198
2311
432
568
646
955
341
1934
517
591
939
876
188
3788
5057
2601
463
2309
2186
227
647
1781
190
107
1295
2005
33
265
2348
817
560
59
1481
1231
2490
2206
1320
850
440
271
55
845
3187
2759
10
2792
821
2927
299
1101
450
194
1359
1122
2161
175
759
652
1991
1556
1241
496
325
204
774
716
3308
5713
359
877
279
3561
510
127
1709
217
3915
759
178
822
1281
1851
152
360
274
676
388
961
3721
86
504
1973
966
4257
1978
1667
759
199
1706
980
2125
105
2427
187
19
1697
172
362
1085
1331
1312
1858
588
479
769
1606
2694
291
633
1151
1404
119
444
1422
3146
2766
564
2361
1908
1664
138
331
2345
1527
1270
396
44
26
448
920
3232
257
2004
697
2211
340
456
2571
618
2794
151
1593
1538
1426
1522
1751
2438
5404
602
1405
730
3879
419
976
8
1053
1491
2170
2186
299
200
4138
624
1528
2620
1116
831
1997
922
1592
1149
18
625
1008
376
2716
1298
332
164
308
397
201
494
80
255
1941
922
81
1112
3715
728
381
1317
672
940
676
435
201
315
2711
115
2245
62
419
1589
1699
801
1
1158
612
422
1710
879
1419
293
1769
1313
1676
1404
4282
803
1679
485
3510
105
289
622
3362
735
1113
149
17
1067
3184
1061
603
2662
834
769
1345
233
1314
1805
3326
110
414
351
3785
2011
813
102
810
2216
371
2239
200
965
1801
214
1981
1406
3774
505
41
420
615
284
44
606
7204
501
517
14
150
8
649
558
2472
751
245
425
241
1217
749
518
2665
810
268
250
1890
262
1699
104
45
794
411
1309
1968
209
1118
571
969
114
65
456
879
413
1466
504
2415
613
341
149
26
590
5
3122
347
604
320
244
1475
322
872
4732
642
1373
740
403
1616
454
1405
274
251
557
1381
7
7
387
601
332
625
150
1407
163
1775
237
1170
21
59
513
1250
1413
75
34
739
2285
4574
1001
208
3091
581
1365
705
1286
617
161
1478
49
1800
4359
3272
1
62
351
661
194
5
485
186
638
670
606
1005
579
135
1240
1359
286
2353
238
1566
1401
1210
117
1371
2391
1373
248
399
859
4538
265
121
56
635
1934
479
726
901
899
2502
1630
9
826
370
1589
497
498
3936
5990
1630
162
95
2068
113
162
221
759
797
1332
1278
196
1737
2178
588
1914
898
185
1274
3370
27
475
51
3412
796
1018
745
181
1035
596
29
5390
339
200
777
1017
322
207
636
270
455
719
503
4
2260
1241
56
232
464
154
3288
43
31
669
1729
492
487
960
1335
1036
1944
175
191
1334
2415
1061
10
348
347
3786
567
988
1274
1226
66
1112
1413
1079
660
341
58
561
3538
203
759
357
784
556
934
2309
665
611
1558
1137
3966
2162
708
632
