403
822
179
78
394
624
48
1502
97
2401
1284
844
1552
490
374
1916
49
490
1154
1103
439
1562
344
1477
1224
262
329
1396
4
1187
320
2509
852
2544
96
98
4118
1290
2093
666
736
489
35
104
3079
1392
607
551
2524
1727
1375
781
36
197
519
261
426
1120
1024
1065
1200
98
383
1546
1519
252
1671
14
65
519
77
1006
10
147
1824
2139
307
85
560
2715
674
749
2
682
1029
876
4359
333
245
2150
693
395
273
366
2853
864
996
3302
500
967
818
220
1624
528
56
1091
352
2520
475
932
2544
3511
1977
829
81
133
528
95
1395
2643
2929
26
578
1211
1209
24
934
45
3218
1580
976
245
1084
160
222
710
1148
284
265
3029
31
71
144
1099
1134
1623
972
1438
1075
2303
1273
1175
86
388
1419
1180
4296
2227
12
1547
128
1266
40
1209
1982
298
1556
2419
599
3215
43
2321
1794
1137
97
540
477
1418
271
91
243
1060
501
1044
291
830
757
418
1130
666
2108
1619
19
348
1658
1494
702
821
1525
1114
386
2005
1137
963
1097
690
484
1190
668
367
660
504
59
1440
680
1529
168
93
217
1748
300
1055
2389
1095
476
38
642
976
735
395
1398
734
272
735
67
2407
1741
595
4675
437
2080
106
3569
2099
93
633
574
111
269
293
482
211
134
83
1522
248
603
64
387
196
196
1710
850
567
20
1261
122
911
1615
412
1211
1597
250
782
50
73
1445
39
259
11
451
1258
717
1329
3571
1138
785
282
3575
667
253
629
2178
508
420
523
1163
431
1695
521
502
209
381
1830
1102
1579
577
1195
586
2650
921
501
791
1971
835
611
348
66
1394
4351
625
1522
479
953
666
407
890
581
1812
691
602
321
697
219
1447
1499
3216
835
1753
200
445
495
211
2574
1214
613
1134
1588
292
5144
2709
6
401
137
242
107
448
894
534
1660
313
2581
120
1744
682
78
1186
656
279
443
1232
1493
1664
5802
1026
996
114
1754
1458
850
231
508
3518
874
29
1696
303
1622
338
2365
178
490
215
165
873
1117
1
178
126
3539
94
782
173
666
2129
957
990
215
2745
2287
1544
678
777
1041
232
24
550
1144
459
666
472
87
182
786
6072
3529
1472
815
113
1048
1975
1319
727
1639
245
255
503
1512
4386
302
1246
1349
281
153
110
114
2183
449
2236
120
961
2527
2530
1489
1876
1731
2288
936
952
1460
39
985
490
650
815
432
284
2094
2985
146
856
1696
49
155
565
523
236
291
1452
642
3392
3353
12
98
2215
2098
1474
113
1257
1397
365
1136
537
2059
708
447
754
11
1694
345
978
752
1085
76
520
217
832
830
794
352
1908
4956
744
1166
234
511
97
350
1381
89
1847
900
452
583
1523
519
692
654
237
163
713
2475
629
1348
245
423
401
674
515
102
1044
1521
530
1336
207
1851
2647
469
195
168
163
220
1390
354
44
1099
59
1258
1101
816
1337
1437
1487
610
685
173
13
587
646
2897
1530
356
550
255
252
619
236
282
399
1132
738
251
2583
64
1904
1370
212
87
1876
375
138
440
944
793
252
47
815
173
849
3126
394
2313
1116
52
376
463
142
168
930
27
633
3213
694
326
37
210
438
1401
1276
214
359
214
200
3540
867
2965
1758
1016
2329
1018
80
745
1106
248
1655
404
3014
338
625
2150
397
22
618
639
498
667
951
521
1726
1085
1134
573
139
916
3212
1962
616
1592
1375
168
460
1223
1716
236
340
965
1361
274
444
1
2457
2118
1805
156
3884
668
2303
1419
101
1679
678
1908
466
2059
1441
81
1153
933
776
76
223
3908
1105
461
638
603
1476
327
6844
743
646
216
812
867
356
1607
1687
511
65
43
1039
713
301
1796
1132
811
727
954
730
114
478
396
282
1297
2082
84
821
464
1385
547
135
1027
186
806
784
318
0
1114
767
1066
112
2039
584
22
4605
543
2044
208
3442
284
439
1643
262
1187
114
1855
598
205
3070
3653
2197
1620
124
388
789
1515
1354
973
165
115
114
650
458
1671
90
497
4232
1096
532
1736
2963
1973
853
135
3689
280
3445
518
260
1012
345
286
1486
485
1800
1493
654
1815
1548
1684
741
79
592
66
172
1558
1058
307
972
3350
1192
208
1078
606
677
60
1341
1842
142
1526
388
288
87
592
333
1474
558
740
32
1677
137
260
874
57
826
1938
1971
210
687
407
87
25
2893
2124
1783
1145
3058
1292
30
1618
1534
2407
1057
5790
491
968
1150
76
3639
1854
3276
512
392
89
395
528
1205
573
1355
1691
206
887
1056
424
255
247
696
65
2634
205
1947
872
2065
223
2259
5368
1986
978
1100
148
162
18
119
111
1537
119
212
791
1950
1899
4466
1205
35
1312
752
2202
373
802
1977
342
114
66
5024
2406
320
644
2331
1149
555
1484
1233
994
2763
288
791
204
446
981
2698
800
552
111
3172
1271
1957
1011
1186
3843
1072
890
498
492
454
372
375
255
49
186
84
908
1272
112
1351
1584
321
1369
3626
868
1220
629
1910
244
762
704
4088
1084
870
2714
991
511
979
51
1694
720
321
406
69
12
302
831
1025
70
50
381
2193
1182
641
1182
454
40
2102
10755
122
3569
92
540
6
503
2010
1059
2235
2772
47
2069
585
2456
183
197
219
910
82
153
117
1833
1745
864
587
3159
880
1235
450
507
1219
481
1241
435
4641
1685
1032
2036
254
779
1210
1421
2354
3277
947
183
195
587
539
1627
67
698
140
123
1287
1113
224
1716
169
299
207
146
239
2468
950
1274
2403
1167
1601
1996
102
913
1189
2640
602
1589
1844
754
107
560
236
455
702
