24
133
1
202
12
6
256
85
1
70
39
59
67
244
173
250
108
186
9
22
6
20
88
89
195
26
131
199
220
7
116
153
1
12
78
164
2
54
167
140
40
30
7
3
64
55
2
33
82
1
279
121
11
18
7
79
17
22
194
5
30
122
2
65
55
1
111
76
2
22
252
138
2
257
5
234
2
2
1
77
5
146
267
189
7
34
90
231
225
31
300
172
273
102
3
4
297
2
27
127
32
115
242
9
230
181
5
274
74
36
130
56
20
1
138
9
115
11
117
16
2
9
20
1
184
253
178
2
53
1
2
2
16
98
8
70
33
3
5
261
18
225
125
5
10
54
58
12
198
26
3
21
30
133
5
31
1
18
146
5
2
49
149
211
75
1
32
1
278
21
140
8
227
48
270
181
51
1
209
172
5
264
5
10
71
64
155
2
39
178
108
3
62
67
12
54
1
53
1
33
1
1
9
18
261
3
121
144
79
2
12
1
16
4
245
9
6
6
217
109
22
129
50
12
220
1
42
42
256
55
18
136
95
122
12
272
6
240
1
180
44
271
1
19
11
3
100
10
5
45
25
2
189
116
187
80
3
7
18
6
3
123
6
10
136
27
34
27
1
1
234
1
289
184
9
158
13
228
2
16
74
4
2
23
36
14
1
2
263
176
214
279
155
122
260
26
114
4
123
3
2
35
269
247
132
200
62
3
87
1
2
196
9
94
1
44
29
74
46
90
6
29
2
3
8
92
186
4
4
1
6
8
7
34
257
51
287
288
14
84
45
81
69
1
28
126
94
170
7
45
3
144
9
172
7
6
94
1
206
268
33
1
82
1
1
184
49
66
15
127
1
2
136
1
53
107
26
233
2
1
153
34
290
236
176
1
28
27
214
230
5
9
76
124
78
151
1
133
8
4
14
63
5
33
11
50
13
4
17
14
277
3
9
244
172
1
1
155
10
68
65
113
232
125
32
1
2
34
9
1
173
3
109
26
24
60
12
161
7
1
2
54
11
280
62
8
299
21
165
20
175
2
11
66
182
1
187
255
197
1
1
156
284
1
224
67
1
78
177
206
5
65
156
212
1
5
46
3
29
1
9
10
75
18
128
86
16
76
11
40
30
40
20
1
21
81
15
29
2
1
1
1
28
39
16
89
215
118
32
1
22
229
50
187
17
1
71
89
6
38
49
21
36
36
96
261
34
66
85
245
11
10
188
144
24
237
36
11
41
38
78
6
11
46
53
9
58
5
4
2
7
160
96
10
144
1
1
120
128
70
235
293
266
65
39
2
31
28
202
10
23
19
27
1
94
279
193
7
70
28
59
82
2
2
3
12
3
16
78
8
20
70
112
53
136
178
7
120
269
5
3
16
1
98
34
19
100
121
43
3
38
39
13
3
12
4
58
1
19
27
120
1
22
16
39
85
59
8
4
82
147
57
3
2
5
7
2
2
69
140
65
216
137
1
69
37
25
23
1
249
19
127
2
6
25
2
26
5
94
32
10
118
20
5
135
1
171
50
182
13
4
238
28
2
214
1
29
284
86
31
3
90
85
46
252
78
4
30
64
104
117
120
1
21
193
78
4
138
58
6
9
18
5
2
15
2
71
63
3
49
1
3
57
118
25
267
28
219
26
12
105
47
157
61
114
12
9
94
111
72
16
277
35
162
15
212
40
153
104
95
46
29
236
169
69
143
20
41
1
1
14
136
36
2
83
5
21
297
125
76
1
27
61
18
1
242
9
1
10
20
12
8
21
9
38
74
1
101
42
4
25
66
152
219
117
3
244
192
15
3
1
86
13
36
217
261
8
152
45
1
45
1
4
13
137
5
1
151
65
5
29
18
1
262
11
92
22
5
33
173
184
2
122
1
1
52
1
1
253
32
24
236
11
13
2
31
2
206
3
290
15
102
37
34
2
10
14
117
1
38
1
142
3
293
7
7
1
7
1
5
34
204
25
43
8
211
15
6
159
3
226
31
202
25
260
35
129
158
215
32
15
5
8
175
1
18
15
2
1
1
15
3
162
30
15
36
1
1
127
83
3
17
12
3
1
1
55
3
135
28
111
11
82
1
108
113
48
27
79
63
10
165
16
4
10
33
5
96
88
2
37
21
1
3
275
3
223
158
74
75
29
177
53
1
15
4
2
13
29
259
145
14
270
6
67
23
1
46
4
16
18
237
6
11
196
147
19
62
258
114
230
2
30
15
4
125
52
283
22
2
262
102
37
30
1
183
9
17
17
1
8
162
3
1
245
3
59
1
141
7
96
12
77
94
50
62
144
240
76
1
39
2
151
8
21
189
8
236
2
15
16
147
47
2
6
21
14
1
122
172
23
218
1
2
177
195
110
7
61
7
46
3
206
201
146
52
1
41
4
26
27
3
2
17
67
49
5
49
11
5
281
1
184
30
9
123
3
2
13
7
1
120
92
136
167
