2
28
71
98
8
196
219
81
1
4
126
47
11
8
113
2
2
72
246
78
222
26
64
2
297
4
85
115
5
38
133
2
4
1
1
2
10
41
165
25
10
3
47
1
1
1
4
9
6
40
227
31
104
13
1
2
194
13
100
100
129
2
3
1
1
8
4
2
113
239
40
237
253
1
34
30
290
251
13
41
285
1
60
1
298
100
48
5
62
4
5
257
233
11
27
126
3
16
9
17
98
6
20
34
262
296
1
96
1
1
214
14
13
2
29
14
1
2
17
2
2
12
1
73
273
22
20
2
88
12
6
95
8
272
88
85
54
265
114
131
4
235
6
184
257
39
120
27
1
2
52
80
2
31
119
1
3
3
266
1
189
6
18
16
79
49
12
1
14
46
300
164
240
216
2
82
1
83
4
1
14
20
227
143
102
76
10
244
1
1
123
9
22
79
127
221
24
53
43
13
8
210
88
4
6
64
1
13
67
14
123
12
37
37
29
3
15
190
1
57
223
52
2
10
14
22
150
17
15
185
48
17
147
243
2
1
6
2
163
5
176
266
197
20
5
1
50
4
85
26
93
9
5
24
60
6
23
4
9
194
55
98
30
20
3
292
3
7
298
113
105
52
213
26
3
88
3
105
129
91
19
36
28
186
79
85
287
7
110
47
174
2
17
3
3
160
4
27
6
16
5
154
153
2
41
3
23
105
175
5
119
275
297
50
19
103
2
269
95
199
10
22
204
3
6
1
97
44
4
25
34
263
31
171
51
141
209
2
14
5
43
90
1
58
38
75
8
4
2
188
91
129
1
184
131
27
113
251
278
2
30
22
38
3
27
192
61
191
22
2
124
37
44
84
3
55
27
109
9
1
260
60
17
80
132
132
5
22
66
15
2
14
118
11
189
18
85
1
157
61
1
209
190
2
48
288
210
24
222
151
8
3
10
136
2
55
26
283
247
5
33
101
181
157
267
14
70
8
95
86
50
34
86
2
9
71
66
2
262
158
1
11
67
104
2
78
137
1
91
8
58
1
8
2
60
5
128
129
113
137
114
24
214
1
87
2
1
42
57
8
111
34
151
57
135
19
17
104
199
5
102
15
1
27
28
180
41
1
110
9
2
172
13
77
63
14
266
226
1
82
12
209
5
2
2
14
2
1
13
157
196
18
139
125
1
78
10
20
235
14
21
1
111
12
3
215
1
39
23
12
43
15
1
238
28
90
155
41
68
295
4
16
1
4
19
3
92
1
6
9
157
2
266
24
2
106
51
176
2
17
179
3
179
286
169
36
25
296
2
44
256
269
32
276
2
129
17
8
20
9
227
34
94
4
2
41
149
187
129
15
88
192
108
29
146
7
172
63
238
121
23
7
94
191
2
39
5
300
3
50
8
1
2
15
12
74
2
3
74
48
1
286
1
42
1
3
243
259
6
6
1
21
9
1
199
39
17
238
15
54
11
2
52
62
43
6
1
67
167
93
209
19
43
17
264
90
23
20
113
12
233
3
37
1
171
51
7
7
68
27
90
18
4
1
65
117
22
6
196
127
190
206
1
107
103
3
17
10
126
2
4
1
19
2
94
284
33
22
114
164
95
7
39
158
249
10
285
16
163
3
10
147
13
87
80
67
2
92
170
49
35
159
9
53
183
19
25
1
5
3
3
178
2
152
1
12
33
57
139
21
115
102
8
6
1
75
74
35
22
7
73
187
33
269
203
2
1
223
94
175
250
184
40
19
7
7
27
1
12
2
214
1
58
13
70
12
17
141
30
197
10
7
35
6
7
1
8
4
46
1
2
97
110
4
220
62
2
108
4
45
2
23
7
29
104
167
22
1
2
180
94
297
2
276
149
133
26
79
7
158
52
166
2
5
14
2
124
117
136
283
1
218
117
135
17
6
228
1
91
4
196
16
62
95
222
36
41
34
164
34
28
27
73
5
7
4
1
108
18
179
101
53
2
45
7
82
2
52
32
42
8
8
165
5
26
34
9
37
31
3
16
69
23
19
10
23
268
1
54
11
141
1
1
1
111
54
10
3
9
63
5
293
270
113
16
3
3
2
1
42
82
14
4
62
1
44
12
10
287
2
104
37
24
46
45
57
75
26
283
44
11
11
182
167
80
30
4
4
1
37
1
6
48
20
57
3
4
3
55
1
55
1
15
112
28
8
93
62
114
3
27
112
6
6
55
44
24
55
1
4
7
80
294
1
119
12
204
1
101
1
1
255
1
64
137
60
72
18
56
1
216
185
215
9
97
9
275
31
127
9
171
1
5
1
5
10
17
3
234
124
44
201
152
1
193
227
1
32
261
16
9
263
1
3
11
56
282
56
14
8
121
175
28
1
9
291
3
2
12
2
16
214
34
6
111
11
268
5
41
2
70
46
6
50
150
146
4
144
2
9
72
1
19
2
4
35
199
140
63
35
16
34
60
10
9
