1598
42
1402
368
859
458
848
259
3237
89
2476
664
366
1227
15
497
1665
928
1704
1389
1927
339
414
229
2092
2566
1789
1883
77
900
365
69
1450
990
1364
2799
1217
987
1
366
445
273
292
773
207
1410
582
1777
749
580
504
329
464
1398
1297
6
2058
644
147
1188
687
437
176
2089
2266
81
143
1647
1606
65
398
40
1440
1405
202
1350
1212
332
280
1328
1597
504
2185
1088
810
369
699
593
4052
3725
20
33
254
330
1982
2743
756
259
2376
281
1150
18
986
1281
1274
283
635
470
548
1577
85
1693
611
48
80
641
166
250
606
450
1503
115
3893
65
263
3038
255
76
96
409
48
1178
1567
1270
194
179
1376
1842
243
522
382
461
48
754
2002
2385
299
382
332
156
1366
1098
2243
215
989
1735
1700
906
237
1544
333
19
965
181
1124
300
362
1610
57
702
330
220
4041
145
819
218
273
290
1232
1024
376
61
1370
15
1039
206
1748
11
1766
418
297
2341
140
444
893
917
521
3170
334
2226
577
3575
2278
83
1022
1024
904
1008
694
613
2141
285
81
859
713
1636
572
3146
513
122
291
4023
1590
356
1891
881
2716
611
245
92
375
616
1022
113
1170
1331
105
1998
1578
20
169
2394
2125
3796
9
2770
401
1295
473
62
19
4070
4788
158
1374
531
86
501
981
1629
115
1815
143
187
261
458
231
597
2380
428
34
150
1546
626
117
510
1027
1289
46
177
755
1034
1599
314
309
1615
589
520
175
684
561
335
65
1145
754
459
569
3250
978
914
996
460
659
2640
838
422
234
634
415
700
364
430
385
326
1385
1188
332
1453
353
1190
498
735
821
2316
814
529
11
1077
392
1174
513
1073
281
4485
1244
490
827
2827
437
404
401
1023
210
15
4301
558
1422
1351
1540
2252
1599
1287
1339
510
1157
121
2057
306
3784
682
523
3254
845
579
7
380
1920
619
882
670
2077
310
204
1290
774
236
455
252
165
257
1199
1775
2063
270
280
2045
685
869
560
337
890
1162
413
88
576
434
1074
1963
127
967
1044
242
23
2542
1888
1851
62
11
1970
108
90
250
8
1484
732
46
1005
405
3932
2011
169
226
149
732
590
1993
1072
46
726
155
721
101
377
798
95
48
427
398
2891
448
933
17
677
435
2176
304
43
711
1043
61
446
132
507
483
834
2060
289
3212
811
351
50
90
1323
1169
1328
1312
1504
636
775
466
1119
1047
433
1765
1324
156
1883
1475
105
332
1309
1156
1435
26
1527
1047
1703
748
822
112
2064
57
930
767
2088
265
2970
792
51
22
602
988
2768
1300
1110
355
298
73
440
74
1303
1230
261
1720
252
652
428
1837
707
83
361
1084
622
3506
2628
2208
845
763
175
194
1050
778
636
116
81
1695
1561
749
192
331
285
906
47
474
451
193
1411
939
987
1997
580
11
95
772
641
1199
1030
104
1372
2784
531
858
507
203
65
2034
793
370
266
1815
1133
49
260
751
218
1340
473
6
1539
29
1380
216
171
1957
603
1426
938
611
428
914
4468
691
572
909
1162
878
954
835
1235
1701
2150
433
53
214
1573
597
696
218
906
393
683
13
579
851
2319
123
112
345
1626
252
3325
1387
595
534
256
958
3004
1792
620
578
2040
707
1379
1146
323
609
91
1540
408
975
34
829
1160
3293
645
1305
950
908
2446
148
928
702
3681
2356
2375
1424
17
53
26
522
958
373
92
1362
356
103
37
8
232
3170
54
1635
1127
2017
374
439
1600
2556
709
1841
364
127
182
2048
57
4337
103
75
954
218
165
1016
1172
2232
447
865
243
837
751
4676
867
155
1063
221
265
101
2156
602
645
21
367
2086
1040
731
231
1260
192
380
120
376
271
2388
81
149
4201
750
514
321
1989
77
397
127
590
2140
1006
179
1177
875
189
185
537
175
770
195
596
1189
4180
54
713
607
1215
3041
139
173
156
17
49
1043
496
841
438
471
2961
1425
270
755
4653
45
982
21
1723
30
832
2818
154
1609
2938
101
2298
1026
1767
218
991
362
2014
578
175
144
686
1
210
2791
338
1928
753
264
1066
408
128
2354
336
164
863
409
163
5256
286
1017
507
620
98
1363
184
785
1785
818
487
2281
671
1849
622
114
388
222
3665
783
2272
483
1728
1430
66
4717
420
26
837
4356
1288
507
562
114
1646
1690
245
729
32
774
1509
358
1113
1145
2620
1292
751
2940
1738
1364
195
1059
440
186
894
1453
1257
1761
1112
401
1000
286
212
22
222
36
99
901
2183
380
424
1134
1602
1015
651
339
2908
451
4659
3344
1162
156
1514
240
330
285
1089
1133
434
6849
3237
3639
10
3733
2875
945
465
209
400
617
4349
275
902
1595
851
392
274
1053
615
806
3720
1132
122
677
2578
239
502
840
798
565
417
2394
1860
434
650
140
1362
1170
271
67
214
116
1290
491
623
666
610
762
99
651
31
524
1123
522
1358
401
1236
369
851
1590
1073
644
243
1569
1878
1811
1278
496
173
1300
664
53
10
3240
1743
735
2452
379
980
77
1518
2788
399
1662
116
634
68
266
1076
241
279
1881
730
2549
526
694
1083
14
367
2454
859
831
1435
1395
32
835
148
385
173
452
1259
428
492
192
39
180
2488
33
572
729
58
164
1341
355
2096
704
905
2140
396
627
177
24
116
1022
1311
33
514
1086
409
103
385
373
878
2626
655
2354
245
138
365
45
771
147
553
1142
10
148
567
1617
749
1482
656
1457
481
1144
421
773
549
921
126
1079
374
102
1031
19
661
239
59
353
244
