2671
5467
1861
94
375
913
829
1644
1361
537
117
1909
949
435
1217
966
1194
1440
1120
686
684
621
419
1459
1392
269
1094
69
434
130
961
1566
939
2766
978
3719
625
597
470
83
2350
259
3386
1714
111
419
488
1256
1242
404
1709
1142
127
1764
513
1557
571
188
149
564
324
590
297
965
692
32
422
672
1312
157
112
762
686
131
749
1759
112
815
2891
1179
581
153
1041
892
3946
631
133
731
1470
387
365
1244
57
42
120
268
1518
131
94
448
1646
51
794
791
1603
1199
636
139
2729
1490
1760
696
1048
1761
512
795
94
1409
2274
43
285
338
670
2373
1025
473
1656
23
821
3144
711
1272
1645
284
191
4425
159
46
200
846
389
154
1496
31
1214
444
135
20
2016
1396
1343
1378
984
816
2792
531
59
185
1600
920
253
768
829
881
719
2946
345
456
1446
545
1354
1147
2041
1337
688
465
225
74
178
2750
735
2836
184
3662
702
2706
464
1271
449
773
1334
135
1595
1063
400
68
394
1788
926
82
390
3638
1427
1526
458
2537
495
1286
278
2100
394
56
607
2133
296
632
425
1472
1612
884
2686
871
1220
269
624
213
1276
214
2324
9
2157
3
127
409
408
164
1787
165
1020
151
64
1017
595
1070
193
1953
3260
584
1314
348
294
664
3244
492
1785
860
1313
318
1643
571
291
1228
3205
2588
2259
1614
181
56
387
390
663
483
678
206
9
1130
989
371
197
320
722
517
240
4350
2388
824
739
1555
859
1089
2571
662
1022
426
2966
477
430
0
463
233
296
20
3457
1579
328
1054
686
697
166
584
25
3349
66
1978
2627
451
145
1478
102
434
401
4395
1743
478
1395
3903
360
15
1157
2502
1800
118
1674
627
1771
2478
151
285
1643
1172
663
1290
43
493
1384
475
3852
2227
627
748
1272
1609
1325
1172
2058
2841
2958
2038
64
2388
34
663
584
2791
613
155
1038
1248
1609
2094
1663
634
1465
702
978
15
487
132
1295
2929
233
278
2279
1056
2289
18
229
1644
814
885
361
798
179
307
829
302
1975
134
705
196
407
1774
523
214
1548
1447
394
649
1320
269
848
362
881
455
1681
772
919
600
1166
505
189
580
829
882
2544
4942
1568
115
763
1371
1211
513
1077
256
83
667
379
878
1147
2475
837
476
36
693
1007
427
1611
815
2172
2106
127
345
1234
2455
252
440
664
499
418
1317
1
233
398
2330
786
247
115
1963
400
24
549
1168
243
307
2565
1862
142
2121
2321
2805
456
459
792
3273
3844
512
252
1261
1753
611
20
1080
1227
3689
1626
3566
687
188
1903
446
2129
673
1666
792
939
38
466
134
1604
540
380
4098
1227
2272
1280
712
3802
366
4164
711
272
775
50
51
18
1364
82
569
435
2838
916
1316
306
368
37
1362
1237
1691
279
1252
7
876
2
1545
486
849
1234
3921
256
1223
32
596
1275
918
987
2621
2321
718
186
681
286
1133
1548
392
180
4218
1654
110
2356
616
1963
1071
664
1150
496
2891
476
374
2854
61
3167
442
1024
1273
1612
142
2344
1784
1852
367
62
687
731
2597
2113
632
195
590
790
1206
219
1167
1674
215
466
3934
1023
1209
561
1343
805
882
435
110
872
588
2630
2007
3495
2692
188
757
1149
363
350
346
1857
54
94
2579
320
950
501
1118
2279
603
30
2809
477
289
1867
335
264
337
1060
139
3284
613
2219
8
1564
755
1165
149
269
1748
443
1024
1083
1371
46
954
274
201
3286
1377
2287
271
433
52
72
715
1388
500
192
1287
1060
1160
431
1870
186
975
516
823
665
332
124
1318
399
44
322
158
133
390
1222
360
901
193
286
1481
2394
894
240
1053
1004
269
153
1742
128
370
1952
751
624
2412
55
319
245
424
5178
467
1596
1294
1316
1138
1174
819
1099
6062
39
137
2853
2449
1131
174
562
605
865
38
305
117
252
1861
27
698
258
1760
418
1139
385
1807
1895
376
541
78
2527
295
234
680
141
786
48
388
54
618
103
7
2355
419
3833
81
1267
162
341
40
107
869
1281
599
360
442
2062
308
796
578
37
156
246
431
1690
16
512
256
479
34
1096
144
2649
844
2565
1997
2564
652
2640
1332
1785
918
1175
1715
182
993
4475
31
140
1852
163
1662
448
35
169
666
908
2598
1359
724
392
268
423
281
972
222
198
791
540
74
1049
2627
1781
1234
802
248
37
1931
3147
213
8274
1076
1109
610
283
951
980
229
933
2355
53
186
124
584
916
115
1244
594
2817
172
502
1588
305
40
472
431
4104
3502
538
1952
975
557
1305
358
307
2036
221
5085
1979
2776
134
1779
409
748
1021
1160
1345
494
1020
1850
1999
2012
21
331
177
1451
2194
1059
958
923
2588
1436
754
1661
1534
610
130
758
73
1221
53
920
2523
751
2608
1479
1665
1078
2929
454
486
20
189
706
838
2112
2833
69
1363
1391
77
176
1362
1670
439
1715
212
549
268
1052
104
623
700
2493
404
2186
1023
410
787
1962
530
840
414
948
19
1510
109
806
1448
748
5994
677
555
274
1179
240
457
1530
1137
319
208
1277
537
115
3081
533
892
1507
673
166
3538
313
134
413
369
41
198
196
1056
497
419
1539
3114
1115
156
1466
3234
240
1714
655
1166
4020
1251
417
737
301
1318
2415
660
89
1055
173
539
3277
2454
871
381
448
720
923
573
878
1302
967
195
247
340
232
1087
1655
1542
1937
217
1440
371
562
1500
698
329
971
2266
1712
640
189
1674
1156
1952
284
505
1522
1574
326
212
154
658
1577
499
481
157
1687
1263
126
145
328
857
338
1768
566
15
2338
6838
