17
2
1
189
114
1
75
18
44
89
7
15
48
34
2
188
4
87
234
51
145
83
57
55
68
62
235
5
117
114
286
287
59
2
127
119
214
135
125
41
160
9
6
219
2
4
4
37
1
215
28
20
54
14
181
13
166
167
1
10
18
66
82
106
4
1
183
1
15
147
38
103
61
4
122
69
1
9
1
16
1
2
57
32
3
35
200
2
131
1
95
148
1
27
103
19
291
17
1
2
271
4
53
271
169
151
6
39
149
112
4
50
4
18
29
2
1
17
188
7
3
27
124
159
24
205
9
247
3
10
2
118
7
65
88
5
34
110
54
1
34
23
223
93
107
11
49
52
156
29
84
3
16
130
108
118
22
287
39
34
55
56
29
52
7
28
2
1
225
12
37
165
114
270
25
4
156
10
4
1
93
81
51
154
3
7
62
58
57
191
1
59
1
7
71
153
31
60
2
37
12
75
9
280
72
116
216
14
6
14
40
45
4
55
190
289
71
1
32
4
146
143
157
46
114
228
9
6
88
39
6
40
173
92
107
100
60
139
5
2
41
19
271
112
2
22
21
4
64
3
193
55
244
6
4
203
87
60
53
241
15
3
1
7
58
3
49
18
6
2
66
258
45
56
162
147
9
216
128
192
54
13
2
25
1
82
157
3
11
2
14
21
103
89
11
4
7
21
53
1
204
15
3
17
239
135
47
5
161
106
136
87
6
5
76
74
3
3
25
4
1
275
49
40
140
95
188
59
1
3
10
57
158
6
1
28
13
91
84
1
8
64
65
9
89
44
8
11
233
181
25
1
24
84
97
143
211
16
68
1
263
5
44
9
82
89
9
43
13
131
6
2
49
218
44
184
93
1
1
51
2
37
29
248
4
19
1
11
5
1
13
101
3
146
161
213
254
16
7
18
9
137
113
4
42
46
1
62
225
1
8
45
273
84
3
1
168
11
255
19
19
114
9
1
21
4
79
172
152
36
184
14
126
1
65
96
253
26
213
251
156
133
7
244
33
20
3
82
193
23
159
1
147
4
2
80
2
217
243
101
33
37
293
1
148
71
18
2
290
22
8
1
1
8
14
74
1
74
52
23
217
2
140
4
1
1
274
144
5
1
6
17
68
10
9
99
32
4
31
209
16
3
3
1
6
72
7
122
43
22
164
113
2
82
119
43
93
3
2
30
27
4
66
64
1
168
14
7
3
18
96
154
45
64
1
96
179
236
13
104
23
15
3
234
96
122
121
1
38
27
36
69
134
4
39
19
126
2
160
2
115
119
162
138
3
13
6
57
101
40
18
46
108
51
31
141
114
64
17
3
11
102
45
71
4
1
2
10
10
4
6
2
218
1
271
9
75
29
96
143
9
15
1
8
138
2
24
47
26
81
120
135
5
261
11
16
1
21
2
13
24
26
5
1
109
5
111
15
13
50
6
177
2
8
49
1
18
17
291
65
18
2
33
51
251
177
35
61
73
18
20
27
162
5
133
49
13
45
19
15
32
21
7
35
32
1
133
13
4
39
44
60
106
136
1
2
163
274
134
12
2
43
132
12
25
22
5
1
55
172
13
100
114
41
28
93
115
168
8
11
68
45
128
25
24
238
164
1
42
67
14
13
1
64
2
181
24
195
128
14
2
4
35
4
36
77
1
217
17
67
170
3
3
1
283
27
182
21
26
6
3
36
1
289
175
1
14
5
17
16
2
238
80
296
2
2
90
72
33
116
6
21
4
3
66
18
32
38
9
5
261
3
70
1
69
44
3
180
18
18
4
4
3
32
8
24
202
3
49
15
190
227
199
9
28
8
29
237
27
48
9
86
56
14
3
4
122
42
4
119
2
4
173
70
129
64
1
16
11
174
110
7
1
80
7
111
217
196
30
13
88
265
4
21
109
151
166
58
154
258
1
226
115
79
16
57
10
98
72
38
2
95
3
200
17
1
1
10
188
1
4
80
242
216
19
11
82
3
60
2
4
197
83
26
182
115
89
1
2
5
127
8
1
1
72
40
71
16
1
88
71
23
177
15
21
1
27
63
38
18
252
78
179
14
11
146
4
2
8
10
38
1
1
28
232
67
136
136
38
67
43
1
119
59
4
3
17
63
89
41
1
185
63
262
160
1
2
212
18
6
152
57
3
3
128
5
14
1
187
14
128
14
6
92
68
267
24
1
221
54
91
41
3
3
85
2
36
217
88
166
148
230
32
5
37
99
49
2
165
26
231
23
13
3
4
195
14
86
199
194
173
40
1
46
12
258
20
1
12
53
1
73
17
1
3
251
16
7
285
18
54
11
1
2
85
49
141
170
8
64
1
1
186
12
2
2
141
17
3
18
46
17
1
144
4
55
24
34
1
2
185
291
138
29
88
245
39
124
177
22
8
5
12
60
11
185
8
6
2
1
221
221
253
1
201
156
186
3
168
49
142
17
3
229
2
