8
3
38
1
110
16
256
233
113
54
13
34
83
87
117
2
10
262
1
149
2
62
8
84
7
176
30
2
1
36
53
1
24
1
30
2
87
28
18
71
4
212
16
84
132
5
3
1
3
175
141
64
1
236
46
40
104
136
110
263
176
172
7
19
10
8
6
126
74
3
29
24
2
86
21
16
39
3
92
3
9
132
35
131
1
1
52
14
284
1
261
1
141
50
5
2
97
31
49
230
25
13
31
1
143
148
211
138
76
14
155
28
44
1
212
70
39
51
1
100
15
105
3
217
30
56
77
32
2
30
10
3
53
74
30
2
3
1
2
61
43
142
256
91
84
247
13
3
261
95
76
1
11
221
115
87
214
10
14
6
130
20
14
141
2
58
9
2
292
14
2
3
12
37
54
21
2
9
123
9
37
94
64
213
11
170
26
6
55
37
15
58
86
300
213
2
3
2
5
224
20
41
28
5
112
24
16
1
26
76
10
3
107
152
116
5
22
1
5
19
241
96
20
21
15
8
21
28
266
1
48
15
18
1
21
7
233
6
124
66
155
19
117
97
11
166
1
15
42
179
106
8
2
274
163
240
1
30
281
1
25
15
5
11
218
177
28
21
97
88
133
5
7
32
146
34
1
30
1
1
113
2
46
1
80
269
98
3
10
13
7
200
22
262
5
267
2
64
1
2
5
13
255
111
1
32
24
34
2
90
11
97
6
2
7
8
1
88
30
10
31
136
116
126
4
3
1
105
217
53
1
20
28
26
267
49
11
15
206
8
1
12
61
11
1
106
33
10
120
50
1
14
65
19
78
147
30
35
3
58
5
1
19
29
14
193
5
4
4
251
43
197
200
106
280
24
76
161
4
98
1
80
13
180
98
126
194
44
4
165
39
82
137
9
113
185
1
19
112
1
137
92
70
137
8
2
5
1
16
26
92
10
71
4
1
59
5
5
1
25
31
187
170
60
7
201
2
13
170
106
16
92
288
190
25
1
6
181
262
185
1
21
1
2
2
10
229
197
66
248
76
3
68
17
78
8
1
63
1
5
18
1
1
6
2
81
291
144
43
237
122
2
36
59
22
164
66
159
39
97
222
32
1
191
3
162
150
12
84
192
44
91
41
7
3
2
2
153
50
137
4
33
10
46
178
2
31
64
84
111
100
242
29
16
1
16
232
6
4
10
37
1
15
271
1
1
7
1
167
96
1
182
200
106
90
83
142
140
7
2
58
72
149
3
10
5
23
29
113
22
8
250
16
36
296
3
2
1
104
165
44
244
164
98
10
33
5
7
170
10
135
7
7
26
258
14
223
2
27
83
7
291
15
263
38
9
110
22
10
38
1
74
168
111
26
59
7
10
101
16
5
2
1
4
169
1
5
28
272
232
58
8
191
144
211
239
98
29
13
83
1
21
63
185
252
17
1
19
250
106
37
69
10
281
261
26
224
24
18
43
54
16
11
139
2
15
41
28
118
94
56
3
29
21
4
30
27
44
1
102
149
25
31
136
6
15
12
201
29
7
120
32
155
4
4
1
2
32
39
16
184
19
162
1
48
1
22
202
5
6
77
14
92
31
1
102
7
132
179
71
75
99
14
21
1
19
39
1
8
5
4
208
153
55
80
183
3
70
77
144
248
27
66
74
23
54
204
37
5
4
74
176
23
1
86
2
26
10
65
6
5
275
3
4
171
164
2
103
4
37
84
7
44
53
10
152
109
74
12
1
199
254
39
23
4
7
140
81
2
152
60
13
72
114
90
2
96
8
47
12
72
55
13
48
7
69
2
8
221
3
37
36
4
1
252
1
1
28
36
12
29
1
243
2
234
7
109
194
10
11
1
35
220
20
109
32
12
46
193
79
103
199
6
258
206
15
1
1
22
24
2
115
59
20
119
278
69
54
187
7
269
181
6
35
26
85
19
29
23
30
255
5
133
213
154
131
164
16
2
15
65
112
15
46
251
273
9
160
13
3
4
88
81
118
1
243
9
39
290
33
5
60
300
1
9
26
27
72
51
51
163
275
2
17
15
1
18
35
83
4
36
23
104
225
143
4
75
119
276
252
1
2
17
7
1
224
2
8
12
4
2
40
127
134
1
231
1
8
181
166
147
18
70
3
6
138
3
1
25
210
1
22
23
3
6
1
54
170
200
22
1
6
30
18
76
206
33
1
212
32
9
238
136
83
4
36
3
54
196
50
46
155
24
175
40
6
3
262
143
144
1
1
49
34
65
185
74
208
177
2
52
13
2
3
198
223
1
9
16
82
67
106
4
208
67
15
14
38
32
2
24
13
43
20
32
25
8
30
18
223
42
4
18
73
2
15
1
32
167
76
48
5
43
3
29
181
4
287
8
138
1
15
119
113
1
18
57
1
44
195
4
6
163
3
1
23
1
238
42
137
18
16
20
73
66
97
29
5
12
2
44
1
150
6
18
