10
61
7
1
296
99
20
3
2
26
1
15
11
2
103
75
33
184
261
14
1
196
4
1
251
20
104
73
126
23
102
3
3
30
9
2
60
4
12
162
6
7
34
233
20
20
85
112
19
4
262
8
153
168
162
1
119
8
86
119
15
3
1
9
245
1
71
3
145
2
77
128
5
9
22
2
14
15
1
198
17
274
42
9
33
47
8
104
97
11
193
65
1
3
27
9
159
224
4
136
2
12
278
112
186
26
7
3
7
96
2
1
11
33
16
213
187
4
1
7
12
15
47
45
95
2
243
18
1
66
166
5
3
3
9
4
269
1
271
148
18
16
67
197
4
171
44
44
25
38
2
14
2
9
1
17
258
3
15
40
41
124
5
101
1
4
29
45
99
210
76
65
2
27
18
18
16
48
108
6
132
3
27
156
11
4
107
38
174
7
2
3
89
47
208
58
9
16
3
1
1
24
248
8
64
70
2
119
116
74
183
150
94
53
3
97
1
8
40
60
13
159
53
8
3
73
10
83
96
295
4
13
1
32
64
9
270
284
12
3
34
41
257
62
51
25
87
5
184
140
10
1
5
13
1
32
6
45
163
12
195
4
86
21
3
138
7
4
5
22
141
53
16
33
276
213
4
1
34
4
3
36
23
287
9
1
51
7
74
48
38
4
22
6
211
110
103
40
17
2
239
53
79
14
20
66
1
8
11
5
55
25
49
4
5
159
38
26
4
1
199
128
195
246
1
64
39
1
13
107
66
103
24
79
23
6
201
2
171
11
47
91
2
82
1
61
71
23
1
68
3
2
32
5
262
5
286
275
2
220
13
21
2
11
60
63
19
14
101
266
39
117
127
3
13
25
9
16
32
2
176
5
2
2
167
67
235
1
295
12
63
210
170
276
47
2
32
7
166
7
128
7
11
232
68
25
35
20
66
50
108
18
3
75
61
4
9
2
65
24
2
178
63
140
38
3
2
6
1
23
230
8
58
10
10
8
118
18
37
246
5
21
21
268
2
21
35
67
124
5
46
24
6
65
7
79
16
3
1
25
5
6
71
77
40
65
19
46
146
2
1
4
113
56
28
72
128
86
1
56
26
73
53
1
93
105
14
2
1
3
1
73
4
260
6
7
36
74
163
77
73
223
1
35
43
199
266
23
5
15
145
47
40
9
253
51
138
269
134
55
16
36
14
3
1
17
3
3
16
8
54
120
252
108
1
25
7
258
36
84
9
20
59
1
1
2
1
3
2
12
78
1
133
34
3
2
57
10
296
71
213
2
28
12
161
2
158
16
289
251
144
50
7
269
102
19
79
1
30
130
78
27
8
36
4
155
34
23
130
260
1
2
23
270
44
162
6
41
47
222
2
17
177
4
20
95
16
294
98
1
197
294
58
41
18
32
75
32
26
20
36
26
44
1
28
3
22
1
141
205
25
153
8
79
155
1
61
22
1
1
236
4
1
62
204
21
2
53
196
170
56
189
108
2
39
70
165
3
283
94
262
63
21
16
30
1
66
229
17
9
59
16
9
20
166
4
65
10
130
1
2
2
65
35
1
8
204
26
49
6
60
297
33
2
100
191
119
30
86
97
66
31
30
6
195
69
51
134
24
222
168
81
223
200
135
73
186
40
91
2
26
137
16
218
88
10
197
5
1
66
59
4
257
93
5
210
12
23
8
284
11
4
157
22
6
40
29
10
229
269
2
289
2
20
39
163
4
128
110
22
2
243
10
6
73
31
48
5
1
10
271
10
6
15
122
160
3
118
118
3
121
26
103
287
59
28
3
44
233
1
17
2
9
228
1
273
1
2
14
172
36
66
1
2
120
67
6
143
2
10
77
2
38
9
153
27
64
2
190
4
284
51
23
153
57
171
61
168
195
285
75
3
285
4
3
11
11
3
44
32
263
10
91
64
145
13
4
1
112
36
108
143
1
5
21
61
2
199
16
3
256
42
6
7
7
130
27
1
281
12
4
12
3
112
165
7
179
1
3
24
138
4
43
176
78
34
16
2
41
222
22
1
1
5
7
1
74
36
258
55
6
1
81
20
137
36
6
101
5
24
3
2
11
5
5
10
15
86
8
6
231
2
140
36
4
181
75
6
252
20
65
11
191
9
14
25
1
1
1
59
28
1
98
288
68
2
249
43
42
134
152
49
1
9
2
29
5
1
189
108
10
96
28
174
21
10
94
1
67
5
6
19
1
20
145
3
9
24
2
2
277
39
233
80
2
23
15
133
41
3
8
4
2
208
19
3
24
5
28
36
10
97
216
30
73
50
11
34
5
18
32
6
18
6
32
132
218
69
223
9
64
28
94
164
42
1
12
77
214
7
151
18
1
14
66
1
21
8
17
41
5
20
5
67
295
57
31
137
2
42
34
185
123
13
87
1
24
9
1
40
242
221
109
2
123
1
22
56
223
135
237
179
10
22
12
