767
2274
1449
926
67
900
1420
42
2579
1899
1775
323
587
629
1243
1072
201
23
1015
369
92
1761
877
2137
1477
362
3072
808
621
569
1258
2429
163
491
256
1128
472
693
40
519
1540
574
651
181
705
1848
1047
243
1549
1022
497
1152
1021
288
127
212
70
2309
385
103
392
666
1649
1643
324
73
504
364
91
465
203
1220
86
1159
255
1933
300
146
92
4540
4233
830
609
868
1084
123
951
1021
2379
2274
702
2748
206
2641
276
258
343
366
759
987
1363
256
1208
2460
347
102
2072
3667
941
758
1646
787
193
21
26
521
334
729
1179
489
572
704
1132
3684
2740
471
755
157
186
70
797
943
1730
189
999
2821
1619
1621
1933
449
888
155
580
546
4229
535
1069
1377
268
942
1892
1762
1680
135
67
1729
620
453
1135
245
562
257
319
437
2279
2736
273
6
1751
1385
135
2010
216
62
228
659
106
5552
1542
752
1827
694
1883
674
1929
237
6
510
6123
78
2729
85
1030
3113
118
437
1062
593
2422
13
2040
295
505
1209
969
46
747
689
369
1066
414
1980
966
182
3495
1447
1906
1952
219
621
625
156
1795
1691
26
1226
313
468
2252
552
1388
366
935
2186
145
1088
1752
1072
802
713
39
771
1272
1446
250
207
255
1163
884
92
304
188
475
622
280
395
158
2443
259
436
248
386
0
11
290
2301
1225
1679
3676
76
2694
961
148
114
228
2188
23
1933
165
447
1847
764
518
457
1979
43
2338
883
1067
1011
42
4856
7
2999
256
84
185
29
1335
279
2557
3038
716
108
2188
580
2660
2137
749
462
887
570
1310
1339
86
63
46
507
2546
989
744
48
358
7
482
1496
3255
573
538
405
386
357
1622
191
980
2620
1025
399
908
92
1274
36
493
285
331
1896
86
193
66
116
2459
1926
567
851
1558
7286
284
981
1505
1935
840
514
1524
1655
4868
224
2948
242
1500
183
879
898
1150
360
4715
1246
720
1169
275
238
1388
141
4015
378
1269
4464
142
58
1599
108
232
88
1178
785
572
1627
767
3165
774
3424
364
972
960
1260
734
16
1129
430
972
1218
1686
370
1462
71
224
634
2708
1009
1303
462
1904
1584
2671
120
1446
547
618
1759
739
1748
1080
4403
554
358
452
248
245
1677
515
1325
172
863
334
73
795
122
162
107
787
968
101
485
173
1672
500
782
300
922
610
687
832
400
670
283
760
1088
442
43
674
712
1587
1945
1676
2377
1090
786
1241
4048
901
1464
561
1503
468
524
135
63
215
1747
6
1081
3238
1743
617
5085
2163
1301
1424
299
1211
286
3795
1036
128
458
1010
108
753
721
158
1783
105
324
956
649
634
432
2256
1083
231
16
962
339
667
646
712
220
8
1731
2854
6
1772
2915
25
2379
202
245
19
354
286
976
82
629
76
370
115
1490
385
175
424
906
657
664
622
124
180
1688
438
428
367
178
661
1088
516
413
1950
2850
27
57
314
415
133
874
1051
1703
173
504
250
90
400
1599
351
341
615
696
2274
31
545
145
985
1374
359
955
2423
814
1045
94
2716
487
781
3222
2285
290
209
976
1743
1492
3004
205
101
531
1040
571
1127
163
560
400
192
537
449
3363
505
1395
1236
338
681
673
550
1668
62
629
106
664
331
46
592
66
1480
174
234
37
5942
1289
162
1800
463
85
217
3016
215
90
192
717
261
295
83
1985
1073
166
738
744
2029
919
465
137
1089
965
3212
3342
499
168
772
16
558
1978
1500
2295
844
831
1278
195
111
18
24
1885
18
35
770
127
340
680
28
1676
1061
2508
1578
2450
1633
1872
338
605
1790
555
267
480
473
522
2379
1460
2676
2864
1526
319
138
3026
145
336
474
2
1166
2265
926
2966
3302
1676
1695
403
1295
1343
81
166
637
1152
498
769
223
2961
3003
917
1069
2061
361
657
291
3101
2365
273
2324
281
1427
2894
154
506
1044
1168
2012
2973
243
716
1377
1496
423
323
2990
5037
141
223
303
759
212
102
827
1652
52
280
82
54
1762
4122
667
2059
1072
227
2331
842
2378
968
1921
69
2820
801
231
543
779
1125
225
1959
1230
1735
1308
3543
1135
716
584
93
2428
687
1
1215
943
1099
203
1085
1320
2288
1939
607
479
110
200
3088
2379
103
392
168
502
386
3085
187
655
819
383
2469
2459
78
235
31
36
788
264
370
1293
545
44
419
850
2129
1265
2348
429
1310
945
5074
513
3794
789
282
316
210
281
115
451
1425
434
3484
720
709
1183
640
144
911
616
161
2045
4533
1004
1555
1681
288
306
1445
2383
1032
1278
610
728
140
1326
1093
1173
539
1043
712
832
470
1761
815
2549
247
1493
1100
1684
751
569
1215
240
511
196
1076
481
3852
455
1700
558
1325
1337
2829
403
989
1307
705
575
3306
538
1067
1280
591
287
653
369
1591
1244
1109
560
12
3906
2134
696
641
60
925
323
334
1230
1108
1054
2141
896
1503
71
1543
5886
333
4561
229
355
3530
1135
643
1135
307
1893
137
966
109
1126
105
256
469
853
366
1515
314
394
1027
1314
1156
65
2083
3675
386
1020
615
30
574
1554
478
1416
608
1258
886
125
2596
1042
107
730
2836
1814
981
517
208
476
1006
541
236
449
926
424
1190
463
755
2179
3299
968
1872
3917
11
2135
359
361
852
2093
1812
162
970
39
912
200
247
1960
2471
12
839
1329
758
57
950
749
1138
566
745
557
4020
367
380
48
911
92
264
1355
188
27
3498
582
0
1175
917
4054
2954
1395
1477
2435
1179
2485
276
391
1388
224
2066
1757
271
91
287
14
1345
622
