694
752
478
231
937
308
2247
1347
565
34
193
56
493
310
12
1029
327
727
983
451
564
1768
519
1507
46
155
1924
196
1074
191
427
771
425
154
2704
4705
1642
1391
542
1673
2872
1367
64
711
739
2124
4406
666
6
69
674
1817
2084
2152
229
969
190
327
297
1682
1053
4409
31
643
429
475
2003
175
140
150
1433
302
943
183
89
672
650
207
1801
812
2593
2460
272
168
997
667
2561
1454
3076
150
663
2234
1294
3658
2403
84
2693
372
2196
1651
432
2363
1765
371
470
1969
882
67
469
145
479
194
760
294
1990
3540
191
74
893
418
190
241
842
827
2418
238
3448
302
921
1265
1212
393
614
402
39
330
1222
2545
344
154
432
280
1028
3291
2449
898
36
82
1225
1053
418
448
2433
1966
88
974
1416
846
850
74
1534
174
742
75
1529
493
693
814
1203
332
1067
213
1263
997
467
1055
589
54
965
155
109
214
398
3787
812
1719
1966
1020
5206
230
926
1124
1153
2131
130
491
514
1270
1567
1003
580
228
1331
1333
293
23
4511
2494
360
2623
2081
890
782
1839
1298
2135
1218
463
1149
675
314
356
890
418
924
798
35
1188
619
1607
20
319
2221
1527
12
25
800
601
278
425
940
1320
2967
2065
1487
330
445
605
37
96
240
888
1500
270
139
319
549
1376
78
3354
3631
1746
147
2136
780
121
109
508
119
104
381
707
464
5518
1125
252
8
703
170
243
699
914
310
525
416
688
208
1217
2476
1153
38
404
1435
190
99
2687
142
1456
53
574
4835
432
286
1520
494
205
289
593
1330
953
2212
177
222
1196
153
3010
2156
5674
131
583
719
174
14
379
260
652
12
621
4
213
86
1722
466
2399
1196
1646
3427
1081
2142
2552
470
2
624
372
111
1176
2787
1602
292
234
74
542
1049
1884
1883
147
511
160
1012
136
790
807
60
954
1539
818
332
33
281
401
1172
1053
148
340
364
520
1033
422
22
557
1612
34
765
201
1186
605
579
144
388
1218
187
484
330
1257
1123
405
172
971
1560
1021
1951
371
2452
578
1080
738
177
2457
468
1110
1425
4784
98
207
929
200
183
1317
435
4932
2797
523
738
226
645
58
840
1532
488
14
180
285
1313
638
1003
4423
1008
507
596
640
1017
461
530
2348
442
1709
1143
1391
222
1762
3089
1745
477
1388
365
1813
4248
937
532
269
1786
149
740
438
1339
2728
580
936
1030
859
1719
508
344
2
1192
85
454
387
3059
1560
491
731
3740
291
811
42
583
2068
1607
172
1333
323
60
89
47
1536
1010
562
630
67
503
426
535
1666
360
587
388
620
2518
1125
876
456
1599
459
320
70
570
1317
109
705
336
1415
100
354
778
527
630
778
1354
298
1034
130
483
237
207
133
1888
1077
1018
707
183
2014
876
1961
3660
486
156
478
1096
260
209
27
229
1402
968
154
1195
1685
627
1646
377
293
1788
1776
3610
553
708
1231
206
1200
1132
985
1061
625
1112
613
4883
3942
124
601
321
331
1738
1737
1163
203
332
390
580
185
1260
75
462
68
1747
3220
437
911
554
665
799
1573
476
984
1003
215
723
154
808
3017
227
1846
234
3747
3169
33
519
973
285
446
481
1127
59
236
2774
193
726
539
2719
11
1479
972
134
924
1046
674
513
849
1208
594
1102
327
881
124
222
1091
2574
323
1533
926
3347
750
534
321
1012
734
135
22
2075
735
753
1156
1145
2521
430
1497
1392
605
800
1123
3634
2005
605
1572
948
33
622
1939
6533
1438
105
2628
1737
982
360
749
115
6915
195
396
840
989
737
1469
1850
101
879
1726
3362
730
1645
2118
525
483
407
618
504
231
1270
1097
975
5792
290
412
1177
553
390
618
1644
138
71
1325
339
1016
2400
2570
43
1220
338
1867
2127
873
2259
1728
220
726
214
203
1126
49
1102
5269
427
43
366
1428
683
316
1325
6486
1073
846
4733
1626
410
43
2052
320
81
303
1035
1855
1454
762
865
90
405
833
2418
605
1486
162
2409
566
435
1399
456
338
1996
41
2694
590
1005
584
148
365
694
543
566
248
1597
2674
216
104
4936
1421
395
1069
350
1142
394
61
555
2205
1275
768
1374
2105
317
1581
333
1028
4585
731
635
108
1998
297
251
548
772
2736
321
6441
486
1982
354
280
772
1142
1086
727
1402
67
1354
119
272
35
4080
2675
318
585
2384
1733
4687
61
1832
2097
744
1599
778
1010
1412
1056
798
802
283
1952
172
289
901
567
32
1049
2108
1099
1426
251
12
99
817
2942
392
398
709
152
328
4375
3124
619
195
143
852
2007
165
2480
982
859
555
295
5
77
169
408
80
78
1858
137
56
273
2020
205
1731
1230
406
640
93
1703
509
739
121
526
835
248
4133
620
961
2530
1220
1021
467
53
656
126
842
71
469
415
2267
1901
881
664
156
188
1358
185
360
478
1399
170
2053
3689
942
169
514
271
1976
632
114
306
126
18
1030
6
93
1128
76
674
787
632
1418
214
355
445
4069
77
118
1046
674
233
54
4250
3855
1211
1139
394
319
371
1679
940
1068
1588
1
466
1760
819
62
1590
4955
2492
1114
165
2025
2897
70
1184
960
1704
144
1802
617
1262
391
168
546
2213
31
103
312
1507
253
1694
536
1257
2825
3270
1316
1338
3536
3295
985
1086
1126
415
388
47
420
3653
261
1354
788
566
1180
1939
23
130
246
154
1623
151
3464
99
7
1938
1018
675
971
204
1300
2569
284
308
388
880
2114
805
1104
270
731
267
186
1056
611
1011
522
388
1404
982
33
656
218
731
1016
1492
91
