438
686
62
1660
76
3305
3204
1331
610
21
1350
1706
360
1633
1455
1536
2813
1099
300
2248
354
1028
718
107
92
211
1830
2778
666
9
192
1528
432
818
1095
614
66
102
660
219
580
94
417
93
372
226
297
3249
81
3236
256
1482
3177
61
2582
7
258
3522
417
6
713
915
1181
323
11
468
330
1100
3432
1035
290
128
826
2280
2594
1814
1877
129
169
2528
1996
215
921
1030
1495
2234
1186
245
103
1144
1290
946
2000
1688
2329
657
2370
7074
959
1681
3282
190
4439
793
3453
293
1448
749
1039
101
518
622
2669
1276
260
848
533
299
271
1953
1321
575
1175
2518
920
951
1036
3685
327
213
1542
2202
592
712
275
456
301
748
926
918
649
2070
50
615
67
1466
3375
355
496
1857
1510
765
848
710
773
713
298
34
2783
169
212
564
650
159
1739
976
517
1828
2579
1737
397
498
823
16
881
1605
2353
1447
1159
1240
446
1858
342
727
1492
725
574
249
2475
742
434
410
1405
1710
190
1181
1030
4
1548
209
232
2071
2940
1283
153
3068
31
501
662
588
401
733
10273
885
369
80
560
492
2029
218
1211
457
1409
2923
2859
638
80
799
92
288
208
3871
523
6305
2305
605
420
1088
54
296
1660
968
279
41
10
1688
808
3165
1722
187
151
11
474
495
1256
2200
327
886
1024
2524
87
1695
805
409
1272
888
3015
2457
282
1301
2906
586
705
74
488
2108
1493
351
2137
645
5492
1298
774
20
2913
984
2348
833
137
12
458
759
5472
317
1144
420
876
1176
201
783
1185
234
1936
224
562
209
754
216
727
63
581
176
411
147
1701
238
1495
245
965
401
1307
447
1506
2150
490
831
18
1843
3257
1406
37
650
1107
786
441
1928
104
1581
570
1992
3921
822
918
964
344
277
1064
4279
406
1078
616
2116
563
2000
1236
2744
3710
361
2200
738
394
246
488
896
1561
797
512
883
524
1306
631
1412
40
1070
1016
1313
1639
929
32
32
805
3044
3185
113
60
954
1210
1156
255
298
4655
237
1310
534
478
1015
3795
159
165
214
978
101
168
184
1206
357
917
2053
3098
102
608
720
153
608
573
934
1524
1038
98
245
3
858
3103
2608
3458
1851
782
74
34
737
1014
319
1027
380
460
1940
471
38
62
1850
1659
66
466
695
1138
718
334
325
1511
275
4975
1521
965
1691
167
918
1050
283
33
3479
1020
296
2188
793
462
935
467
48
1013
1854
1767
1009
1465
3253
929
639
733
210
632
2283
342
1167
42
1037
1084
1231
722
1297
962
603
248
757
882
1277
1486
48
385
871
249
74
3730
568
1749
3390
1057
541
1213
222
155
2802
2724
477
35
1319
70
517
230
879
540
1954
328
394
866
164
590
354
260
550
3376
968
3265
480
237
570
5434
2076
158
75
298
739
210
1378
1980
1630
1293
2603
328
688
553
1265
1747
169
710
1801
239
45
1250
339
2596
985
382
255
242
151
435
519
1365
1320
740
783
108
98
6
393
1217
359
821
1585
837
171
3047
155
410
55
18
717
2871
361
333
2218
1973
986
1592
928
2325
2441
711
793
3812
75
261
818
4699
191
886
5972
1303
227
92
629
3609
475
51
423
1159
744
2214
1031
10
158
134
1302
55
2306
991
604
526
452
1693
1759
144
302
200
425
1007
1057
564
523
40
370
602
935
797
780
307
1048
1006
172
2532
685
3317
98
550
3803
819
596
251
2182
396
1076
451
2652
1331
58
1163
1188
2983
700
880
3398
68
817
503
469
183
1828
350
469
108
127
21
1654
2909
648
241
4423
61
686
446
284
1892
510
325
3010
1100
735
2117
156
614
353
1496
1256
185
83
1599
212
580
362
3
251
60
80
236
90
70
181
3114
326
3754
740
2147
556
1303
382
654
943
644
1941
3315
292
59
1259
69
320
11
751
602
1036
876
1402
81
3651
1722
68
229
1024
1192
383
760
1417
190
655
1111
2268
370
552
953
423
799
111
200
708
361
1074
545
2034
176
366
252
931
301
496
247
284
1626
1033
685
251
165
512
1182
5707
152
648
578
377
45
365
2735
1654
90
1722
387
517
1269
480
590
3573
177
245
1260
140
326
11
1258
2015
434
408
22
2838
173
1025
1903
714
88
1465
2396
749
68
426
231
1483
1300
4316
163
448
211
215
771
360
528
1416
1954
138
1196
2801
2035
1480
38
1849
388
1092
1089
326
343
995
2388
249
1020
373
13
949
512
975
1227
4312
1537
551
1525
426
565
256
112
11
864
98
2281
1633
392
459
300
1830
148
271
1598
136
551
239
387
1361
946
350
632
403
317
682
1026
3421
667
3508
389
1878
28
544
1513
217
193
271
2949
46
99
3101
18
286
1028
1144
518
47
98
819
222
775
524
1437
1221
360
1173
429
1252
2224
1677
290
162
428
485
799
146
479
1196
243
1858
544
240
1065
1068
376
572
4202
329
1044
569
296
595
152
1969
979
212
581
1223
660
212
1595
152
64
186
81
17
2836
82
616
3874
1875
17
659
34
295
2110
53
711
1057
1082
1360
3072
404
90
1810
200
1009
1371
169
623
1919
601
597
124
1054
411
1395
687
105
631
1193
162
556
122
187
1517
1344
2600
80
2867
256
1018
256
3255
849
2465
1326
115
1478
698
315
694
277
384
497
55
34
342
565
106
231
4
164
1670
42
10
393
1279
990
613
304
2027
1455
216
1545
1686
653
6646
414
3834
327
43
1095
171
1230
205
1387
391
918
424
14
103
2444
679
893
79
35
446
1513
1101
1363
534
1102
753
776
1516
602
2514
121
357
1141
9
315
579
