70
219
227
155
1
7
20
22
295
5
44
67
51
4
2
125
18
276
255
5
277
2
8
269
1
132
43
26
16
15
7
51
2
206
128
7
8
1
287
28
69
1
62
155
2
61
187
28
40
14
280
4
2
170
26
214
2
12
271
167
207
121
227
39
38
64
35
2
5
6
233
70
48
1
71
3
35
25
9
2
114
193
39
157
2
197
11
90
5
154
2
57
6
179
32
100
19
79
24
111
298
27
76
249
255
272
183
49
181
97
6
14
2
300
1
28
88
6
2
180
1
197
20
236
124
1
115
1
48
167
27
7
1
173
25
37
2
92
280
170
47
83
245
2
153
214
30
2
10
1
1
1
2
1
256
10
20
264
167
1
14
16
4
11
26
28
290
1
79
1
279
105
3
5
32
259
170
56
1
173
5
298
1
3
31
11
9
14
15
70
139
6
201
9
3
1
3
137
99
6
12
142
25
21
39
78
2
6
100
236
4
5
282
96
5
208
1
219
18
58
135
4
140
30
123
12
62
4
1
13
22
4
1
155
86
3
1
17
115
26
69
247
1
280
40
9
8
30
1
3
213
1
7
32
265
54
7
137
6
10
13
2
5
7
15
135
207
21
9
11
22
28
1
168
111
115
106
1
47
127
22
1
9
22
19
123
227
48
145
151
216
82
15
52
36
1
299
53
11
188
4
135
3
1
263
4
1
128
10
87
2
266
64
1
52
7
2
284
49
30
8
81
154
118
274
251
20
63
43
121
49
257
46
49
7
279
237
1
57
190
12
58
22
2
34
261
42
197
1
4
17
176
49
19
291
255
22
14
196
23
21
2
245
7
25
87
266
2
34
13
140
196
40
2
22
127
250
18
74
11
1
25
38
165
90
141
53
82
200
150
34
4
35
258
1
250
3
147
35
2
274
9
10
2
250
150
43
2
75
1
278
52
36
119
14
16
37
7
257
17
21
9
197
2
37
240
216
36
79
1
98
199
21
146
26
154
35
1
3
107
25
8
55
43
93
86
4
121
4
8
77
2
215
2
81
137
5
43
117
96
19
215
29
1
63
4
11
5
76
49
170
55
90
27
90
1
23
295
2
1
14
1
75
19
154
55
41
26
23
38
215
1
28
137
13
134
8
1
106
44
8
187
153
17
86
6
19
156
42
5
5
142
2
5
18
11
64
95
1
58
195
8
69
9
1
113
4
191
9
88
31
19
34
3
108
7
36
4
80
77
41
146
5
219
1
95
40
98
15
43
220
100
7
3
256
206
8
40
17
122
68
43
78
8
1
153
22
51
152
117
21
192
2
14
10
1
6
29
2
26
151
5
1
9
1
134
7
8
48
260
18
26
8
3
28
4
9
236
1
81
2
157
1
41
131
13
70
160
181
46
18
4
33
1
245
26
195
93
111
4
1
221
78
180
80
32
59
108
151
1
5
14
21
182
2
14
1
72
137
26
1
144
29
1
5
108
92
171
32
51
4
6
74
43
239
44
242
41
23
26
240
27
256
57
107
63
2
88
61
183
7
144
8
2
57
228
138
4
1
4
32
1
248
280
32
1
133
235
7
232
1
1
113
295
1
29
13
108
9
10
6
28
2
13
5
89
6
221
27
50
2
50
3
41
86
95
40
8
227
155
1
1
1
12
178
9
234
185
72
81
225
16
218
1
61
234
2
1
1
66
19
1
111
44
48
60
1
246
1
27
2
27
8
87
97
1
5
211
5
215
4
127
214
194
212
150
4
44
2
21
82
19
11
44
217
45
3
39
3
46
23
1
13
221
38
143
1
14
8
165
2
1
132
13
109
12
172
156
16
265
11
50
83
1
32
134
172
75
3
17
23
5
267
26
122
54
148
56
69
2
75
3
1
50
215
13
174
5
117
299
145
10
260
129
45
47
75
147
16
180
143
5
196
17
15
2
56
1
19
1
147
27
159
19
2
2
242
81
231
3
19
1
248
67
275
14
2
32
117
7
8
2
3
13
93
23
211
1
52
139
1
106
14
167
62
46
5
1
162
8
32
178
11
35
10
38
3
41
1
10
54
160
85
16
2
65
133
72
1
4
98
1
20
15
3
32
2
9
277
37
5
33
5
1
1
58
154
3
9
115
57
131
6
11
164
111
96
47
184
3
217
3
145
91
108
39
267
8
98
49
9
83
18
1
3
1
1
4
87
194
43
13
63
54
33
25
25
10
34
186
246
63
287
195
203
7
61
99
3
65
24
160
2
192
2
4
185
99
19
32
2
29
47
2
46
18
116
77
4
100
2
1
29
9
169
71
22
5
142
121
1
44
162
104
6
270
205
56
57
19
13
130
254
2
194
10
190
73
8
9
122
34
6
30
25
1
9
158
184
2
11
210
188
79
12
1
80
36
8
65
2
97
5
9
3
88
13
46
19
5
3
134
85
11
48
3
29
117
10
42
19
1
1
8
3
