2
2
178
12
2
119
168
177
111
190
241
1
252
144
176
231
140
160
40
10
6
230
60
4
8
3
31
212
82
4
2
24
16
12
159
9
34
3
58
1
131
27
30
16
199
29
17
286
16
97
108
48
5
87
8
295
150
55
9
108
189
39
280
92
1
14
223
300
46
46
182
150
3
25
6
242
75
27
161
20
22
179
18
17
283
49
85
1
107
92
134
140
138
143
141
68
9
2
5
11
123
275
50
209
1
10
96
36
1
291
7
20
257
131
104
11
11
57
1
30
128
1
96
141
10
237
144
29
64
3
91
1
58
188
22
18
27
10
17
68
31
147
15
230
177
38
69
193
3
110
25
79
14
1
19
75
181
8
10
32
34
1
4
9
116
102
86
252
168
23
7
160
4
2
10
10
57
1
1
22
33
9
8
175
45
139
28
3
118
12
95
11
1
6
28
48
10
5
13
152
8
18
1
1
1
12
33
100
5
1
12
94
10
221
94
44
31
38
203
45
13
6
17
36
152
35
168
130
55
202
67
2
54
3
248
126
284
2
145
25
14
6
30
6
4
46
6
43
1
51
232
284
8
95
123
2
226
65
1
1
36
174
37
95
3
154
19
3
69
66
3
290
1
79
63
86
6
8
241
2
5
112
1
17
49
6
23
18
10
5
28
44
98
1
1
149
55
116
2
243
25
136
178
2
39
282
2
34
18
3
137
84
1
1
36
59
68
27
5
161
6
51
21
53
36
185
5
283
81
122
1
240
230
83
246
174
3
66
1
158
5
2
187
1
1
1
21
9
78
49
99
2
2
216
41
1
36
203
1
208
49
196
33
231
104
4
114
77
177
136
48
164
58
5
4
1
18
10
39
49
76
24
10
17
75
91
12
28
38
173
105
245
10
7
76
27
97
57
2
182
59
40
95
86
53
14
20
2
1
6
289
8
14
54
93
1
55
136
11
257
295
88
21
7
27
1
65
14
240
33
3
28
8
1
118
154
6
145
3
28
215
40
22
131
1
4
15
137
251
115
6
4
28
1
95
1
32
107
264
21
15
5
113
1
6
108
74
23
1
89
10
1
1
115
14
74
95
223
2
19
7
1
2
44
65
38
107
246
88
144
4
1
139
5
30
8
222
2
98
6
132
21
17
145
1
28
74
12
35
52
66
202
2
8
40
140
24
11
66
3
287
88
73
1
36
82
104
3
3
12
177
166
157
51
1
94
50
270
28
225
8
1
209
2
57
3
64
142
286
1
11
177
11
136
48
2
37
4
80
1
6
19
100
152
26
6
1
1
16
59
6
112
45
64
4
9
31
42
40
3
197
14
61
187
30
207
50
2
32
82
4
10
18
179
1
114
25
3
68
4
236
20
7
4
1
80
12
8
27
20
91
16
151
180
2
16
17
218
40
92
214
191
1
48
11
199
26
1
49
1
6
32
28
182
252
153
51
18
57
3
57
290
12
14
112
30
271
54
230
133
25
3
11
18
272
3
15
94
206
27
3
20
23
20
20
4
144
4
204
213
33
3
196
3
6
38
18
1
1
54
119
152
1
3
134
241
15
1
16
77
2
39
1
97
83
1
14
2
6
1
1
37
83
11
132
1
3
3
17
4
1
288
152
88
13
20
10
4
1
1
2
110
37
284
20
21
58
7
96
13
3
54
15
1
6
8
1
286
10
141
41
37
74
1
5
111
297
118
5
55
8
27
4
8
12
3
173
80
13
122
51
166
60
180
268
8
8
4
20
275
9
4
4
2
50
276
182
3
105
45
20
12
266
1
57
30
4
106
2
71
58
178
51
17
1
4
50
1
41
5
6
34
3
12
4
4
132
80
112
72
274
8
24
15
115
172
13
5
79
1
3
8
6
2
142
2
2
144
4
22
11
10
19
2
128
5
78
149
8
93
3
19
16
31
51
15
6
261
77
34
11
1
1
3
182
146
78
2
169
8
1
89
10
6
7
49
1
253
3
21
26
1
3
56
11
209
15
111
43
102
55
241
2
40
4
1
3
23
44
11
126
188
135
73
256
132
22
9
225
3
81
36
7
1
212
14
4
77
32
28
266
8
50
111
6
9
4
174
121
160
5
1
10
1
216
2
114
84
138
110
34
132
18
72
298
14
288
24
63
7
17
1
8
264
1
62
65
126
1
3
19
159
3
3
42
178
194
70
159
1
214
220
6
90
28
1
1
36
1
34
22
10
2
102
66
1
245
2
106
7
47
182
168
15
2
118
46
4
3
209
1
139
2
241
35
19
190
80
2
280
4
49
3
25
11
295
88
123
1
22
1
55
2
168
73
127
169
252
243
135
29
2
96
7
6
297
235
86
1
207
1
14
175
26
244
4
7
80
1
1
17
1
1
17
173
5
8
156
27
4
1
3
1
218
3
46
4
237
49
14
222
121
195
146
204
242
251
28
10
77
53
239
194
1
113
