1
226
30
238
2
88
58
22
25
7
29
4
50
22
37
2
3
83
5
257
13
39
136
11
43
162
246
51
9
39
42
10
59
27
76
48
1
30
191
46
164
245
255
151
183
3
25
1
108
80
26
68
49
136
159
76
74
19
27
181
60
21
34
1
1
81
7
7
68
7
226
52
3
185
252
235
33
77
28
1
11
268
217
17
250
124
10
97
213
101
16
1
280
15
156
12
27
220
3
1
5
288
15
1
205
74
3
32
214
146
1
36
15
11
22
127
121
37
17
1
139
23
1
1
27
1
1
4
2
275
1
275
88
1
141
78
116
133
8
43
3
229
2
7
110
190
252
6
17
86
54
240
75
1
2
46
15
2
171
28
153
287
41
1
5
90
37
231
31
51
7
81
4
1
2
70
22
2
25
2
194
3
3
237
36
36
264
125
255
19
63
6
1
5
1
239
45
125
40
32
5
133
20
85
29
33
83
1
86
39
228
2
46
282
5
81
98
23
247
15
1
58
51
1
18
19
255
6
285
5
57
7
8
1
2
57
3
38
51
5
24
121
1
4
25
1
57
261
242
41
186
292
1
268
116
4
1
85
266
61
257
160
166
5
259
1
51
7
145
263
5
1
296
17
7
36
2
108
72
114
252
14
58
188
3
10
94
27
88
85
45
10
19
2
44
3
1
12
14
4
121
128
16
176
28
5
93
151
89
32
18
158
3
5
148
9
42
100
7
56
15
195
2
3
73
89
169
16
2
68
80
115
56
268
74
24
244
3
189
12
106
87
3
7
71
4
71
1
29
37
36
269
27
223
1
3
50
1
2
1
240
7
130
162
214
49
46
2
4
204
6
56
18
149
5
2
6
3
99
8
181
170
34
8
99
15
1
5
18
205
1
110
15
7
12
249
44
14
2
84
12
1
272
140
3
2
273
10
279
9
140
15
2
7
1
5
211
45
71
3
76
123
56
51
12
95
69
21
25
145
75
6
68
64
5
141
289
138
11
142
257
234
15
5
107
249
13
13
101
102
31
273
30
1
94
5
128
32
45
19
158
6
29
6
49
8
145
31
49
54
51
43
2
5
128
1
17
1
8
1
82
13
70
2
2
11
170
2
115
28
1
31
236
1
270
299
9
55
42
41
1
126
13
11
6
30
1
24
8
185
15
17
52
36
147
145
246
29
1
31
4
27
98
208
19
204
36
259
2
29
33
27
92
59
140
257
1
1
129
7
5
17
8
41
22
38
6
1
159
1
19
125
40
66
37
165
41
1
47
12
12
25
26
214
277
7
1
2
22
1
7
54
2
189
2
3
126
6
188
118
19
103
262
251
3
34
1
14
1
16
286
208
54
7
7
233
19
24
57
12
2
136
1
87
1
36
5
11
296
31
3
48
83
1
9
8
212
49
96
1
264
101
23
1
54
19
1
1
1
47
106
38
248
21
109
34
99
6
130
50
9
2
1
67
119
27
23
80
100
113
150
15
246
51
1
33
97
2
183
51
245
36
1
19
5
3
49
95
298
19
8
160
72
256
22
220
170
93
3
3
53
9
6
2
2
35
89
2
227
165
39
193
6
76
130
212
91
26
7
139
226
1
31
123
2
101
50
39
8
1
2
189
195
82
18
124
14
92
63
106
2
1
136
32
5
10
5
28
56
42
118
20
239
62
2
112
146
25
1
1
140
30
195
24
3
70
83
260
6
66
1
16
156
53
3
1
5
16
6
32
10
8
189
40
13
3
5
2
8
5
1
57
253
1
176
2
226
6
89
165
1
40
208
4
300
47
191
43
49
134
1
12
64
35
90
28
2
21
93
7
17
11
45
1
89
76
1
25
4
133
2
1
190
23
149
269
1
266
196
2
1
44
130
169
58
1
268
94
62
98
81
1
123
1
250
250
2
108
25
30
1
29
1
5
72
23
35
177
34
294
1
1
2
45
154
139
6
180
202
3
2
26
265
43
51
13
81
200
31
154
6
1
25
66
2
6
273
63
6
68
2
2
18
2
3
8
88
11
28
21
7
9
59
203
61
1
41
2
44
2
3
263
76
13
78
137
158
289
20
20
3
20
11
29
229
292
79
246
1
179
2
3
8
31
6
214
3
19
73
53
299
166
41
1
47
1
1
26
2
38
20
1
55
5
2
12
89
283
219
17
73
276
10
4
35
5
27
138
1
22
14
48
38
62
7
143
177
207
16
15
24
9
116
60
2
179
62
1
55
27
121
76
1
249
11
22
31
199
294
1
1
252
176
20
80
9
248
132
14
93
7
178
33
4
43
89
1
192
26
92
5
11
21
232
183
1
2
10
62
96
104
4
196
12
35
208
38
128
167
181
6
33
44
10
17
220
72
56
1
285
9
96
97
27
17
135
14
6
8
93
5
77
108
8
1
295
28
17
13
239
188
105
31
276
2
2
2
7
218
82
22
18
49
115
151
