955
1689
306
1118
522
244
1779
741
509
183
518
1396
76
531
1684
293
265
2962
3049
856
3244
773
347
166
380
513
745
1534
1694
2314
454
565
193
647
3009
1906
826
1742
3424
457
236
209
7
502
713
609
475
180
2137
1470
553
576
176
48
200
307
165
777
1062
396
770
769
206
513
91
2393
212
43
1528
135
1831
409
732
5608
500
27
1417
539
209
1424
1206
425
322
1468
324
2462
628
361
3473
313
34
794
3377
592
147
308
346
904
236
5318
263
308
1208
1442
839
44
2212
38
803
253
800
2007
367
824
1712
462
972
249
816
199
331
408
154
1285
548
103
935
565
122
226
2438
3023
260
773
912
953
1095
585
342
1080
551
84
1717
1184
83
582
1461
1304
1430
113
220
72
1904
2120
3898
468
639
766
427
1993
2992
1771
2202
264
210
1101
1698
1019
1307
87
986
553
376
1631
1244
884
1128
904
2329
1556
1389
1222
1894
489
1754
199
359
2628
393
1071
131
1996
2656
197
209
2504
606
420
949
357
293
85
1137
22
1679
779
1043
456
1973
1039
1292
2068
562
233
533
385
1408
326
191
1364
1110
472
745
1121
152
1936
2545
3405
40
496
1455
3930
411
2107
288
1086
559
1139
1490
2211
582
129
200
2129
2142
124
1401
82
1266
1293
323
459
703
2247
79
700
1140
383
273
0
788
334
1416
935
966
1164
570
1747
332
2944
661
2955
829
494
454
1018
485
494
394
474
754
45
75
375
96
751
143
689
824
268
4984
635
67
2349
1333
261
2010
1083
2266
1076
1774
76
450
485
546
30
142
1343
1109
830
274
1347
55
374
574
3255
82
608
1249
119
165
266
212
1273
516
224
433
1084
1225
354
1307
1167
6
73
1352
230
4120
872
2078
1906
86
1043
592
941
59
449
361
715
508
938
2492
1482
570
28
84
505
798
2528
708
658
1184
295
1769
203
1438
1003
382
1351
79
502
170
803
878
7
544
263
1042
5606
535
1617
1475
1834
327
938
172
2397
123
2231
3409
572
702
292
292
906
23
1783
407
103
3865
447
932
206
186
1346
1763
327
164
3594
254
274
1012
755
4237
449
504
608
101
374
628
869
1474
3680
290
136
340
303
215
794
585
513
4055
1447
73
1187
233
1937
418
114
894
2459
354
320
829
1941
731
2537
1466
717
231
171
56
262
1016
151
1362
1058
104
922
2603
83
337
3273
838
306
1027
602
3252
539
196
103
217
389
23
76
1201
1
104
25
77
1097
127
738
146
2024
2861
14
3892
1782
382
507
469
3
1929
2404
331
1200
188
830
1324
946
341
661
912
1662
4
242
51
264
1920
1771
16
136
156
510
2307
106
1129
2731
492
1157
445
883
3849
42
1407
503
736
2879
1107
1344
1582
18
117
2312
1173
35
677
1491
168
935
166
767
114
1047
665
544
457
328
1594
1445
5663
2211
392
177
414
1623
351
838
1409
1042
980
738
133
269
1835
1170
454
646
515
1499
356
1947
1241
318
1829
4499
3140
49
502
2343
1183
4401
164
326
94
198
541
224
447
1321
1523
171
2371
1529
613
100
577
829
59
201
1421
1158
258
1137
4439
31
711
1354
1727
119
372
284
1163
228
4283
141
1856
405
857
696
241
926
1052
282
1790
848
412
1399
1387
590
313
918
4
359
746
1496
359
1445
420
3170
445
917
137
522
197
3744
958
373
1385
261
1163
102
2359
2227
29
1590
2378
991
1626
1237
1567
1487
124
4188
962
504
629
197
90
1252
869
58
284
1723
178
536
26
1247
2775
832
1509
251
653
745
1591
127
905
401
909
371
83
71
1750
678
942
2
2150
117
454
1928
57
630
101
527
1549
198
143
1214
685
2967
1016
1813
336
1516
3552
487
1265
2491
353
3139
160
733
1289
882
36
1683
57
752
507
906
1264
1046
1556
4614
1221
440
169
1102
964
1205
1924
804
1077
2490
22
912
640
24
1380
493
145
401
336
1252
715
349
82
2927
374
1365
2162
1286
1787
260
1666
2884
278
458
1317
1639
430
8
181
126
163
176
808
556
418
1865
94
870
384
46
27
50
1132
1511
1819
956
100
174
320
606
2772
164
273
1713
235
1489
1830
702
1669
307
320
257
120
5121
1820
33
292
924
623
222
507
973
88
1324
823
318
718
215
40
2863
30
608
1147
3095
2209
44
3688
2024
213
876
2756
744
59
553
223
1258
402
167
662
3868
77
2931
1234
490
51
70
774
421
1492
1440
513
831
3
787
2607
236
4946
1890
30
519
476
1427
793
917
545
1329
468
246
301
733
896
2116
206
355
5112
709
55
687
1231
1441
1593
353
443
348
505
704
1356
2819
1670
1017
2053
781
560
4204
169
1867
1363
957
1232
847
1646
3602
996
256
756
843
247
834
692
106
976
1724
625
821
1120
107
537
460
2511
1145
664
1204
52
315
2650
324
963
1593
511
553
333
447
1402
1791
2514
219
713
1898
2593
133
5691
1360
15
3198
2278
401
262
58
1142
1929
495
1155
438
36
3096
476
1752
826
286
103
415
1103
1497
454
3309
1112
322
448
1108
1269
97
778
692
308
835
219
612
1231
555
618
262
1219
936
355
186
438
546
1050
625
353
5183
182
4029
177
53
10
494
80
100
438
211
1771
401
339
1182
764
3602
298
675
154
441
18
573
3243
158
453
107
1811
1161
863
268
329
3
862
1895
2004
199
770
1287
784
355
684
1121
467
1948
477
193
2865
9
865
969
1423
534
2305
899
17
485
668
1457
661
1373
168
362
729
2873
444
2500
264
947
711
1337
26
257
2727
374
876
1645
23
3134
1117
2857
