449
1868
935
1641
53
1071
496
783
422
247
1264
3220
202
1835
1094
2258
966
794
153
3
2672
785
1221
1980
986
833
313
447
1783
985
1210
518
1155
960
486
165
4983
10
519
1420
2405
350
133
3959
1142
1215
1950
227
774
840
2488
171
667
52
236
830
213
655
2640
309
212
247
199
1684
1136
528
796
209
276
178
30
135
776
990
18
71
1276
726
1645
726
23
430
280
390
2306
351
2368
1472
1048
2853
532
42
256
806
187
536
4
2272
234
3847
501
2952
458
646
1044
253
886
1761
308
1413
5878
335
36
1526
364
91
612
2350
585
983
890
2020
451
540
3278
1499
1049
1502
15
1378
300
324
776
444
946
636
1306
746
1565
0
1168
1941
248
246
332
1273
157
163
1994
36
575
1622
811
637
978
200
73
199
87
1487
893
2307
3414
1550
324
710
261
288
41
531
2296
1624
585
99
1097
1541
1119
1147
320
755
136
274
2027
1399
155
255
93
1377
309
971
707
471
4461
418
1326
522
1669
537
222
410
208
1673
1101
17
1917
209
500
293
957
557
1319
808
687
648
4394
236
2397
5041
1115
584
637
2224
1438
128
699
1373
2156
1109
191
108
306
367
473
66
836
436
1397
1638
144
579
479
28
174
1197
489
2049
414
275
50
481
1667
680
817
217
781
1442
1128
3087
4645
877
1434
440
1925
969
861
2630
936
929
340
178
503
15
399
962
478
1676
1465
668
287
1644
120
1129
2694
67
414
455
258
1684
1161
3400
321
3056
648
822
1285
1120
404
954
960
693
239
1502
177
518
418
1555
98
783
2091
609
918
1363
249
725
2381
602
436
177
978
1490
821
298
2056
392
86
276
312
153
451
116
997
1217
221
380
244
1935
3167
1463
318
855
661
462
3747
294
1547
934
178
1529
1463
1454
1302
1999
270
772
853
870
213
322
487
975
389
1568
1582
132
525
1069
2866
633
202
367
407
1424
136
8
115
371
587
868
65
852
604
334
13
724
674
805
145
19
7
664
1224
1052
487
1551
5951
558
2039
193
820
1104
807
143
1834
188
584
1034
151
406
1845
1781
1421
625
360
1926
6719
807
2346
173
220
502
1761
3964
689
3240
987
826
1433
820
246
64
71
752
2207
1306
1422
2327
318
2685
57
1434
852
1430
1333
206
409
137
360
431
343
2810
802
1750
493
2985
666
1874
1355
14
63
287
1759
250
226
249
164
1609
596
472
67
247
77
5563
422
4768
275
1840
1063
1309
2075
1990
1399
2372
1397
825
14
668
658
940
2805
183
878
3786
654
60
69
645
158
3256
892
62
2614
146
385
407
4270
411
1255
187
908
782
232
606
219
2020
675
1389
4240
283
568
763
950
2061
1354
1012
1948
163
361
473
198
2528
145
1129
405
3340
1610
305
60
518
312
1095
992
616
679
326
270
3542
217
973
1578
677
4548
687
121
264
991
447
2923
1617
2327
15
1644
1280
1359
470
578
203
236
1171
243
2396
91
1602
566
1191
422
592
1041
1007
1895
1222
1227
241
1275
829
20
750
3094
1271
837
131
1147
623
599
598
707
215
19
1483
2253
793
1386
1617
476
1085
47
1805
331
286
402
73
417
1206
132
1641
56
1884
1553
2043
1465
263
761
688
802
45
726
91
1565
1532
387
183
101
342
37
3873
78
4
1015
602
331
981
222
454
73
102
1169
457
167
3463
193
900
3117
263
280
8650
902
136
1016
273
209
1446
241
2290
368
1976
2041
3903
678
795
88
27
1614
1064
1476
755
1030
3421
821
826
571
329
660
669
93
1538
902
419
16
5
454
998
2990
905
706
1996
1018
1355
3770
239
306
1125
234
3436
393
2100
4337
1043
698
286
1198
651
1266
673
640
1158
1694
179
61
2823
1470
933
240
2840
434
261
660
184
346
226
1642
386
1293
1423
3120
1304
1113
960
237
1965
1748
73
1667
25
585
117
283
81
504
11
2771
860
1796
632
2063
111
747
245
319
2157
423
499
1716
63
196
234
2481
597
671
1133
1236
1374
1171
388
649
2958
3439
435
110
467
1583
561
111
2387
848
55
814
397
758
629
1465
2209
858
1653
3296
244
693
693
813
416
1505
113
1674
1051
95
3590
2601
1668
47
246
1041
274
1862
3991
248
901
269
1464
382
512
355
728
120
230
578
360
529
2526
852
147
1310
830
341
1125
238
162
519
2063
2167
3241
32
1579
215
1325
6412
1181
646
4557
103
2811
1584
1035
1080
410
168
211
1663
1665
4397
941
46
627
519
324
491
270
359
327
245
358
2913
41
3113
501
572
1049
574
5164
533
831
4233
921
368
1396
72
711
369
126
1785
1912
165
1057
735
469
65
81
151
841
148
426
99
291
151
672
1249
1383
440
1143
744
642
766
1008
1954
585
439
1022
475
1855
797
44
1879
890
275
1142
293
917
4556
5
1315
927
5227
5551
1223
769
546
2702
440
760
1398
935
1549
1154
484
1534
466
1625
1190
901
2387
2479
1368
974
36
350
67
575
3907
142
881
1311
1174
1160
1010
222
1819
112
642
541
238
526
4470
658
73
791
579
972
119
2981
1089
787
767
2219
192
816
661
394
923
242
4751
35
2381
2307
610
923
1476
155
1197
1335
742
834
195
853
1549
3158
185
2811
1060
1468
2437
1291
466
746
16
1032
2687
5481
342
405
1173
259
2547
1472
1242
1681
3118
1676
999
3662
125
241
779
981
1118
9
749
3963
1215
337
510
562
2985
597
436
2065
175
481
1239
281
176
348
2358
164
238
1752
369
448
1330
149
20
793
2032
277
514
857
269
994
1001
359
789
306
1808
1251
2713
2593
4353
850
134
