2384
876
348
4151
28
73
465
48
1215
1043
2
287
2469
137
216
476
304
1768
841
65
119
936
198
52
1606
1887
809
4168
267
644
35
110
192
841
189
728
62
646
221
1628
1253
1250
1230
416
1563
145
1562
2385
255
151
1889
3013
881
296
69
527
474
927
562
1967
3927
806
122
1522
133
459
102
1392
18
52
1928
62
3621
3573
525
916
1564
307
1658
704
99
623
769
406
1086
138
634
2155
776
2705
792
3137
283
179
695
143
905
749
696
1085
2325
117
389
19
1223
407
769
326
202
740
242
242
1983
3291
676
726
310
773
770
2253
1834
572
1114
53
708
4217
1488
1338
841
73
1244
2365
244
371
1299
4027
959
740
42
671
154
2898
512
557
337
1131
629
1073
1063
60
1660
490
595
479
1615
608
79
649
134
2394
864
2065
592
1910
301
385
1549
745
82
495
138
115
424
219
884
686
1581
571
203
1302
339
622
1421
1467
945
348
882
1020
200
789
75
289
2670
151
3335
693
1913
923
187
88
5392
754
76
436
397
510
242
1592
2204
329
731
313
256
1272
643
1472
939
1068
773
4763
2656
1
147
709
623
467
15
245
2024
635
308
2430
69
1204
306
1022
921
643
362
1805
1524
240
662
883
1153
760
334
1796
237
2060
1273
726
311
1205
233
719
1488
77
2651
982
240
205
1030
3376
515
573
12
301
2573
524
3092
19
4725
999
744
317
410
253
1285
888
569
8
20
876
1420
522
48
1068
923
2113
1254
904
239
1545
620
46
1310
717
1018
619
2062
2945
2531
879
555
16
656
314
375
212
140
2299
1062
531
252
91
2770
99
126
487
530
2471
696
153
724
1223
459
37
1867
1416
1801
1031
1114
3370
1885
555
1008
2762
385
190
1426
461
20
387
840
1355
1658
187
215
555
491
1842
667
1350
1010
965
1447
1237
37
1616
664
296
363
89
1147
920
872
1428
30
425
546
0
800
1235
1832
671
740
1915
132
1764
449
663
1250
2073
406
1039
1238
3649
1348
51
1123
151
3213
1649
518
2201
1462
2500
2995
1978
230
1274
498
1975
237
2093
289
20
349
46
881
673
1192
43
55
2068
1565
756
641
1151
31
1584
1719
1179
972
409
482
15
1690
277
115
344
593
1898
832
116
1497
1022
181
891
2052
808
1254
880
2620
128
806
2216
880
1575
304
704
1272
176
2200
749
549
29
57
2420
51
178
233
590
1343
14
351
1421
631
3985
1318
1903
1813
383
636
543
466
223
159
367
901
204
923
833
1346
410
559
1392
429
1464
355
1031
37
2338
147
554
1157
265
8579
5364
701
115
61
350
966
2704
2113
1045
627
73
1441
2016
2933
426
528
1460
149
78
1759
1053
674
831
17
120
2739
195
2853
693
106
677
1816
719
120
1265
2240
641
2062
1361
1316
303
801
132
1160
1366
328
398
523
428
387
1762
1095
28
261
1323
115
99
1058
4
385
1348
1486
953
1785
754
1656
52
700
2308
659
1242
682
421
1146
23
463
87
746
1083
1730
112
348
361
29
2246
1829
80
1222
178
140
945
145
680
1623
431
534
687
837
611
215
154
152
958
541
954
2531
3090
1747
35
967
3159
463
2410
2274
633
2760
1459
808
199
509
142
502
3669
800
444
3237
919
526
116
288
4485
218
839
371
601
430
393
26
530
866
736
839
326
439
258
564
14
810
1244
5367
548
3211
2542
2002
550
1676
258
371
715
762
458
8196
483
231
3211
75
4935
2666
63
713
1360
1425
1865
273
1763
583
329
478
2139
111
472
120
1325
812
478
100
1021
985
135
789
412
1184
1238
1293
317
847
237
177
311
148
127
2519
1352
254
1293
563
1291
607
541
1039
88
222
1142
2219
1386
442
688
269
1268
130
206
1290
1423
16
1477
99
386
787
1978
1459
2596
1329
1963
1067
2903
68
287
879
238
331
419
5062
2829
1313
1777
445
699
124
2537
450
159
2439
925
361
609
405
187
727
1583
1940
237
138
412
411
27
754
1309
2078
358
393
1557
1157
260
1411
2106
890
753
1788
205
377
1319
1991
365
199
756
3454
225
188
341
17
568
1206
1953
2793
112
227
511
1152
2183
692
2348
143
86
397
1385
600
2768
8
733
1306
1832
344
4524
448
947
735
1298
747
157
1454
1069
180
894
207
8
397
7
2131
3757
892
63
377
207
1129
355
1335
240
298
776
262
1741
302
1085
1312
5013
608
146
1386
235
299
2606
25
1101
582
217
665
1489
2483
1312
626
671
1376
751
1726
475
1192
547
855
50
1854
1328
1652
2550
75
190
1957
780
563
1294
2339
7
820
895
1173
1022
173
495
1085
164
395
1732
639
1560
1676
262
199
735
250
955
4271
45
94
268
1447
442
2534
639
1333
171
926
421
860
335
957
2655
614
1692
1296
1978
343
1058
1916
6342
381
2340
685
1109
2
68
728
1969
1365
1131
2222
724
716
318
7
531
628
2797
47
448
587
3103
348
3003
433
422
1319
1889
210
825
304
192
1190
514
1416
95
164
940
457
1757
2303
143
1719
314
144
83
2556
522
1416
2163
363
1414
772
837
1695
821
725
1024
438
130
2915
368
1511
701
1092
256
163
2268
1091
24
843
460
1056
1331
259
2359
814
76
1960
113
264
428
1350
499
3041
87
802
35
1643
672
165
45
341
966
2105
177
2437
1914
1060
293
549
494
159
761
106
1316
3699
167
527
1369
297
239
1660
2161
472
1090
1285
175
113
953
898
710
78
352
1978
928
489
1168
596
1246
573
2856
58
2381
477
225
2633
1202
1180
537
176
469
1264
839
376
2009
1619
281
1301
134
157
4936
921
