84
203
97
4
216
12
6
51
28
1
174
210
1
29
4
76
7
57
28
264
35
24
17
22
66
23
1
1
3
214
176
168
113
149
69
119
15
12
268
223
298
178
11
63
67
27
154
123
6
145
71
1
195
9
8
182
293
2
83
38
76
42
13
2
4
1
4
11
17
71
19
269
5
139
248
195
101
2
215
120
31
41
118
25
5
71
14
290
190
109
162
14
7
8
3
7
1
240
23
28
1
11
38
60
91
7
29
300
1
51
26
70
163
64
4
242
2
24
192
134
34
4
1
34
2
2
110
2
17
135
2
158
17
92
70
216
145
29
35
130
252
5
2
6
1
182
28
146
65
78
22
2
2
1
156
1
80
187
10
21
47
99
2
14
1
6
289
15
65
17
95
7
34
93
255
117
298
63
124
14
41
90
12
1
279
123
6
184
19
1
34
243
78
11
101
31
232
52
291
27
88
187
62
83
26
21
60
59
108
102
1
2
165
1
17
152
20
98
208
9
18
47
184
25
180
49
279
16
3
65
134
174
2
2
9
268
4
2
1
280
250
57
8
56
130
2
182
64
184
180
55
105
96
3
2
81
71
141
1
26
53
2
8
156
1
56
69
26
1
1
4
5
2
3
1
35
9
16
79
3
5
28
2
14
2
174
269
20
149
7
2
20
7
35
95
73
16
17
76
242
15
3
298
149
193
2
229
6
108
3
273
52
1
7
211
37
1
18
228
47
16
171
152
5
29
17
175
11
20
27
62
149
232
32
96
21
2
2
48
126
46
1
85
48
8
1
203
142
15
157
70
1
2
25
2
173
203
34
119
21
9
77
286
2
4
10
284
3
211
2
5
15
273
48
288
70
13
2
206
119
176
38
14
2
193
16
38
33
34
4
1
95
18
26
74
17
5
4
8
1
50
4
3
38
99
12
49
56
18
167
51
285
19
6
3
13
197
68
30
69
1
173
226
14
1
2
1
171
23
2
80
24
51
189
73
27
31
122
2
97
2
219
18
78
1
27
180
37
114
264
61
25
139
91
107
248
24
7
1
42
198
33
15
2
230
8
86
3
101
99
74
3
201
217
26
169
3
2
6
241
181
5
33
13
4
69
39
166
281
18
1
228
1
291
4
1
2
3
189
242
168
18
3
28
89
40
12
93
4
9
1
1
96
1
15
31
22
2
33
71
1
135
1
120
9
1
14
45
6
6
2
51
19
26
2
3
82
32
213
26
1
54
7
70
67
3
2
213
171
128
177
15
34
3
3
5
46
127
1
141
1
16
239
7
42
8
23
2
136
121
3
206
1
1
1
34
3
10
122
2
295
27
19
298
159
210
137
47
8
63
8
86
9
102
39
26
169
113
18
166
2
188
16
5
207
2
15
67
6
79
130
2
8
6
159
128
2
3
1
9
1
176
17
250
15
50
18
1
228
287
7
7
4
206
227
7
171
5
60
282
60
6
21
10
73
67
11
1
35
11
11
233
24
72
1
147
1
12
13
67
72
2
157
1
286
247
5
76
69
25
16
8
8
12
31
2
102
95
1
296
11
3
19
172
60
1
7
2
35
93
13
7
190
18
7
144
2
25
64
3
55
63
150
3
18
96
64
35
215
182
1
13
43
81
83
162
87
158
92
60
7
44
6
129
2
218
2
50
13
74
206
9
139
7
120
126
31
30
62
156
53
94
27
6
20
8
108
221
59
9
4
5
1
15
8
22
10
1
222
70
2
8
273
77
1
49
17
32
1
82
258
51
282
14
7
28
50
5
39
177
21
173
110
8
177
7
5
9
188
7
106
100
88
174
179
106
1
278
27
1
53
9
121
64
13
270
72
22
3
51
10
5
116
18
154
85
159
4
4
34
53
1
224
217
50
38
61
1
37
146
182
160
170
1
111
187
2
5
9
141
144
14
97
106
187
39
3
9
30
46
70
9
283
82
9
4
3
6
124
58
11
35
173
23
184
8
86
134
44
37
14
196
4
5
60
2
18
14
36
3
4
2
16
4
1
48
1
9
8
1
117
122
38
2
2
16
1
80
35
18
1
197
110
174
76
243
44
41
1
208
37
19
3
88
197
1
26
244
1
144
6
62
278
1
1
16
1
83
13
3
37
5
3
23
38
2
62
244
29
105
143
11
6
248
46
1
27
265
133
84
1
83
41
15
58
13
145
20
31
204
8
45
41
14
1
18
2
1
110
19
30
204
91
132
220
8
2
282
161
4
10
134
66
5
33
8
81
60
41
206
273
71
213
35
71
9
89
135
19
28
4
227
1
55
90
190
97
38
4
65
5
76
1
273
184
36
27
1
2
153
32
24
139
73
129
86
20
26
220
21
1
80
188
181
163
7
1
34
4
93
34
64
10
205
18
2
298
215
26
1
1
248
3
62
93
3
33
76
4
1
5
4
168
5
3
47
159
220
8
53
29
2
2
13
62
