35
129
1
38
8
69
16
4
68
19
19
77
202
172
31
3
1
91
127
28
58
5
161
11
2
23
140
4
71
1
113
18
10
61
7
86
37
130
35
1
4
2
2
281
16
47
92
6
1
10
9
176
1
163
233
276
40
227
30
123
286
100
273
3
236
56
5
5
52
65
228
24
258
1
105
49
19
142
15
39
3
141
238
1
162
183
2
56
208
4
61
75
2
174
94
31
77
25
267
14
114
167
14
209
63
129
15
2
16
12
86
4
188
2
15
134
232
10
1
62
46
3
28
119
20
4
67
9
1
9
103
294
15
227
126
2
87
36
54
113
198
10
9
103
33
68
261
2
197
159
95
7
141
114
22
5
2
1
13
115
103
166
16
3
8
16
8
145
127
119
20
9
101
1
1
43
23
38
33
7
98
24
63
2
147
70
37
18
142
34
13
98
33
183
2
88
131
291
215
138
90
214
3
33
6
201
2
108
80
100
281
3
16
11
78
35
6
3
3
10
155
27
1
4
34
4
2
63
160
104
145
1
176
84
20
8
26
109
291
4
116
100
9
1
25
131
275
32
3
284
8
51
9
70
1
28
2
8
7
29
8
29
2
6
56
19
1
15
247
64
10
11
86
162
3
88
2
7
272
60
7
5
222
143
94
1
10
3
287
2
2
11
3
4
154
145
36
248
163
1
70
36
4
77
6
39
49
140
207
66
98
91
115
7
4
125
1
85
87
7
4
4
300
8
32
16
214
107
10
12
1
22
17
232
1
293
52
30
10
71
157
173
257
16
33
3
72
36
3
11
21
24
6
145
1
3
4
1
2
39
1
27
201
116
49
13
268
42
1
10
41
262
47
189
149
36
1
45
48
12
69
136
94
16
47
1
3
2
173
123
27
17
4
11
115
17
298
4
236
49
71
58
300
39
13
229
7
48
13
4
98
101
2
289
4
4
9
7
211
1
27
60
1
6
1
72
298
1
254
28
60
104
1
84
25
56
20
9
37
80
134
196
1
270
8
59
139
62
26
2
7
162
262
51
4
13
184
194
8
78
1
250
3
11
96
39
13
30
120
72
7
117
69
1
18
250
24
35
1
16
138
1
21
1
220
5
177
12
111
2
167
3
152
273
60
28
3
112
147
296
56
217
127
7
109
201
255
256
85
43
208
296
191
175
12
1
77
62
1
44
144
35
15
240
1
50
6
2
1
1
146
1
110
66
232
37
80
38
7
91
289
9
80
69
3
3
10
2
19
20
198
5
3
5
242
195
90
1
107
216
135
41
126
3
25
22
199
87
2
28
2
12
288
4
17
5
223
36
85
278
10
24
1
193
55
1
1
119
2
18
1
81
2
3
93
1
249
296
47
35
29
62
21
40
12
212
17
2
9
1
14
203
5
168
2
273
29
24
18
2
51
203
11
9
52
2
179
13
2
104
208
118
16
5
77
3
51
97
84
21
1
2
151
52
135
217
9
49
7
72
185
3
29
4
1
6
48
7
3
65
205
91
4
2
16
4
141
69
65
28
1
61
182
67
59
220
1
1
1
60
103
279
149
195
96
3
239
224
138
27
9
11
286
19
17
3
21
14
74
4
20
80
8
120
7
49
290
15
115
5
11
241
63
68
82
4
201
4
21
63
1
139
1
190
87
1
110
66
123
25
5
57
219
2
30
33
109
62
3
3
60
31
291
116
1
1
19
40
21
223
1
157
8
18
96
5
126
69
82
27
37
21
133
1
15
2
41
53
12
58
21
2
13
114
5
4
224
45
232
25
1
280
3
112
168
113
4
99
133
6
4
7
298
2
2
35
53
73
22
5
9
46
3
3
298
1
1
196
23
4
40
256
56
175
72
81
46
120
53
77
235
276
112
190
150
168
17
227
47
13
38
38
124
1
53
112
22
45
3
26
99
91
6
130
1
35
210
3
29
124
42
171
142
93
6
13
4
244
93
7
150
55
164
4
3
7
54
88
158
14
107
1
189
15
7
31
58
19
4
2
89
71
1
256
7
155
1
2
7
11
1
3
32
43
1
182
1
5
8
7
1
1
73
31
1
114
95
9
25
196
29
34
6
18
13
2
22
262
3
168
6
153
10
4
1
132
14
256
99
20
98
177
26
143
23
61
6
170
52
27
1
58
171
17
27
1
23
17
39
230
23
12
3
1
9
158
88
95
121
5
246
2
61
9
17
127
42
233
51
2
64
142
67
39
234
11
8
132
197
87
147
25
6
8
38
188
25
55
21
6
174
3
245
4
2
252
9
38
27
177
13
18
143
56
1
207
235
210
42
63
16
85
7
155
73
1
1
10
6
138
8
21
13
1
113
12
3
191
251
4
5
159
240
7
20
140
21
5
2
175
12
14
35
183
7
9
257
1
167
80
71
32
38
120
297
164
49
67
137
19
5
86
120
96
44
3
2
122
155
166
18
15
2
225
2
