1
1
80
210
34
53
2
202
2
48
76
256
29
251
36
10
23
119
27
10
2
94
218
16
190
1
2
39
210
2
237
104
12
3
4
209
87
44
19
99
6
14
296
1
101
32
83
93
20
2
44
1
115
40
136
121
11
9
3
241
19
206
29
119
10
1
4
1
60
7
123
64
53
39
25
84
10
192
150
234
299
180
10
244
27
32
10
39
230
207
4
281
1
48
32
17
7
32
109
17
282
28
8
103
125
98
77
47
1
3
19
98
18
34
292
1
29
2
266
67
197
83
157
104
1
66
64
5
134
11
44
29
154
22
234
217
76
13
1
209
21
12
3
15
4
5
3
8
181
94
51
1
218
90
59
1
32
2
4
16
2
237
86
143
192
11
1
34
226
4
11
25
291
281
9
47
1
1
9
19
152
50
5
88
18
2
1
33
37
109
174
6
2
83
151
264
1
43
221
1
3
17
48
1
23
238
1
1
98
1
43
92
41
250
202
34
7
11
27
41
49
56
29
12
6
63
74
1
5
20
1
19
22
37
36
3
30
8
167
9
206
103
26
2
56
2
4
20
1
42
155
1
29
43
1
91
21
33
44
140
5
3
208
3
15
1
134
73
18
262
29
26
84
157
24
32
130
197
3
1
2
8
4
111
10
166
2
21
113
243
18
10
189
79
1
19
2
57
4
9
221
83
10
161
137
42
177
22
63
74
1
19
2
99
1
1
32
244
124
6
82
48
60
17
7
127
3
89
5
14
35
151
53
1
5
4
220
1
16
19
169
181
110
4
17
136
13
110
25
80
100
2
149
8
15
21
53
3
23
153
12
65
3
232
28
1
6
16
7
4
8
202
42
62
21
6
53
17
11
2
102
168
57
150
52
18
75
6
11
35
59
2
56
279
17
39
92
85
5
14
296
1
2
6
2
264
78
81
4
51
1
31
87
6
236
107
23
8
22
33
2
1
19
2
110
16
78
219
273
11
40
4
82
52
1
19
60
63
50
13
11
14
1
77
51
54
9
1
9
44
17
50
83
55
284
1
266
80
10
9
4
7
71
18
51
12
2
28
108
5
3
1
3
1
223
2
57
13
4
18
10
2
66
57
186
97
25
116
19
85
264
2
131
3
126
18
130
41
195
59
3
9
33
135
119
167
107
227
7
21
24
249
6
9
297
26
103
16
5
53
4
31
44
243
4
298
25
13
38
213
36
5
4
37
111
24
22
19
52
1
1
30
137
103
3
225
71
85
72
1
29
14
108
4
17
80
7
99
184
22
23
137
71
23
62
274
22
1
1
14
5
3
4
3
129
1
63
84
168
6
112
3
3
2
221
133
167
206
3
261
18
45
1
3
5
29
78
12
13
21
216
33
6
102
250
51
4
180
20
2
4
126
1
38
97
4
11
103
5
66
10
42
18
90
6
1
63
34
181
10
106
5
108
244
4
98
46
16
78
163
4
1
5
22
162
1
1
141
7
20
153
63
1
102
32
56
7
1
50
239
63
199
60
15
10
3
19
207
180
141
251
15
111
7
43
258
51
196
12
260
3
115
11
289
96
202
127
10
45
4
2
5
294
182
158
31
4
45
165
46
9
7
36
104
2
56
4
152
1
3
1
4
55
68
8
41
10
1
5
123
167
1
43
131
41
278
39
191
267
98
67
3
69
7
3
1
129
2
30
118
30
55
2
3
1
8
38
245
1
39
13
1
270
48
21
1
48
107
131
73
6
15
16
145
54
1
1
247
223
167
106
7
13
173
8
192
48
1
2
293
216
138
32
1
54
7
17
4
1
29
122
227
124
10
43
74
14
6
127
300
7
54
18
86
2
4
16
126
1
3
215
32
142
13
52
15
31
104
4
60
18
3
2
14
275
69
2
149
164
159
9
58
230
36
78
24
221
15
9
4
113
159
29
257
124
177
260
125
216
84
64
193
20
158
4
230
278
8
26
233
232
1
5
7
2
92
29
207
87
3
246
73
5
91
48
11
236
260
2
1
1
36
18
9
225
84
103
34
68
288
202
95
23
9
2
2
28
6
37
77
29
1
1
2
20
13
45
5
72
1
22
84
96
20
19
1
112
31
172
72
96
1
71
74
231
196
52
2
53
178
55
1
130
169
130
35
59
16
4
21
1
114
185
37
2
11
109
273
2
18
1
89
4
24
3
119
41
1
22
1
7
15
1
19
18
112
204
11
4
9
3
292
5
1
3
19
50
20
51
85
4
20
20
109
100
13
86
1
36
11
1
253
3
80
249
54
117
15
4
1
1
65
125
24
2
6
297
106
22
15
1
20
80
8
6
7
12
8
64
7
50
37
211
298
5
126
165
44
43
19
59
197
120
279
67
20
242
64
14
14
96
2
1
175
2
146
38
1
169
42
284
7
9
11
19
20
18
2
21
17
6
11
113
152
26
17
108
16
2
35
163
31
71
8
168
