1080
1242
128
1852
637
443
269
635
292
63
2052
126
971
2351
247
1841
3552
1946
2110
296
371
286
926
446
1362
276
28
61
1594
1089
226
330
62
1457
1237
104
2032
26
492
387
415
1906
12
296
70
227
1350
3331
87
3454
250
1153
75
759
943
86
2603
689
647
422
883
2471
329
169
1966
1645
2235
1611
519
171
205
2492
192
1009
213
260
1264
287
2666
124
2037
2134
2426
302
109
40
1259
1819
225
1156
99
151
1955
283
167
256
266
2241
1086
837
553
430
745
678
826
120
113
675
150
323
375
56
461
732
744
1208
233
42
1605
1342
42
1570
2723
254
28
370
557
110
435
18
777
248
1880
249
624
199
1434
1012
1405
2150
1307
2846
1073
1038
564
43
413
657
188
1175
234
1183
3193
34
1196
862
1705
473
955
1169
241
1183
1313
581
1725
41
1001
288
6
817
979
1597
453
272
437
199
4247
344
857
585
1167
1184
276
1192
618
1467
1799
810
331
1000
1484
3011
229
1004
1560
116
459
308
3391
137
4301
584
3391
2351
3703
729
794
16
135
1278
1561
870
1238
404
1878
829
148
200
466
82
2930
80
4745
122
568
1953
1485
544
1512
382
620
238
2819
1086
212
1104
11
1070
161
187
266
1031
2180
1187
1113
557
270
2410
950
202
325
335
1010
420
563
146
3506
15
1808
649
509
389
2173
48
146
2608
29
2055
68
2721
810
1173
349
1190
1900
1260
513
1131
252
762
596
124
2056
126
724
1268
301
171
322
256
80
1109
808
467
1618
1203
1742
469
1195
1588
1529
270
2601
1110
999
1217
582
1361
434
1511
140
114
107
111
1039
2715
235
154
1484
611
167
1037
169
577
319
173
1397
2204
286
2580
982
292
632
1146
780
305
776
374
207
2071
799
944
2699
296
726
2136
33
83
757
1322
1573
106
114
202
629
476
257
462
510
1829
370
1148
706
2135
2433
595
657
449
1300
1016
181
320
156
379
213
1359
363
788
33
815
2789
779
1792
45
1589
619
581
758
705
1823
1068
1672
233
1346
1233
2114
81
798
1407
2104
292
413
2402
1638
742
712
2355
389
1364
330
483
607
760
1039
86
91
253
712
351
889
1481
338
2133
1982
70
637
2577
2898
433
1751
1654
488
387
2459
78
1210
335
2937
360
426
949
273
1335
122
123
132
1132
1438
961
791
1398
250
185
298
1847
1016
681
591
513
97
994
3973
1341
386
1702
275
3053
360
79
3091
2140
657
284
566
691
129
1422
1233
421
3479
1429
549
1434
66
152
2808
1513
2490
325
665
359
2427
1167
624
411
835
172
3953
1158
597
15
464
1588
155
1790
3555
633
1775
1033
597
113
1776
283
121
875
299
53
1255
162
963
720
985
671
579
2089
2104
871
610
38
698
595
1715
2778
1208
363
118
299
1714
1691
189
153
412
554
1471
858
1320
241
7272
7
493
808
972
764
1217
2002
955
185
53
3318
171
138
3564
4062
2214
1687
672
412
366
955
677
1086
1007
1646
1213
1457
461
600
1208
512
1271
178
821
980
18
89
2236
350
632
248
2108
1162
62
1102
510
1134
231
188
1702
763
8074
778
1811
81
1283
2393
152
1555
215
205
262
467
159
2768
807
4784
288
60
1885
1903
330
1697
633
452
816
3589
477
1321
180
233
47
429
430
1160
679
91
1989
450
317
1857
116
141
1217
801
719
386
347
567
1466
1661
218
1369
1671
259
433
1438
222
340
339
2102
657
1692
142
576
403
134
1944
860
2462
194
287
707
281
134
622
325
71
1663
226
969
442
806
272
349
1768
1641
99
987
635
1570
4943
834
172
2363
4528
1210
1575
1948
3
741
278
81
13
1257
1259
1196
1571
1266
2139
1866
321
276
790
837
1132
443
19
260
515
1315
467
930
224
118
1019
2859
8
1455
561
660
95
2684
430
99
1055
623
1774
295
402
524
450
481
1699
170
127
70
636
1304
61
1196
910
1119
57
929
205
2304
603
963
539
262
59
27
341
1995
337
876
154
664
713
4063
405
3737
48
669
1300
5
670
1319
409
1023
365
2371
1358
1393
796
1932
559
135
2583
5203
1974
515
1072
88
725
757
1792
3143
456
1328
53
204
1218
38
281
573
1062
128
1068
285
1071
732
411
125
526
309
1434
3
139
705
533
885
918
980
380
1495
257
1258
1774
2306
263
959
1823
101
483
1764
1297
2000
501
2157
205
334
638
313
1884
212
503
3276
1440
361
3681
139
713
565
163
43
341
1284
230
936
35
953
960
91
2528
111
304
2595
142
1227
41
1222
1093
94
1643
580
405
267
1637
544
2708
348
808
1610
566
1948
1661
797
386
468
668
482
93
215
1034
159
301
329
282
1115
1128
452
579
482
467
1920
187
790
246
3513
1846
1080
1610
307
2447
18
232
690
843
1952
330
223
377
1751
577
1173
203
237
3470
4756
73
4250
520
414
421
2540
1401
655
94
798
1595
1874
588
1205
819
1211
739
2598
1746
95
817
1822
1202
754
2696
374
1615
450
1400
1004
793
1197
1059
2932
286
439
56
2111
1107
689
1039
127
847
3520
778
2208
925
4934
2846
1540
2502
3008
585
1341
1139
1521
671
2256
77
41
1194
431
122
512
1250
722
683
3708
16
2321
388
198
1126
1519
86
814
31
1427
251
190
677
1170
65
2077
52
2219
1305
306
90
303
235
3094
737
612
1018
224
303
433
750
2346
399
101
676
4068
465
1094
113
829
1047
1427
939
664
190
312
26
5021
1323
424
867
636
1195
708
229
930
1479
275
603
1711
473
562
274
1215
971
106
135
1056
286
28
331
145
155
1109
1601
3136
378
1815
