134
174
117
302
2173
1546
99
66
1061
2139
205
351
2729
611
1291
1362
718
168
1324
661
862
404
34
222
1282
1303
133
3520
44
159
919
209
3670
59
2276
22
1351
1463
937
686
2337
84
1564
336
152
1829
322
726
112
3529
189
609
4
8
1929
154
1940
857
1676
273
1921
7
346
2726
2020
817
365
152
743
785
59
1053
390
173
112
1042
489
2361
844
1968
3251
353
858
478
696
395
822
768
48
566
15
16
452
2230
201
394
863
580
1234
367
1544
372
1163
1129
325
118
154
559
477
778
2634
708
2825
2212
2275
691
2251
83
1240
350
582
106
197
805
385
1205
130
3833
719
454
1559
635
64
492
783
732
1246
1171
1538
5
823
2720
28
1251
2763
456
12
1773
212
691
499
129
77
914
595
2477
37
542
1025
593
884
657
160
1616
603
422
1297
133
427
1607
1079
1184
721
2237
635
2423
93
1153
405
1299
5470
2065
324
1177
548
974
899
0
438
2858
317
1786
84
120
255
1522
1001
807
1764
2704
812
1575
707
3920
202
140
1761
1776
98
49
1398
320
17
1456
1903
561
2539
99
413
606
1045
2414
141
159
669
144
250
403
1201
352
2993
2748
1396
594
181
1024
1288
36
100
1444
44
1143
1512
1297
290
3279
319
1383
938
752
967
970
572
1608
1704
588
747
108
168
1177
585
283
76
182
793
1692
99
1067
611
830
348
222
838
2122
893
558
35
637
298
166
13
441
523
923
670
1065
125
359
280
625
324
221
175
3425
1321
2415
1061
52
172
1329
238
268
503
1152
646
1286
1482
3024
1139
296
2258
5639
568
82
759
775
1308
2930
282
1980
2249
2931
601
1916
102
3825
98
363
71
863
119
222
741
1129
3220
985
3320
149
568
126
1971
678
3394
42
297
1073
1307
250
3930
782
761
384
1667
814
1110
1297
301
12
96
1442
2506
27
3735
211
748
2234
655
2042
3381
948
755
781
1239
2238
2417
581
863
283
51
4036
1350
1629
784
2538
34
606
2599
361
924
1593
1778
1025
568
1057
2019
2030
291
246
446
660
157
41
973
360
1621
1824
1611
130
535
844
2234
2031
204
457
52
570
353
429
3753
230
1320
2216
459
160
238
550
1253
285
451
680
847
240
3208
1476
1424
927
1781
736
750
2020
165
298
191
3867
1025
180
624
362
254
345
977
226
375
2201
1198
1795
461
664
422
1726
2051
1218
2244
1146
2244
2760
2754
474
677
489
714
112
528
2415
831
310
1581
55
302
1567
883
40
3203
2633
136
571
1448
613
313
2150
54
847
521
191
714
563
3972
321
1493
1990
583
393
222
284
883
471
418
1108
509
1039
700
1954
1014
576
1563
372
1477
4548
69
706
385
5360
86
4304
1131
1842
1358
1379
360
307
321
3147
137
96
490
1652
464
926
40
191
99
2056
880
214
1554
139
342
1593
998
685
511
979
1639
1176
957
361
1482
805
1412
730
250
253
90
297
478
383
211
3185
243
700
184
224
715
1079
2077
670
1477
289
552
42
1614
2026
1650
68
449
249
302
625
158
872
1439
379
5262
2064
133
904
71
26
2387
80
318
38
1092
901
792
1536
1591
1019
639
2020
1711
1112
527
605
3
16
176
2640
268
1311
423
1186
1223
1442
3084
260
478
421
1619
16
87
2018
817
574
5406
326
37
1147
210
308
315
1471
676
28
1341
1180
113
2146
584
203
130
291
188
1505
274
126
2166
1768
389
1176
1082
1400
257
1866
259
1735
2097
349
82
1291
687
770
244
153
1246
3157
887
19
772
2744
2355
33
383
752
344
1853
448
1105
2210
1996
916
2408
752
1428
2617
155
572
285
772
575
21
793
52
1149
1445
150
831
1668
172
2293
184
1651
3251
2362
467
115
1113
1223
603
158
1233
770
256
357
2362
1729
1576
1534
1890
9
1970
864
2471
358
1661
1359
414
16
147
1241
1392
587
583
530
113
3348
781
1430
713
44
1103
9
3710
814
802
142
180
4280
548
1221
64
194
3538
1591
529
905
1756
721
2050
2051
266
3028
1769
285
955
1953
94
428
440
2382
507
173
151
747
1611
1421
1132
1230
2456
911
231
239
766
901
1468
1995
929
468
94
1925
282
1717
943
1039
1271
1385
1008
40
178
557
91
262
2646
586
874
643
586
104
2555
405
1451
770
18
652
769
63
647
1546
688
798
47
1270
3483
582
2323
3428
1327
202
276
691
416
509
4953
1327
23
769
849
381
2178
576
326
968
221
61
259
1232
3499
442
75
1889
13
458
149
1388
236
1556
400
47
283
1981
472
4
29
256
229
2479
484
331
44
875
471
1255
503
718
826
3478
2245
56
530
795
2390
1479
2625
649
636
77
348
21
938
1057
681
3195
1225
427
1325
1398
2470
94
1059
1671
1768
1197
1287
752
1723
415
494
637
105
1189
1213
290
362
715
412
303
4922
370
1120
292
477
135
547
14
1029
77
406
523
1496
225
1965
280
559
22
956
2790
286
309
548
1121
0
693
383
103
1816
1256
411
26
1208
784
3002
719
269
360
138
1399
431
1152
440
343
1167
597
188
232
414
1414
2071
568
216
1461
468
353
1360
801
430
2517
2597
1096
317
376
2037
226
576
346
31
21
1674
1113
846
766
145
24
1240
359
16
1646
1858
908
101
7806
365
856
882
2615
1092
1008
118
447
263
26
2526
578
517
116
407
465
1999
1873
218
426
747
954
172
119
216
810
599
416
211
13
334
755
7185
447
944
287
3555
1050
5
394
480
1002
7
482
1692
1614
1112
305
8
883
640
678
69
32
1371
557
511
1006
1186
509
783
598
686
339
908
