1169
1587
26
338
482
1465
217
100
528
2491
660
2266
783
8
1222
3087
792
4395
337
871
1074
1410
1230
4
1472
527
1502
67
814
1123
504
1064
2081
1801
74
1077
816
2554
414
60
270
337
220
3448
237
1196
630
945
608
4847
488
37
419
2288
282
1394
3360
511
1059
55
189
231
224
194
879
985
313
1765
865
996
1831
373
2006
197
1016
631
114
618
375
2956
472
472
1241
750
985
2460
543
175
189
1875
604
903
219
1157
1405
2530
669
823
1573
356
366
3357
1975
2054
37
7929
841
157
1391
1455
3475
345
402
331
2678
349
456
359
171
8
304
235
158
245
1001
2692
507
93
88
5574
4728
2052
963
308
1361
160
288
984
1211
423
72
3310
1485
89
605
562
694
123
585
158
650
855
1103
1854
1505
736
345
150
827
748
712
3898
2650
741
408
1728
2304
132
1139
404
570
591
138
205
360
68
335
1016
2420
171
14
349
1004
149
2420
1974
50
260
973
1977
379
125
353
4059
380
411
345
141
1664
273
72
982
215
1035
561
181
2173
664
2129
32
472
290
1261
3061
1845
1320
642
3055
576
452
2153
7
2012
2238
419
223
381
283
142
412
2426
11
1654
1581
609
272
900
329
2012
340
517
1185
1415
3117
212
899
130
213
3198
110
237
2062
4824
275
929
1345
1351
558
1314
1079
1136
275
272
965
2222
717
576
534
2020
355
736
118
451
154
1208
7
1488
346
465
355
628
341
65
798
357
1145
757
64
681
873
3652
1632
256
639
899
1316
1701
247
631
909
811
75
66
1176
637
118
243
1883
143
1388
27
2400
99
457
2
1260
1583
160
41
4007
175
295
827
1193
1262
104
6300
1960
3421
916
4056
1023
1149
1354
612
3247
6098
2254
662
2150
517
460
373
1007
817
343
293
3157
3933
608
2172
156
1224
144
407
199
1759
385
1441
2798
103
1123
270
1166
784
333
2140
1217
891
285
459
5
1547
1924
1446
2415
271
30
3054
1809
1188
3
235
144
530
390
1295
1149
4675
425
163
607
224
1061
374
1048
2874
66
493
412
1081
3690
272
1459
570
1332
1338
1460
759
255
440
387
726
2901
867
897
456
2737
291
2463
815
141
921
144
205
291
515
171
806
122
1094
528
416
336
878
62
695
609
756
421
259
206
1294
365
962
288
2474
330
30
5135
1327
64
775
292
2565
302
1208
1056
4113
142
7
1450
83
1530
274
969
2
1304
236
2124
1756
352
458
422
160
589
239
262
1720
782
301
260
1691
164
730
937
222
93
1646
952
402
1308
2074
483
5626
764
1930
497
680
1308
132
1013
2684
1857
789
173
98
3364
181
146
2269
366
191
2
28
2454
151
251
1586
843
349
492
267
223
2325
124
611
1132
2727
1970
1418
431
10
207
884
2395
82
188
505
1381
353
2658
591
214
412
1465
1313
361
377
333
178
2682
816
345
122
329
68
1527
275
350
1508
724
93
1708
391
75
997
2672
432
3880
3761
603
704
505
814
799
283
8
232
2317
1351
1290
2774
777
414
748
1486
2195
1232
355
344
3008
1407
769
1026
749
10
125
610
565
1051
393
850
354
278
675
1490
2691
1575
655
3183
1509
2507
135
19
114
719
1380
270
2334
683
669
71
1127
3364
176
33
66
1695
507
146
1641
1272
2304
100
15
407
1134
1063
504
329
2330
616
895
1878
116
3230
237
59
392
228
530
680
1203
222
206
4840
60
533
97
5799
616
31
1630
1200
1035
594
156
709
1100
3943
2005
693
793
491
16
605
133
2872
448
313
129
1109
1004
362
410
662
542
92
1299
1988
4
102
3549
793
565
294
2542
2587
99
196
234
952
1127
361
7
2696
2664
779
354
159
1465
2088
518
64
356
1711
1418
1718
2404
806
1828
1174
95
127
1288
588
114
7
117
524
700
52
1450
134
1152
629
26
734
1615
42
1072
1162
51
2996
2025
557
178
1222
2172
933
240
524
385
1422
324
1957
270
324
3639
728
1234
506
886
333
431
1897
145
487
427
394
455
344
3645
246
75
65
1469
1379
1327
332
2607
7865
3170
1490
1748
340
2659
1544
265
23
1247
1340
3791
103
914
534
943
684
95
218
744
180
232
1683
461
231
632
61
1876
21
1764
363
1636
1830
1747
596
465
729
1402
913
6420
1409
548
1363
547
282
150
663
4929
150
104
304
625
46
2547
1287
1639
3667
594
1160
399
2617
97
1347
477
1998
531
2346
1947
591
1648
32
862
730
473
1104
1542
236
1198
2617
1425
224
2293
17
422
490
273
1545
40
629
1499
2272
260
5128
1451
193
987
83
1500
554
183
712
363
123
484
911
35
668
38
453
375
381
217
3407
822
804
106
779
366
510
517
1313
4846
58
2146
87
893
923
227
3283
1883
886
18
195
618
154
347
2361
2301
2230
208
150
1094
1994
357
727
333
295
326
189
758
731
174
1473
518
865
295
280
608
227
2361
63
417
1188
191
1591
6
520
272
1352
204
2634
940
3759
708
1147
2344
2089
508
222
1682
628
3083
369
538
2270
1199
638
1601
1613
1263
5
392
1593
369
613
1968
1021
5735
247
2547
609
1711
457
1674
1463
805
1312
3310
4677
659
230
107
1014
2528
680
2253
363
580
760
1203
315
1046
2121
1249
659
1231
83
1583
1399
841
512
145
217
404
1805
2090
2243
36
1416
2876
2331
373
392
42
189
223
431
1070
62
226
657
795
2135
1358
383
217
1420
662
7
574
2974
400
2246
91
2311
76
902
519
593
312
2580
1321
227
801
554
2342
3
561
373
1047
634
652
409
791
786
698
1063
90
251
289
872
374
478
