2
43
1
4
124
7
8
3
10
57
80
4
26
14
5
22
204
227
33
35
50
4
13
2
64
15
299
5
44
3
22
75
33
18
18
14
2
276
18
21
29
1
113
4
1
38
194
41
21
14
5
214
4
8
7
81
59
11
35
78
45
1
22
279
30
2
12
42
33
14
34
175
84
6
24
36
17
65
8
12
37
167
2
128
123
1
1
69
251
43
85
1
48
22
10
8
68
8
1
99
11
10
208
45
1
116
5
3
48
6
1
18
1
250
1
3
65
1
17
4
5
243
161
1
3
47
21
2
3
5
12
3
146
54
1
2
8
1
266
2
223
21
6
2
259
2
1
2
158
71
271
4
44
120
2
3
154
223
104
229
36
85
97
83
8
202
2
1
285
52
81
25
12
101
148
18
5
7
162
288
274
43
155
62
112
4
2
27
6
14
74
12
5
89
5
2
17
179
178
31
12
176
6
24
117
213
161
178
217
219
280
1
1
26
2
2
30
68
25
124
24
3
125
32
61
113
2
56
47
55
102
119
230
7
5
3
2
269
231
1
275
2
42
98
120
191
73
10
138
8
243
27
11
1
275
2
196
3
226
136
82
41
28
20
33
38
261
67
2
289
60
54
205
6
60
1
3
299
13
36
143
3
4
12
5
64
103
1
34
166
17
102
1
45
162
13
29
10
75
298
102
32
1
40
48
281
5
137
60
13
192
18
8
10
4
2
3
244
3
3
5
12
13
2
112
37
50
1
4
1
1
140
6
36
142
120
12
194
12
52
266
222
8
9
60
10
3
74
19
87
29
155
26
23
256
4
62
27
2
4
13
38
31
114
26
47
4
137
37
7
11
69
94
78
74
1
130
19
10
9
45
26
40
272
45
106
52
268
1
113
16
1
1
166
2
38
39
6
7
34
13
5
23
85
32
130
91
63
1
178
214
299
249
129
30
10
5
80
292
38
1
171
150
32
11
97
67
14
107
52
1
3
48
1
5
3
1
12
213
3
209
173
87
113
159
3
14
114
91
152
5
219
22
212
17
278
1
6
5
23
221
2
7
113
1
7
142
31
2
29
1
202
70
13
62
124
247
97
9
9
1
21
245
35
84
118
6
110
17
18
16
231
22
106
4
51
283
44
4
39
234
1
191
2
4
45
2
64
278
2
1
39
136
9
30
25
2
187
227
3
276
50
14
1
121
79
47
11
248
271
249
120
32
12
185
180
3
20
140
14
13
34
27
19
158
80
217
3
2
90
6
72
68
28
5
289
286
193
3
10
292
10
11
26
20
57
4
1
299
3
267
56
14
263
2
81
5
170
79
50
139
10
9
170
133
98
75
238
47
3
1
11
81
82
2
103
63
5
84
56
10
16
16
10
180
290
4
36
32
23
1
210
11
174
19
4
178
294
115
205
5
10
66
291
164
40
12
242
24
9
6
2
118
117
2
30
133
31
134
40
1
52
6
39
1
28
3
4
17
268
133
34
9
38
38
150
80
82
40
5
59
19
18
88
132
1
21
16
10
1
229
192
64
43
4
33
3
285
198
16
200
151
43
14
3
243
23
25
4
27
59
29
49
1
277
4
1
188
3
12
1
145
5
54
1
82
49
15
124
22
14
121
152
30
77
3
115
124
199
190
7
3
7
1
71
233
61
194
22
3
7
1
73
93
1
5
91
161
17
84
158
3
2
1
169
225
1
9
146
140
263
59
50
13
236
3
3
15
93
1
24
19
75
7
2
285
8
31
22
39
1
1
72
28
4
62
39
237
55
143
279
9
272
47
28
21
244
4
4
3
17
69
109
74
173
203
19
55
4
112
5
7
16
124
24
3
287
4
205
225
140
26
16
33
7
1
175
2
200
140
166
22
53
30
4
7
2
75
2
2
38
4
54
30
3
179
162
2
12
4
19
57
53
1
1
3
26
126
121
3
19
1
3
152
150
5
7
3
45
123
72
118
43
1
10
21
7
17
55
82
2
113
1
27
260
4
49
72
113
1
206
17
114
84
141
93
49
39
162
4
284
61
35
126
10
254
106
228
4
223
31
103
10
140
129
209
14
1
35
4
1
5
31
4
134
218
200
74
175
222
8
3
51
221
17
5
1
17
57
10
3
29
10
30
14
3
5
151
1
11
108
122
1
27
13
35
113
41
75
26
25
284
2
68
182
18
1
45
291
244
11
48
23
4
161
47
10
35
191
11
126
5
95
161
8
41
150
77
9
23
1
2
92
4
14
5
35
35
1
40
202
4
43
9
16
33
82
213
1
53
22
86
167
170
4
13
6
33
59
35
103
2
121
4
194
176
183
32
5
6
7
41
33
54
79
284
21
13
64
36
237
1
87
168
21
47
1
244
5
46
230
33
2
3
86
209
1
11
29
3
23
3
99
126
7
32
49
195
178
160
9
17
1
45
87
92
153
45
9
1
7
8
220
297
13
