8
18
105
158
24
8
40
116
27
59
10
88
61
7
33
49
5
30
99
63
42
1
111
41
87
45
29
1
40
171
6
11
235
4
102
172
147
217
22
68
231
1
3
2
50
17
267
13
168
48
53
21
214
154
216
33
1
43
298
96
182
1
1
182
28
3
180
159
8
117
22
67
289
3
1
155
18
64
96
6
9
10
70
115
99
39
12
189
1
9
229
66
63
48
1
172
4
282
80
190
22
276
203
23
259
99
6
185
20
37
4
22
193
124
115
122
5
29
47
28
110
31
11
9
52
5
76
2
23
23
55
86
100
5
9
114
19
4
8
11
225
8
23
1
114
13
136
284
3
10
143
8
69
61
180
1
20
139
57
30
130
2
144
8
29
88
68
128
154
1
136
26
6
28
66
185
64
63
1
5
108
40
196
2
39
51
167
79
1
12
27
44
19
12
48
2
38
25
1
3
125
2
220
9
6
83
1
146
78
116
1
106
54
4
76
66
246
9
20
116
24
188
134
261
225
3
7
113
21
80
160
181
3
3
22
3
19
43
6
255
41
1
4
6
171
7
26
99
2
58
128
9
1
4
10
2
10
273
78
2
6
20
126
99
5
37
108
140
17
15
28
81
72
3
8
1
1
91
190
29
3
36
246
33
95
48
3
74
29
2
5
81
50
252
242
40
29
250
4
5
12
72
11
2
117
19
2
14
2
30
86
119
1
28
10
104
138
238
75
154
6
13
1
96
21
20
109
33
166
9
107
16
2
77
79
12
1
12
2
5
22
8
61
178
89
62
281
95
3
72
106
47
23
47
103
29
249
39
122
32
103
44
263
45
1
26
51
96
4
13
190
88
60
205
171
157
210
17
179
5
28
39
24
98
7
29
2
41
46
237
6
32
90
267
61
5
4
178
1
108
9
6
129
16
175
5
166
1
48
35
100
29
8
3
4
112
62
6
8
49
2
8
3
3
52
186
3
73
1
1
1
46
82
100
4
13
30
218
14
238
138
48
3
228
2
88
293
1
10
279
52
6
1
4
8
2
48
50
108
65
84
250
299
3
50
134
2
267
62
231
16
17
11
71
16
278
14
289
2
90
1
1
160
13
294
9
187
10
262
17
299
3
2
220
22
27
1
89
5
289
229
21
102
4
223
293
197
141
6
72
17
53
3
34
4
35
156
256
160
168
277
159
98
57
10
154
1
3
52
200
3
1
250
153
109
264
268
82
3
91
128
1
3
14
42
10
11
149
146
17
235
33
37
2
35
3
15
39
11
144
270
272
1
46
52
117
38
219
3
123
118
2
2
5
211
47
119
139
131
144
12
131
122
217
65
1
45
61
1
230
11
289
33
4
5
46
39
19
2
152
1
2
172
11
189
1
134
21
93
7
2
73
66
3
20
27
139
177
239
11
34
9
49
29
1
109
20
1
93
7
12
163
286
27
1
3
156
142
52
184
110
31
17
2
22
8
1
6
249
29
171
4
183
6
127
11
26
115
25
132
103
11
22
279
251
5
37
8
12
24
2
2
2
22
249
7
238
192
24
7
100
79
11
248
83
15
5
240
4
5
84
107
51
17
6
1
43
21
41
129
68
10
6
39
1
90
37
19
158
1
153
187
10
116
126
44
55
22
226
1
2
9
132
46
176
2
105
16
9
3
198
54
216
5
1
43
238
9
3
1
15
2
93
129
1
163
1
149
59
170
259
85
286
115
212
38
8
1
266
10
11
2
2
76
13
116
207
16
258
53
287
239
246
16
219
124
21
216
17
30
164
32
2
11
98
19
1
12
263
74
6
7
25
73
19
242
69
2
276
84
53
4
290
3
1
34
3
100
1
3
11
25
44
144
69
4
112
5
4
47
100
131
101
1
78
99
5
41
76
48
2
192
204
36
284
32
3
18
4
2
1
44
2
2
45
1
1
9
1
42
164
9
56
15
22
32
218
5
29
93
52
14
67
216
82
265
105
181
160
109
14
41
2
284
19
42
1
26
6
281
207
9
68
217
10
14
5
78
121
152
3
122
6
76
113
161
16
11
178
1
12
2
1
290
6
131
7
14
100
12
160
7
22
72
6
20
117
138
5
8
189
22
88
167
45
19
154
77
87
2
14
113
6
1
66
14
216
23
51
13
290
246
1
3
1
6
12
23
111
30
9
73
23
97
54
2
24
1
3
214
2
268
131
1
4
7
140
66
254
3
82
11
133
4
61
5
14
7
60
12
64
2
19
24
14
10
31
2
9
57
2
3
76
52
11
55
175
18
8
35
169
138
167
1
130
215
1
74
30
267
25
1
23
1
25
1
1
271
4
9
8
1
275
275
23
4
296
210
80
69
1
2
66
1
2
88
5
75
1
1
192
270
4
41
138
6
140
94
151
6
123
8
51
11
24
1
262
11
195
43
2
45
66
2
212
129
90
1
298
14
3
141
21
236
19
