1
13
28
127
9
45
7
119
64
90
1
26
80
59
30
92
15
27
8
24
1
5
65
5
12
55
48
25
1
286
68
72
100
36
86
100
259
4
70
87
21
93
18
15
288
107
5
44
3
180
11
15
123
138
3
2
22
207
217
64
1
136
218
167
134
111
1
114
18
1
5
28
6
8
1
197
4
51
39
27
54
134
20
140
8
5
113
1
237
199
58
224
10
59
48
35
59
4
236
21
25
2
186
2
156
3
295
82
47
33
52
210
31
209
3
57
136
7
19
1
21
111
9
13
182
13
162
14
37
73
202
3
4
261
208
9
172
2
176
134
92
37
1
65
59
10
130
13
19
253
133
53
2
76
274
190
38
4
190
99
206
1
199
4
1
1
96
2
128
16
60
3
213
55
46
1
22
53
9
10
120
119
251
19
91
21
76
21
2
38
18
188
2
181
7
37
3
8
19
6
49
277
4
72
1
61
279
133
212
93
267
33
5
12
222
7
7
18
28
158
227
164
23
3
3
50
2
8
278
11
9
94
151
104
237
127
41
255
2
4
13
184
3
2
104
171
24
9
77
86
69
20
195
33
9
21
282
161
154
18
22
283
285
7
169
1
16
108
41
12
4
4
20
209
62
1
22
3
2
10
262
50
199
15
13
180
17
6
258
78
6
1
39
18
2
49
14
5
24
108
36
234
1
30
231
215
193
27
57
17
180
18
17
40
104
220
13
262
188
88
66
32
11
177
5
24
167
275
21
12
96
1
2
68
214
293
4
1
68
53
33
5
154
26
6
6
4
9
2
3
122
6
1
294
43
7
250
41
58
208
50
5
190
8
179
231
42
20
10
47
79
5
8
10
225
22
34
12
109
100
279
266
97
1
84
54
2
27
74
48
201
3
13
15
67
10
22
163
17
2
1
11
271
114
55
2
10
86
79
53
2
20
223
41
41
43
1
1
4
192
1
14
1
100
81
4
64
15
178
27
162
2
42
30
187
2
186
166
93
21
11
186
2
68
48
13
72
4
217
159
15
18
12
5
26
33
49
1
52
154
200
6
218
102
87
19
37
27
2
1
3
31
3
89
158
1
3
271
19
16
4
10
9
4
19
286
190
171
6
117
12
74
90
29
1
164
1
53
30
6
67
10
56
5
3
286
1
8
1
60
82
4
2
17
64
10
17
3
269
113
70
135
90
11
216
3
202
214
146
269
48
1
2
164
19
1
1
16
52
86
18
3
3
45
27
78
20
79
238
52
50
1
180
10
29
62
11
2
1
86
84
8
110
175
12
1
24
43
99
35
239
3
1
1
5
100
128
226
29
30
1
9
234
262
2
4
92
13
3
12
35
37
9
87
88
77
37
27
73
16
5
1
1
4
87
275
151
141
13
49
261
3
29
123
12
1
90
40
39
147
4
142
8
147
287
34
288
46
56
21
277
1
8
167
30
9
11
14
17
1
284
85
182
76
140
4
2
66
237
2
245
163
12
229
8
173
289
4
169
42
3
110
125
71
1
2
48
1
52
4
6
1
113
58
281
9
1
3
2
140
5
236
4
35
119
58
30
7
58
1
8
29
1
1
1
61
76
26
66
91
41
36
20
3
20
51
3
8
35
144
3
2
101
1
2
205
50
5
1
200
78
5
15
23
15
1
72
179
2
63
6
1
154
5
57
3
189
2
279
134
85
2
17
156
114
285
18
294
282
38
229
170
6
116
7
15
141
264
94
38
8
37
207
4
14
3
68
31
1
127
167
2
43
191
182
65
12
148
7
12
13
56
207
223
91
29
142
1
33
239
249
43
19
4
1
143
26
9
215
13
206
151
204
4
2
16
69
11
133
4
9
108
12
6
28
9
204
1
177
44
9
3
1
1
10
70
203
116
1
30
38
58
187
4
187
22
2
1
137
55
64
154
3
71
61
2
13
2
1
293
3
1
4
277
96
1
186
17
46
8
53
8
19
7
19
1
50
111
7
32
129
13
97
3
18
7
4
5
6
53
10
1
243
3
141
213
243
177
1
176
116
15
3
3
25
133
147
131
53
40
7
14
68
15
18
122
2
31
248
4
108
21
2
5
89
163
3
2
1
19
213
238
3
96
7
2
276
8
137
19
2
78
105
1
35
248
26
295
100
38
83
2
159
5
1
216
28
16
257
108
41
139
128
1
98
19
30
223
60
8
284
94
11
12
56
4
251
9
76
15
22
29
266
5
1
2
6
2
33
291
5
78
43
244
134
182
9
50
279
145
122
56
71
55
122
201
10
29
12
23
69
46
22
291
4
16
145
2
35
72
102
200
60
18
6
26
2
259
154
1
97
9
5
144
158
96
25
262
186
5
231
144
11
1
7
13
2
6
62
72
1
3
57
30
25
12
65
62
2
1
142
234
12
32
14
9
119
31
1
13
20
67
26
172
2
61
8
6
5
143
238
29
138
32
85
