68
1055
329
524
195
303
813
1302
246
377
175
441
1787
15
34
69
416
1783
375
1651
424
591
214
347
3582
3216
120
409
2051
4180
3245
331
471
922
527
1284
239
246
334
902
4
423
871
1998
694
438
757
1215
1016
1454
2902
1320
2858
140
1367
360
1578
495
516
73
1812
717
1525
268
679
9
202
174
3761
365
873
715
1411
184
1779
462
92
876
24
34
859
888
1200
1161
95
188
510
1256
2202
202
173
1623
224
418
9
943
307
616
735
324
381
242
24
177
2702
99
1104
372
1009
2085
319
206
2090
979
1300
143
2698
1087
696
1035
483
494
1564
316
148
476
1614
6082
964
969
1689
201
4196
14
428
89
5405
687
1198
63
1308
669
621
404
108
3197
388
346
1195
207
19
1061
1968
251
557
1347
1609
2288
690
1593
829
412
808
1248
2202
1138
378
79
57
854
154
209
732
1550
625
1011
791
192
548
1891
830
803
457
645
14
463
524
572
872
1163
1658
74
2624
1324
2633
1613
11
1527
3528
43
552
55
1966
1211
422
659
562
188
29
506
653
213
304
2427
75
2938
249
11
528
76
1285
1772
2979
682
433
149
443
755
2310
2029
371
2246
964
213
592
25
1246
97
2309
1533
118
1085
114
356
1216
713
454
171
697
1302
30
106
420
221
2595
1245
124
419
202
301
32
425
907
627
564
1419
2203
353
794
1289
230
1088
962
267
97
1346
770
1443
2363
430
1070
1152
1586
1574
549
253
340
191
45
1493
238
733
381
298
2100
916
34
274
13
2813
916
132
715
9
475
534
4089
268
795
2212
2230
1069
1960
114
69
187
641
585
427
163
348
1319
534
5033
2459
190
1784
1405
1506
202
564
536
361
1313
788
4
20
170
3699
599
4112
25
540
1083
109
1195
6
1224
410
747
211
833
2415
1688
797
977
667
368
299
1806
928
607
198
3439
163
499
68
800
111
56
4
2
708
2442
958
252
872
221
1339
3571
152
460
1464
108
1399
308
1539
75
139
71
61
4231
403
1320
618
533
1854
2341
833
745
1258
1064
922
653
950
233
276
1905
959
1116
125
372
1256
739
81
217
131
1081
122
592
119
887
647
879
9
244
2141
3340
1190
2224
1291
1814
3075
850
201
183
330
86
885
217
235
17
1986
1147
96
877
305
4774
485
637
2877
670
482
57
624
523
819
1156
2048
694
75
119
146
1357
2722
85
78
546
63
1101
681
676
745
367
1430
2633
144
1074
1144
507
657
175
9923
3674
586
536
329
723
1310
121
1215
2957
954
289
665
316
533
537
181
2719
323
636
5
387
227
2883
3146
2092
719
1329
570
418
513
1588
137
3247
82
583
45
594
126
556
1752
229
1022
73
1067
449
1812
390
5423
3130
388
957
2003
2288
201
307
545
907
905
2949
2030
956
32
1765
7
2571
1287
369
284
1770
37
444
1020
83
357
1079
174
675
947
195
63
94
740
22
862
102
367
635
552
211
1162
1165
1565
135
1555
220
616
369
971
1216
2070
424
7
639
261
195
287
1881
824
113
780
915
1191
1094
1385
200
233
2021
122
323
20
1019
338
625
1315
1081
1131
33
95
148
149
1275
483
608
54
61
386
1245
716
2920
119
208
551
1744
742
98
771
734
110
1137
371
2858
2154
1712
1567
985
2889
484
818
947
274
980
1354
39
161
8
565
2074
911
921
272
51
2184
1023
556
201
577
121
1278
495
2237
1059
312
1262
137
654
1933
728
513
646
243
539
42
2637
82
714
263
1030
1363
597
2536
2
457
1289
336
814
2552
921
1289
250
2064
24
1640
1647
923
695
1694
22
455
491
1
1152
1656
1964
45
2
2755
231
4162
772
1762
209
1150
1744
958
2216
1623
158
796
310
381
694
698
2201
3326
1838
1061
767
47
454
447
308
187
358
1657
826
1177
1654
166
265
619
470
2278
583
807
532
395
208
1013
1558
3440
10
1755
943
442
837
1444
19
1949
162
2779
2669
269
1059
1027
878
198
878
315
408
451
281
2351
354
323
960
474
127
1969
513
478
1122
822
1158
1201
132
1710
983
232
1682
2400
517
2020
2348
417
803
2790
130
893
694
1148
722
154
497
2916
491
2202
829
562
449
509
106
899
739
252
265
580
1026
240
242
1527
1045
497
936
760
314
4049
1404
3120
1206
189
3357
9
565
619
23
32
320
105
108
284
93
848
1109
18
680
273
137
2170
633
3722
67
450
24
248
1438
2092
475
435
2408
1247
1510
1063
320
190
287
13
163
701
1135
127
1924
913
1171
585
1234
3063
1147
9
1253
1516
67
279
269
592
1446
2045
823
1553
1531
425
888
1560
234
2958
231
1423
121
205
92
708
658
523
1953
826
2575
330
300
61
423
2
206
881
318
2980
1759
507
992
179
508
895
3695
2018
789
1188
351
459
1032
976
1191
427
459
1231
1666
3019
1848
372
698
486
2070
266
337
327
2184
441
144
1198
933
142
2130
1445
112
655
806
637
155
2961
256
932
608
780
1181
1483
354
179
809
453
368
118
3
184
1404
1275
2926
378
392
397
1603
768
9
3373
317
323
543
426
36
1508
591
1412
481
797
847
54
446
2093
1587
1609
213
191
971
2722
3842
310
267
53
50
1291
718
329
118
845
768
1164
1552
471
872
45
111
504
604
386
448
3378
472
36
89
1781
2777
788
126
477
188
203
840
887
777
1587
4738
319
2346
1642
145
952
3181
13
975
1755
545
819
606
190
1150
1052
512
918
2253
1800
405
1310
919
820
1764
2065
2902
718
2248
1697
363
1751
227
1604
1450
577
