513
19
46
1681
1125
26
3744
68
1910
61
554
174
726
370
59
125
1536
320
786
1676
786
1741
1802
1093
675
191
1510
306
13
756
1492
729
392
165
148
162
1208
264
645
1213
961
445
2836
318
2782
100
3002
1068
29
929
313
786
144
775
2075
1947
887
38
815
4282
459
84
345
648
1167
1291
1297
1773
224
1018
804
948
199
2600
1021
3724
531
158
2543
122
30
51
203
186
2129
637
1646
1385
176
688
22
899
1246
1372
2028
614
284
6
68
1526
149
1646
71
565
15
647
357
105
1306
1189
1923
395
47
1196
149
341
1258
1157
2869
873
542
29
4166
285
134
61
5280
961
69
980
632
454
1034
693
193
470
254
1113
1383
164
31
1093
369
978
2383
2433
244
2513
2412
2056
881
789
118
938
2394
531
1499
598
80
90
1130
120
1036
595
529
1341
693
982
1979
667
5
1096
1530
1743
458
523
428
159
66
57
324
688
1645
70
65
3276
782
1251
847
332
1664
68
679
1965
245
1402
1443
34
630
545
234
324
47
548
2097
37
952
1337
1642
1875
2378
1198
954
32
2887
638
212
2015
849
1021
1597
902
1708
26
1596
4293
2536
96
62
435
262
232
915
509
809
475
861
550
1766
475
586
352
1900
132
2523
10
881
678
1221
608
4
4119
3309
123
1194
2477
72
1975
978
2846
2805
1251
859
579
198
1154
1371
532
120
2
901
480
778
15
223
59
500
2831
415
1012
797
229
1047
363
887
771
40
3328
512
399
187
116
598
1774
417
3
1529
258
236
476
2304
136
167
4146
955
369
4688
1240
1104
360
478
1718
166
522
880
666
2382
80
554
497
397
101
1350
487
1695
82
33
7866
1170
1885
564
1970
2785
252
2200
1572
614
160
1774
444
34
1038
1182
374
138
78
2036
1056
324
1844
186
3277
980
508
1066
1241
279
527
214
590
2594
328
3659
5993
1171
421
397
1087
834
530
854
1476
438
561
2555
584
1032
345
189
252
75
2118
523
716
579
239
3738
263
1338
1561
663
453
579
2075
288
15
449
157
3
1953
82
1395
1187
72
712
1631
217
347
999
874
457
523
1906
671
903
3391
446
3146
982
706
420
977
1286
4891
282
545
10
52
1191
362
78
2073
734
2651
2487
72
330
66
181
476
712
547
953
488
804
1494
1228
469
1095
2358
3337
1173
2751
726
637
241
2346
2864
23
1600
2539
453
1282
558
624
273
1219
1598
926
172
339
222
38
542
587
2432
739
2931
935
956
22
137
301
574
1012
557
261
2258
1977
2025
673
1985
1737
3528
370
316
1025
131
580
129
3
2303
1815
1347
30
1110
360
4232
819
1728
1926
732
917
1833
1575
1994
155
2548
1019
755
1240
1555
44
4201
805
352
1504
8
64
2011
443
1769
5840
1115
1044
950
1466
1024
166
462
523
1354
1083
80
464
510
259
2503
984
556
101
68
1178
40
27
307
780
498
2059
2453
999
1562
342
462
2776
353
579
219
197
819
318
921
1303
849
113
579
1269
433
649
11
481
27
661
508
116
2251
1476
512
2177
2068
655
2079
180
1001
342
1150
912
506
1487
1154
1206
581
1490
839
61
1045
316
1215
45
1182
1999
356
998
1162
1313
16
323
1976
920
233
351
995
275
2464
2899
309
1423
2235
280
3538
46
197
706
2
1302
395
1452
4469
1227
1186
306
786
1643
909
3186
270
2883
1863
60
101
3301
25
607
193
238
496
6
729
1102
156
375
830
702
485
180
159
947
355
3720
434
1951
883
1600
1408
603
384
685
315
863
261
1995
350
49
18
536
283
4743
637
449
1230
64
1385
1884
1871
258
1206
576
1845
1049
259
1478
212
98
766
101
148
1759
807
192
7757
647
59
1044
372
2133
487
582
1760
432
317
2616
941
2841
929
13
1272
84
1087
1029
557
3758
134
104
3
103
1363
3790
113
389
2356
735
1931
1690
1368
50
74
1345
486
132
296
1933
539
1991
4070
4123
2030
1236
1395
549
541
1312
1010
396
335
4509
315
1723
1466
708
132
684
1189
547
101
3578
3783
868
2464
1281
129
1316
158
2149
739
82
2056
78
436
55
1179
783
1981
2509
265
2241
108
1940
399
739
74
927
4026
2464
264
105
348
500
1362
572
279
1123
295
369
433
692
596
1584
2995
3000
90
1763
444
65
450
721
1011
3240
3068
756
691
305
177
517
1050
3930
960
3160
1289
2008
2954
343
923
16
663
393
1169
558
1326
3320
213
939
363
545
1072
1545
1925
1049
471
168
987
727
135
85
1195
395
1693
1896
738
380
304
1221
503
718
1440
1385
38
1793
2006
454
937
549
1426
682
866
1838
2865
2805
923
290
200
236
940
1215
293
2416
3368
192
470
2377
338
18
146
489
655
1627
465
184
417
550
637
544
323
773
1269
1243
811
2502
1527
751
1095
585
385
947
1262
557
1020
199
1805
300
130
1826
373
691
357
2289
2393
679
500
460
707
1607
3732
1489
169
61
47
2433
1739
1131
65
277
922
1190
372
2778
1385
3451
1876
354
197
3602
59
1625
68
554
2097
358
8
463
819
3546
742
2754
332
50
445
71
1577
2090
599
4546
26
1763
2682
766
1099
2207
457
1237
457
414
82
730
1019
311
689
726
843
739
1466
1547
1173
275
1255
784
114
456
3627
4370
725
124
397
301
506
805
754
572
701
1076
662
205
209
670
330
1390
545
1105
513
98
1161
646
99
723
350
1214
1579
2418
2622
217
961
1287
211
2100
1139
137
1102
610
416
353
884
1555
921
101
1560
54
558
1517
7
717
106
811
1160
1152
123
120
251
757
121
894
883
240
211
2028
638
482
