1025
406
1468
291
1491
2592
208
2591
228
889
944
913
1047
1131
163
57
32
1500
2324
2781
1157
1384
767
638
1238
323
1172
1214
202
1028
74
936
1465
2444
854
518
3409
1034
184
4572
127
2109
813
1280
91
1819
43
373
261
245
1007
304
2708
260
867
1594
284
548
1022
883
49
2041
1483
284
1192
1943
1275
133
789
1214
1063
68
47
73
43
46
125
190
5428
3826
273
604
16
26
2160
623
170
419
1342
1449
310
1363
301
1217
141
132
1734
8
110
1674
2491
60
1053
35
2061
64
222
740
1141
137
142
162
114
1478
3228
662
1090
288
975
242
1382
977
2019
799
512
532
1383
500
385
116
2356
917
391
857
315
1600
186
997
1580
752
146
1878
1483
84
2481
16
852
2588
71
185
565
2101
485
164
1685
5
1023
967
380
899
1176
3253
1608
273
1799
61
533
59
1442
1095
1296
234
2028
838
250
1843
333
274
82
390
973
65
631
1017
18
1630
555
872
1700
1685
3151
351
625
1226
1857
765
278
644
34
2073
2576
981
486
29
1718
1525
1013
2535
740
2053
514
1277
1059
196
199
561
851
577
647
2110
1107
1776
190
85
4456
482
490
900
613
649
1158
153
980
335
123
3297
89
2196
671
1671
1496
139
1227
500
1269
2526
481
1388
763
47
1264
445
301
37
389
1542
594
286
329
99
2601
739
4
519
320
204
970
352
994
553
924
1183
859
47
172
2331
916
642
261
1452
1196
1016
660
723
2235
2177
893
1031
3446
192
4240
1594
1166
84
1191
456
758
593
501
305
2842
15
444
209
1375
1054
224
6
334
53
1576
229
14
1575
1148
189
512
2959
678
433
250
1603
142
461
1795
405
2907
274
415
8
1
199
26
44
885
1065
1045
525
96
420
555
507
1090
59
82
299
805
316
402
390
263
1585
201
1412
1440
1031
463
410
558
3900
634
608
1221
205
1012
427
1616
977
112
172
1034
305
621
3128
1238
1648
412
941
898
339
777
1498
748
179
1772
1355
249
1054
218
1047
81
842
316
13
2281
1063
409
1296
1064
382
638
354
14
766
725
24
3943
67
406
1817
55
271
954
3870
692
1023
463
2174
292
205
442
1042
4126
857
1489
1042
1013
1813
492
1840
436
442
900
380
34
29
295
5479
2506
1987
847
165
1120
1771
80
151
1129
1493
225
3122
3852
1050
2348
700
2030
959
261
579
190
468
1823
963
483
183
775
303
592
697
1665
1223
1334
843
506
274
468
946
102
183
121
564
489
2536
13
1086
135
1602
183
2618
833
1390
740
610
1117
822
504
389
318
268
261
754
327
2695
309
245
101
377
438
110
2476
1564
158
2194
670
245
4339
5630
4889
1883
3281
761
1089
1061
839
658
66
488
279
367
121
589
439
190
1935
759
114
140
6
510
821
848
909
394
767
1394
1048
84
23
191
171
1409
3007
224
2307
315
1570
157
128
506
31
1467
418
884
176
325
982
1320
946
1062
279
2298
3167
1306
28
323
1522
18
738
972
976
173
143
194
107
532
479
30
45
1437
2546
100
1340
908
162
782
977
21
1490
1612
757
5021
2233
1101
1527
4771
1208
467
2735
36
214
1916
192
3782
3433
1151
976
450
1766
795
2521
747
808
1944
336
614
883
1676
111
65
520
981
2134
759
628
1404
1629
18
21
540
593
584
599
482
416
280
1647
651
2567
96
128
3030
541
768
1234
99
2543
88
414
1052
3865
72
1089
671
1033
1880
1236
100
1278
981
380
1310
3399
206
253
1930
276
482
2134
240
495
1001
2106
1150
454
182
564
2950
1677
1368
882
3293
1119
797
1511
1920
1096
432
1636
2522
247
398
1674
2701
200
7
341
662
2595
271
3409
620
2945
547
652
283
3527
2627
75
111
210
5833
350
258
1054
167
1124
355
7978
117
934
1016
362
97
396
267
9
610
152
10
61
1921
1704
465
404
376
1173
258
629
211
147
1124
340
421
1550
410
673
340
442
2826
593
1001
1823
634
611
685
429
421
1131
78
661
686
1499
3399
278
604
1870
141
743
272
691
917
1183
76
396
170
615
1011
1007
766
3961
940
2287
6360
92
920
328
150
1390
1843
551
348
51
62
462
440
577
1231
1636
2983
1237
1405
848
1149
892
732
1583
1269
106
961
475
679
82
124
814
446
790
611
2392
1723
362
2484
2055
3851
175
3237
309
1621
623
1096
345
279
128
654
68
174
2383
288
1493
318
112
607
1195
40
773
1894
4116
787
409
692
1204
838
881
142
336
1867
171
3208
145
296
951
505
554
1087
847
107
343
1597
101
3185
1479
314
165
1283
176
70
2673
363
712
2053
229
1077
1202
915
27
1419
211
2176
996
46
545
1937
1720
1325
673
1934
828
472
498
1752
7
596
38
96
2683
1842
16
538
878
199
1441
81
1685
748
1943
15
1681
4716
1452
203
248
3265
570
1598
213
440
1370
2479
980
304
12
1001
169
1971
95
67
490
767
940
968
2367
2439
569
427
1097
1041
1147
441
1152
838
973
815
5172
104
235
195
308
423
1461
209
2017
98
2922
312
25
819
5435
417
1902
352
413
2088
439
2892
903
657
147
215
1715
572
139
590
36
53
1087
610
63
932
384
332
123
477
421
193
533
296
943
2962
2441
1386
2009
165
534
949
1024
1300
1601
914
153
1748
707
235
31
2195
303
295
232
3
772
4334
871
525
66
177
239
550
1002
1310
1272
1163
1034
1614
64
664
1522
254
455
59
628
222
2578
88
731
258
1160
506
214
1733
51
943
168
2115
160
235
1802
3659
650
377
301
1184
461
1935
3406
1027
712
654
494
