1
39
69
1
3
21
258
3
21
13
2
1
163
185
2
1
2
250
1
1
128
108
206
14
57
64
3
65
140
9
66
257
155
94
26
29
1
3
246
34
38
261
37
4
8
1
1
7
1
1
108
183
28
1
12
21
46
39
5
1
44
13
1
1
68
264
54
53
244
107
129
1
1
14
119
16
18
169
266
236
79
143
105
132
97
41
11
17
5
79
158
6
6
166
1
289
35
2
7
1
75
29
218
35
178
169
8
22
167
47
75
26
190
3
40
3
30
94
18
106
98
63
21
300
38
278
172
147
92
62
82
23
67
21
269
63
133
6
32
10
107
41
34
245
33
21
55
48
208
1
217
64
33
66
2
11
1
113
195
1
21
2
75
90
30
34
1
15
105
27
3
156
3
264
3
182
58
34
5
2
32
18
158
172
91
200
14
2
11
296
60
37
50
93
12
21
3
22
252
9
59
21
68
1
45
1
78
39
2
39
1
16
81
74
11
7
28
277
8
5
7
2
42
2
139
1
10
3
23
216
14
15
1
235
22
10
180
24
12
283
18
29
1
6
87
30
1
293
5
3
24
138
122
5
4
211
9
20
30
7
2
2
243
3
180
64
16
3
32
194
4
14
1
2
40
6
71
8
201
86
1
44
136
42
81
137
266
30
9
20
193
44
5
7
10
81
1
124
291
81
202
71
30
298
10
279
62
214
4
179
151
132
44
1
4
37
51
49
13
37
1
208
4
6
198
115
39
161
12
246
66
119
126
218
250
8
5
4
40
147
25
8
202
8
184
76
1
299
6
1
85
71
1
23
176
95
58
5
1
11
258
148
67
20
8
126
274
5
6
214
1
12
16
5
24
2
7
280
7
35
226
19
18
3
53
129
238
50
30
221
137
101
2
2
82
174
21
117
99
8
193
294
4
3
3
144
167
3
158
15
33
91
6
30
148
210
2
45
46
4
22
29
23
162
82
142
287
131
65
22
15
267
5
189
55
12
1
77
130
16
5
2
249
175
33
7
115
14
4
125
170
93
3
300
176
63
1
17
146
1
200
229
4
1
63
44
46
88
7
59
22
9
11
1
25
247
17
92
6
261
230
96
82
5
185
73
46
128
4
60
9
77
7
10
32
5
277
13
2
208
1
5
284
101
69
4
4
66
74
7
170
132
46
21
271
47
9
48
1
224
1
145
1
49
20
1
4
45
10
229
98
4
40
282
1
8
11
2
111
115
134
3
31
64
1
42
35
17
120
68
87
24
104
63
1
195
9
1
41
40
1
68
2
186
41
6
24
90
1
14
30
90
3
31
45
33
85
7
246
14
5
11
2
4
250
3
3
31
31
69
71
230
128
228
62
292
5
1
29
1
19
298
2
1
3
6
165
16
1
22
273
24
83
67
46
239
1
255
6
201
235
1
27
1
6
38
21
7
66
3
38
2
157
64
20
54
1
8
6
5
4
80
160
176
2
165
20
56
2
118
4
25
21
288
6
6
173
188
3
14
29
7
139
4
71
4
11
268
44
13
193
7
73
2
1
9
13
194
115
3
29
280
19
229
86
8
1
202
1
7
3
1
11
79
10
168
4
2
15
25
234
246
59
2
119
3
24
73
45
1
117
165
209
7
89
19
4
1
1
3
198
30
109
66
1
2
1
75
102
225
4
180
25
121
88
293
106
231
6
101
201
39
9
7
6
246
12
202
35
1
180
3
168
76
1
112
34
10
34
1
143
1
89
133
289
19
2
81
191
28
2
24
3
10
44
1
35
226
69
5
5
61
70
5
4
2
41
31
115
155
1
99
18
2
30
7
203
143
76
37
5
75
51
299
34
1
38
177
6
45
4
1
170
104
47
83
47
4
127
283
27
123
30
101
30
290
3
8
1
20
201
15
212
158
198
157
1
6
13
111
31
265
6
9
186
3
4
47
7
217
55
121
2
2
88
111
91
123
168
6
294
11
259
169
64
68
3
10
1
8
1
262
3
173
44
10
14
124
1
52
14
12
1
242
12
104
10
49
28
3
58
105
24
4
25
221
60
207
70
1
128
93
5
36
2
21
4
13
41
48
139
24
227
234
68
171
1
4
23
7
177
69
100
97
112
30
280
23
183
29
13
6
10
6
88
30
88
195
148
138
5
133
12
2
115
15
17
149
1
7
95
2
16
33
142
258
16
12
6
3
18
298
6
18
131
46
60
4
43
11
87
2
3
182
48
132
55
277
32
82
264
21
2
3
73
96
45
7
45
32
22
13
80
7
26
40
121
10
1
5
6
200
197
65
8
40
15
1
6
32
3
6
64
32
109
148
17
2
15
4
198
199
4
7
262
3
125
2
15
77
3
1
45
1
151
99
228
13
13
77
84
43
50
39
253
1
208
276
17
252
252
87
2
254
1
86
80
120
161
6
2
3
2
63
245
1
159
6
66
11
107
192
166
195
31
