22
12
7
24
7
20
86
29
149
217
3
177
110
279
103
3
106
9
35
167
26
35
37
6
205
1
286
1
63
5
23
72
81
176
243
170
170
19
6
5
16
4
11
196
3
227
10
19
73
183
45
178
15
70
57
34
125
218
62
6
4
93
39
9
11
130
3
238
17
248
33
151
122
2
37
73
37
288
149
171
84
2
10
40
268
8
230
44
1
3
170
48
138
39
43
12
99
188
186
148
2
47
191
1
93
15
9
237
7
121
2
91
3
1
44
98
33
2
2
47
1
1
34
12
276
40
195
89
160
83
5
78
2
24
5
269
2
22
37
15
2
190
3
33
16
273
3
27
10
222
2
1
1
199
40
41
156
1
40
173
124
183
70
15
4
191
275
1
160
32
143
1
77
151
67
2
87
88
19
15
71
37
115
4
27
6
191
87
5
14
77
50
89
9
104
10
21
39
1
275
82
110
4
277
157
3
17
60
40
14
16
1
1
59
47
87
10
1
21
100
4
3
283
260
68
57
85
1
254
5
36
1
131
7
2
5
4
2
156
75
1
6
1
1
7
1
176
218
46
148
138
60
27
249
15
46
1
4
198
7
15
7
4
2
1
293
1
10
235
263
61
5
47
10
144
139
54
41
43
2
120
36
1
1
68
194
270
20
40
53
84
2
170
49
51
158
85
193
72
55
73
24
16
86
35
49
18
1
109
83
1
10
16
87
14
3
10
18
14
36
36
1
33
1
212
1
21
49
2
29
54
5
237
239
4
151
287
41
37
23
1
57
187
67
27
96
182
275
25
1
5
1
10
25
3
146
51
7
190
18
16
96
7
292
60
13
116
129
64
225
1
8
218
1
7
198
3
12
60
102
220
63
1
11
20
258
4
4
3
21
45
1
41
146
30
11
1
11
167
186
255
132
211
10
291
18
61
154
21
1
11
4
3
137
101
57
12
248
103
184
106
66
8
42
66
3
68
246
209
1
7
192
7
36
141
42
18
40
241
5
5
190
1
65
186
11
3
40
31
232
1
8
3
141
285
3
124
21
7
163
75
1
1
54
62
10
2
300
24
23
39
52
46
1
2
12
1
3
240
17
209
14
6
1
23
102
145
1
3
17
6
5
2
59
83
52
2
16
87
2
15
94
18
142
3
148
194
1
172
2
6
31
246
98
265
68
1
41
174
107
30
164
12
11
116
184
6
107
25
51
4
2
240
18
149
6
35
1
193
281
2
3
14
36
4
61
85
1
111
98
6
1
8
44
114
28
35
211
278
8
25
13
2
15
298
5
17
252
105
113
248
57
3
2
13
134
208
37
10
1
8
4
197
30
92
40
56
241
143
1
1
57
295
224
49
1
216
205
14
1
38
115
165
32
11
5
7
1
23
17
1
6
12
174
66
60
8
58
179
258
101
178
13
2
166
80
1
86
12
20
164
4
107
158
182
12
35
116
284
98
17
27
190
34
22
3
1
37
2
1
80
4
233
1
25
167
4
32
2
35
1
15
35
58
61
11
77
21
156
105
10
11
112
4
20
166
100
138
284
3
13
148
155
9
23
41
110
232
9
11
132
63
4
216
14
9
233
5
62
56
97
1
10
33
1
1
9
5
65
7
1
4
3
186
37
1
150
1
254
85
10
4
109
4
2
233
134
16
111
109
4
78
18
9
14
54
1
91
236
2
2
1
85
2
53
172
78
103
60
162
277
199
50
15
144
109
8
19
20
6
3
1
37
281
126
2
250
13
216
17
15
1
2
99
68
209
1
191
8
55
2
4
13
1
292
73
4
58
29
23
3
239
43
9
1
12
6
272
1
21
292
7
22
22
1
27
56
236
25
146
2
32
216
5
1
30
1
107
70
20
73
1
3
1
66
23
62
119
20
19
48
242
25
258
129
1
6
44
3
12
36
124
1
177
64
2
2
42
6
127
155
3
193
230
13
39
12
27
84
197
1
208
3
1
42
41
160
197
155
82
62
35
65
295
3
219
140
68
69
8
39
6
2
192
15
1
22
81
4
42
1
9
75
175
70
3
1
4
2
97
88
56
2
6
34
16
6
205
120
37
53
159
21
59
27
191
82
2
2
81
6
1
1
136
71
27
1
40
73
262
39
56
76
162
188
155
190
36
77
3
135
117
21
142
104
160
195
119
5
264
5
4
2
33
1
2
222
2
133
57
26
69
7
13
6
15
6
63
28
5
162
11
48
18
300
117
38
19
28
4
34
1
14
24
3
11
29
205
226
2
9
279
20
159
48
228
82
207
71
66
33
41
62
7
19
97
10
13
45
113
170
3
115
2
283
47
1
24
20
3
71
21
1
9
8
1
1
240
2
179
1
110
6
215
5
173
21
1
1
19
44
55
8
30
230
9
280
36
1
2
2
8
31
1
11
95
3
6
53
200
11
122
299
10
195
16
7
94
2
6
1
81
16
178
295
