23
1
31
1
6
5
1
8
3
138
33
3
11
25
10
2
91
1
28
19
294
1
11
4
251
44
12
6
29
2
1
25
167
8
7
1
2
41
12
9
294
99
142
76
133
2
114
4
256
255
102
4
152
278
1
178
19
273
14
5
32
105
22
284
9
28
2
5
154
1
23
51
17
239
8
69
15
82
112
80
28
2
6
32
43
26
25
78
6
1
88
281
1
24
1
64
1
110
94
2
240
300
19
23
1
14
226
31
287
13
293
15
98
74
5
181
86
71
59
3
1
219
71
3
138
1
93
36
32
119
288
9
272
2
103
29
43
52
16
30
20
18
102
86
145
5
16
20
190
4
29
189
4
72
77
198
2
28
129
184
103
6
21
205
143
95
1
95
57
3
20
256
60
118
4
42
29
4
41
152
18
80
5
164
1
106
33
12
204
38
219
11
40
152
18
1
130
4
165
263
84
11
24
46
32
12
56
74
46
47
54
150
253
1
62
11
2
264
239
34
1
184
64
27
21
27
5
4
8
92
52
1
182
11
131
6
1
43
44
5
1
91
9
170
242
169
30
2
4
9
270
281
117
8
22
19
97
27
75
32
107
63
11
7
96
117
58
259
108
49
215
288
31
170
273
1
15
30
32
50
1
3
21
227
292
43
2
70
10
39
5
46
202
162
16
7
1
5
105
32
115
1
1
7
37
37
25
36
27
36
53
3
166
289
4
231
20
250
1
23
1
14
98
221
198
23
140
117
2
130
8
1
24
25
1
41
104
8
128
109
58
76
10
52
33
1
251
39
25
9
209
1
7
196
4
1
7
5
8
270
110
174
29
159
69
65
28
219
10
1
80
71
68
61
203
72
63
7
142
26
24
147
183
23
153
25
224
1
250
20
220
7
14
227
76
1
3
40
31
2
205
2
58
210
16
29
4
6
4
68
150
15
24
296
63
7
135
4
3
172
9
2
17
54
271
16
300
155
4
3
28
1
5
53
21
3
21
39
74
58
153
262
212
272
1
6
18
154
1
41
4
297
67
27
96
145
7
280
226
3
2
8
65
53
287
43
9
57
2
7
4
247
1
295
1
10
7
86
108
30
32
2
286
1
13
37
53
152
13
108
38
23
1
2
1
37
1
127
203
182
68
32
11
15
43
117
5
203
181
63
288
5
44
57
3
23
1
137
61
1
244
249
110
41
25
45
30
16
15
144
27
32
3
281
84
21
4
74
25
6
5
132
2
1
68
13
17
1
1
224
45
1
2
1
260
19
104
39
17
2
2
54
89
23
4
1
10
188
1
10
79
26
1
194
82
2
19
253
7
53
11
38
6
1
86
4
16
27
82
12
3
163
25
2
31
49
108
34
3
9
155
106
122
144
93
22
22
1
124
1
7
5
157
1
13
149
28
20
1
107
2
70
18
118
212
1
1
4
71
3
84
90
1
84
173
185
150
8
48
8
293
177
41
29
2
14
8
4
229
2
81
134
1
50
236
171
4
5
11
247
1
179
60
227
219
21
121
229
185
40
6
2
1
28
4
187
18
2
1
166
1
6
45
2
284
78
1
176
1
74
3
22
237
209
21
110
279
63
4
131
27
4
135
17
209
12
32
144
53
1
252
173
6
4
215
36
8
244
5
27
6
22
215
119
4
298
10
2
41
272
1
1
4
22
145
41
54
233
61
68
6
33
5
20
5
73
22
191
17
114
256
2
1
6
13
155
13
128
5
21
185
46
7
138
15
111
2
67
8
135
1
4
2
154
115
17
4
15
1
85
197
114
7
5
121
1
32
45
120
1
172
64
1
59
285
246
7
20
181
3
68
59
3
255
1
2
8
8
31
34
2
141
16
46
191
254
102
14
98
182
1
2
60
11
259
1
4
4
213
2
83
208
25
45
29
134
5
43
109
100
124
186
7
1
28
168
150
130
206
28
183
6
8
53
14
10
20
170
9
5
6
4
10
9
26
158
181
61
2
66
5
206
3
84
21
8
15
2
1
2
3
15
68
95
77
10
10
162
56
2
22
8
1
108
56
28
89
1
30
21
3
78
36
13
47
13
6
187
14
55
33
12
9
1
1
207
1
3
171
64
6
139
272
4
38
1
18
46
174
250
139
87
281
79
5
70
86
7
3
130
70
73
6
4
123
14
96
37
194
24
114
51
74
5
1
72
1
34
19
29
86
114
61
31
2
86
142
44
15
3
272
10
102
193
42
176
246
9
1
6
197
77
215
57
12
2
41
11
109
83
2
275
1
4
4
188
54
40
2
79
46
61
30
4
1
140
34
15
221
18
130
29
1
1
19
28
8
1
5
1
172
267
2
163
29
202
1
209
33
93
19
169
93
75
28
1
7
18
44
4
2
86
41
13
1
24
191
21
3
1
39
1
136
91
58
15
36
19
20
9
19
9
7
20
4
2
293
1
22
9
271
34
202
227
106
