607
246
352
522
305
1604
203
5331
28
1269
1826
1064
82
213
663
70
18
967
1080
193
2808
388
532
205
993
413
647
784
140
1456
3288
1356
532
353
267
697
688
2470
125
391
2175
1585
1066
726
392
3726
197
1647
144
325
1795
158
813
572
451
861
11
4187
690
683
1345
1374
1624
1042
2907
1346
112
15
172
957
722
506
4025
1554
161
412
1233
495
116
106
501
89
1711
252
2494
81
1800
666
4422
9
2053
128
632
192
538
419
730
450
1261
3753
1043
721
564
1340
916
1002
134
1569
2816
1055
199
1624
311
76
801
821
102
1082
6146
294
165
949
136
124
567
441
339
2029
59
1426
145
1769
891
11
1287
9
723
2316
1736
597
3834
795
3744
411
97
218
85
1441
1575
646
915
202
300
966
2540
309
321
2433
436
401
3134
3
1659
578
3127
1120
295
786
184
142
5453
49
1385
1795
1753
91
148
264
233
234
167
50
504
1148
863
2152
397
161
267
1674
588
163
242
380
637
1424
947
2151
4241
743
1559
100
26
722
1974
436
2185
324
148
1268
1181
824
332
9
2245
1163
883
282
1697
2017
2035
477
32
253
683
1224
268
85
128
237
861
381
412
1230
2049
436
694
1816
222
422
638
1244
330
149
266
787
282
285
202
5
2256
282
815
84
558
2767
246
1662
766
224
296
1128
926
203
312
460
1220
774
2983
1212
1998
123
3833
2658
10
523
1504
742
137
127
877
3155
787
1194
1528
1784
1445
1833
198
630
766
4012
579
1688
837
3131
995
285
451
296
72
756
2330
140
2543
2601
689
633
224
801
267
1281
307
1576
166
791
273
1114
1133
1497
72
739
2328
1490
80
1919
4326
855
254
12
174
500
1740
869
1075
281
3557
921
1053
856
1332
1356
280
358
466
1037
1337
513
2541
1176
1623
18
2066
142
57
3436
401
1063
1151
271
1099
3886
109
2567
2382
1289
2167
417
2762
1231
1469
2011
711
2545
2373
1435
878
492
1049
992
164
2077
489
249
291
649
374
631
1707
222
37
517
1425
95
575
589
904
1735
669
672
464
2117
4065
108
926
35
280
478
1648
411
205
467
38
123
590
156
1593
33
798
1166
2967
37
2366
57
1228
1
2173
421
94
807
1296
3560
623
916
421
141
556
325
1997
507
949
1649
390
2910
59
979
1412
538
95
122
1542
312
1656
266
1066
1906
756
1259
3906
1234
885
218
617
56
1595
112
0
583
1132
136
25
1358
1265
373
578
1727
1403
2980
1200
146
2991
1511
776
183
1967
876
175
884
2402
63
1416
806
4311
618
139
335
1855
166
264
1176
1015
2416
609
1969
343
971
136
1016
2306
19
343
985
2148
794
688
2301
288
38
1128
1315
646
771
2740
1026
1351
1285
513
1600
877
641
370
2057
903
1018
2838
204
975
1332
3707
212
862
991
1430
179
637
61
1089
148
851
309
77
193
88
756
1762
1539
1740
172
210
2169
236
1431
2884
143
1672
780
751
660
468
4026
366
251
4160
190
398
584
481
169
187
1249
665
2420
95
2991
254
1155
2609
110
499
822
459
6403
742
467
128
253
1146
98
1142
496
1804
2295
2194
5376
723
307
827
1223
1760
1631
5062
669
1638
476
167
806
754
602
95
123
99
2
515
296
780
193
541
1234
599
615
457
1290
752
113
1867
347
135
1537
1575
4
96
733
132
2194
537
569
1061
408
992
1285
185
629
369
1168
8
1144
109
1791
662
1614
12
718
223
1008
26
389
4
2
371
3306
5
2134
1121
124
402
1458
843
2449
2921
1391
1542
2614
759
343
98
393
636
644
2794
450
265
3
1057
105
1332
1225
449
1181
959
880
60
429
19
629
1980
162
805
639
2982
456
1478
7
863
1903
2293
408
269
2698
1334
1287
726
89
2515
172
465
138
1783
314
834
1275
151
1771
1323
269
270
6445
2089
151
96
1984
221
2698
2108
862
559
4296
2600
892
2274
36
618
191
121
909
660
427
176
557
1618
2027
151
1548
288
2026
4211
365
363
1592
3283
2632
916
2470
617
832
1216
64
270
1670
123
496
69
1620
435
341
1274
354
212
1569
269
481
455
2301
40
883
276
263
500
468
2067
424
269
158
2269
1556
564
2387
536
754
2075
3121
3456
1354
69
1339
295
1382
217
24
1240
1995
629
2395
892
91
1089
2317
208
2327
162
762
2825
1485
96
437
1012
202
1894
2980
1302
733
2567
621
149
1639
59
129
202
1062
593
84
293
731
488
933
473
2398
95
159
3492
65
115
2606
259
267
467
45
1221
299
466
2379
1028
755
378
1021
1760
11
276
238
778
337
2585
651
222
6851
2066
707
603
572
3490
1054
938
420
229
53
269
26
2509
1115
239
292
157
156
691
582
770
690
245
457
3669
994
3169
1851
1077
397
1387
1137
299
59
249
4191
161
936
1059
496
1326
288
1438
1166
1197
246
555
3060
467
445
57
404
496
539
440
433
2841
6
254
737
841
1245
573
164
2356
686
91
1518
11
52
645
786
523
219
1603
168
646
269
2344
508
287
183
1479
2249
3919
30
1295
2266
192
1217
2864
814
1555
2061
386
2097
1964
539
532
77
2037
292
503
714
1304
30
348
2841
512
626
1077
3401
185
619
937
335
282
86
130
130
5319
705
1604
4333
852
801
137
340
3288
585
1510
2413
1379
1169
97
582
2583
569
741
458
151
204
99
1100
701
362
1427
849
182
5018
3302
442
1282
42
355
1470
799
302
132
1000
393
923
649
1050
21
1355
1287
85
1133
895
1941
141
208
791
34
214
810
169
910
791
2749
1386
1101
2316
538
813
1322
1138
357
2443
512
