837
636
46
1876
221
1495
652
334
876
1814
1734
669
1125
736
960
794
211
1154
746
940
1133
2114
2188
809
655
258
397
2587
1497
1806
227
336
2760
531
608
224
963
255
1333
514
1215
154
3920
1410
718
744
1721
2058
1138
179
1741
777
827
992
108
389
1160
102
1194
1486
1509
1141
4598
335
678
1314
370
881
36
429
508
2389
68
424
95
48
34
2313
197
549
74
1887
409
1616
666
836
32
1523
1819
2255
598
855
919
261
535
873
156
2840
286
326
3729
1286
1644
548
40
486
160
1148
1896
899
1132
4231
770
63
51
1600
198
286
702
2716
113
79
481
482
658
754
533
870
127
788
1113
677
312
10
134
1682
205
406
3120
391
553
881
2805
2381
598
1534
436
761
2407
6
413
1698
2513
1346
3217
3961
837
1487
1909
196
72
248
507
1188
213
698
776
452
990
688
1459
40
610
811
1261
173
141
1077
1925
92
43
676
2171
1711
1847
501
413
136
903
224
22
121
1207
877
611
468
5906
563
650
19
180
546
1886
247
1239
2392
719
548
2573
496
3049
1732
1763
142
98
120
92
1384
194
2080
5
245
210
1677
2121
147
1235
732
182
1492
135
260
115
387
678
462
372
895
593
4187
11
2073
334
1291
167
1931
744
2279
1650
696
151
414
3082
1419
3462
1382
130
10
418
514
191
435
589
1
309
2274
1697
287
517
1241
307
3975
1125
1228
692
823
546
320
176
1741
681
55
260
578
237
2221
1523
648
463
220
1034
854
28
702
323
3672
2126
369
2558
360
3821
463
574
242
1217
2377
1541
669
271
1396
1985
563
1363
753
1317
608
1514
790
1368
902
91
1432
37
235
4621
457
191
2167
519
99
63
109
951
1558
436
688
313
122
1506
748
3973
144
1819
416
443
525
2701
211
360
233
54
1474
987
161
2077
1168
177
634
420
323
948
1367
2481
289
233
213
715
219
2039
62
862
361
1071
153
2074
1483
3561
230
392
260
459
598
108
303
519
2477
3299
350
993
363
1207
57
563
2322
2117
68
229
453
54
34
146
1445
2045
14
123
840
447
217
978
627
963
437
1481
1124
212
611
1293
740
1501
350
3207
345
4033
125
513
1534
2551
42
157
1108
1335
2180
306
1903
230
3298
1296
720
1710
1528
2200
2924
3837
2071
543
1040
55
1432
4643
1386
1288
547
983
355
280
56
165
461
2147
1096
189
1574
302
2327
134
413
2002
183
1366
1142
51
30
788
38
1525
2827
876
154
815
1101
47
1162
1945
218
1952
1213
6
75
2089
511
984
984
1829
223
195
790
1382
353
1578
198
1645
463
247
4055
1128
105
144
180
397
440
550
491
4193
1147
834
463
171
275
1047
328
3181
979
258
414
812
2892
556
812
1189
594
355
3070
645
65
1779
1429
1804
1328
115
1167
194
1171
309
2502
289
256
1915
779
162
109
1268
558
2545
383
409
101
1057
1757
391
581
25
938
348
1201
21
429
110
187
421
1827
797
253
773
1570
735
802
50
993
701
874
1042
1708
2524
215
2147
662
2447
110
543
2798
188
1067
538
323
957
3627
52
658
1722
489
608
518
618
115
1005
1332
306
415
571
122
1434
387
1768
1076
3492
892
162
1331
27
216
703
101
1368
527
2710
1031
4448
1613
749
1887
1356
690
233
925
409
995
1025
60
358
993
1064
87
2263
2956
170
879
465
518
1448
1179
3018
210
94
1066
1193
2212
128
1211
702
454
2460
656
296
128
224
397
697
1697
2324
488
11
329
745
10
442
118
2535
286
840
695
1267
762
1259
1283
103
4022
661
829
209
1312
249
3
803
529
419
177
1982
2259
511
1688
351
838
151
441
996
2413
206
568
617
1176
1046
914
872
1550
778
49
677
1278
934
1881
247
685
2734
927
1280
1320
2385
899
3736
0
1352
2051
360
532
277
1129
290
2091
429
1280
145
24
377
1950
43
133
958
1852
425
773
512
2018
347
673
2832
74
7
2750
298
2931
388
529
1970
2779
982
371
1354
369
338
9
465
657
1348
597
1827
945
190
64
221
516
297
651
1004
2466
1117
1591
590
701
1885
3359
117
533
1693
3538
521
3876
1202
1163
283
475
2884
479
2303
1234
319
3261
289
4193
148
172
2665
475
1470
447
690
267
1895
386
122
89
965
276
1695
844
1492
210
4502
615
2199
361
717
3676
3572
255
1330
153
1061
479
379
1887
1591
2554
18
1125
116
359
1559
1305
248
186
476
12
1418
2389
562
844
125
3069
284
1846
1097
548
4169
825
311
1250
655
1078
1013
2035
649
713
1116
3012
1604
93
536
706
1403
1335
10
147
626
530
122
990
658
95
221
226
2407
168
192
52
669
1558
1022
725
1662
545
1229
218
118
241
2878
1882
2380
2207
1467
758
2916
793
2212
1327
972
1654
514
1401
42
145
2403
695
210
1117
139
382
1841
317
2203
1643
6398
110
1393
176
64
109
2077
1204
920
1178
856
121
196
2788
506
1869
541
1548
257
83
63
68
686
528
190
1189
4211
2750
391
153
621
177
858
1895
325
876
170
37
432
1636
36
751
186
604
3222
1035
1085
75
638
901
2895
748
541
425
173
870
914
862
173
809
1909
291
644
403
2
1114
220
426
1014
2037
38
432
813
1185
227
1474
224
1534
273
804
1950
359
789
342
1032
396
54
258
269
644
254
532
502
1012
1338
16
2210
1617
315
332
945
1207
603
23
2974
567
3401
1145
1868
1520
1173
241
1687
820
449
122
579
3723
1111
424
229
2500
676
466
403
1284
153
333
3643
1118
981
1842
422
2170
2674
2149
1334
22
21
2022
813
519
40
1112
373
