30
23
1276
284
680
390
411
139
2326
311
346
819
301
2801
789
1264
432
973
28
729
16
1078
617
931
4887
49
524
1846
1194
668
360
154
325
287
2655
230
1485
518
422
119
106
2325
92
718
1800
1775
271
16
124
2070
491
697
298
3168
560
2037
1244
874
1772
1733
3114
52
541
2424
267
513
163
458
956
263
5776
1933
1063
346
1553
1421
254
1660
70
321
561
1097
727
20
909
951
230
252
1587
160
1585
3365
151
335
170
2044
727
1219
1555
1394
427
411
2737
2729
1091
332
1084
120
1031
416
481
60
1096
1219
10
136
44
3075
367
753
2549
3831
930
1176
2323
548
2498
1569
9
4059
981
613
908
673
679
3335
436
1093
1123
2283
1845
1100
978
3683
907
241
1419
508
193
1248
217
744
3148
391
387
150
839
2005
2436
1416
1866
332
446
162
251
283
219
1609
2541
1263
107
2498
503
2972
2467
676
23
1892
1257
871
1343
500
2293
365
391
2139
1322
2044
667
2749
7
154
619
408
762
1963
322
1322
190
1054
2144
1230
547
1975
187
1288
1502
909
96
1290
501
3839
368
1094
3663
1131
211
2429
8788
440
4757
807
613
1588
0
1656
369
572
1753
9
840
1369
431
49
1739
1428
856
100
933
86
3243
609
634
476
912
261
396
240
116
2372
85
376
2370
2029
752
92
876
739
270
1283
1230
461
1082
340
1071
975
1693
35
2368
1215
87
431
81
300
3161
1523
649
946
1850
38
193
2390
0
216
661
2087
350
237
2005
202
3154
1186
1060
501
877
822
51
913
720
134
873
593
621
418
952
157
161
2496
738
1834
913
299
259
1028
322
157
843
191
997
954
99
1882
791
1031
1181
478
667
493
1389
631
609
1552
32
79
684
1409
1215
355
22
49
2317
680
4022
110
257
686
57
2095
430
1962
774
511
780
764
1157
1875
1907
280
1534
1227
1522
157
887
29
2399
807
3461
373
2279
493
1742
280
1176
110
423
489
1381
1707
2206
278
2211
447
568
7
280
137
3584
81
1201
706
163
1110
142
294
829
257
1763
1459
47
983
95
587
1150
69
2313
804
175
542
2274
555
207
80
657
2094
612
44
499
325
637
541
303
517
14
674
890
6016
247
50
117
887
1648
14
704
670
1629
152
1686
341
162
81
432
3669
914
1508
2816
632
393
1778
971
430
1250
1493
696
177
1036
145
80
566
546
185
524
818
603
499
986
4960
483
358
589
35
693
3
1624
225
2469
413
72
184
302
1436
4683
273
1240
1255
1352
557
719
408
3051
46
178
69
104
816
1458
955
1842
2537
733
1152
326
1267
1310
609
1083
777
590
322
3875
1145
1695
351
2889
2989
55
513
101
225
273
1047
28
78
460
3451
33
83
165
725
1559
2113
494
143
988
811
261
110
2828
337
956
124
528
2149
487
602
174
133
484
477
762
133
378
45
4750
474
473
2949
455
89
293
567
43
1665
1914
2318
603
1018
1133
4567
477
251
311
1770
305
2441
710
375
347
4238
344
762
1000
92
3034
39
1560
578
2874
409
1425
407
1717
746
1208
2157
1592
1661
4356
1527
899
1225
1968
3
2035
421
31
31
250
1345
1217
687
4443
959
1238
1293
502
183
2745
761
28
1590
165
369
430
112
1104
2884
1024
2095
1548
161
742
1299
2534
380
673
6584
1114
533
1433
901
148
1794
2587
2532
2384
1702
348
494
405
625
344
1336
471
2021
1354
769
215
2074
981
2422
667
1570
315
314
597
266
405
745
157
590
1210
606
2332
49
372
953
458
1303
2591
1148
1534
1101
1085
449
207
2685
413
524
932
1078
394
424
191
2399
443
4
1656
3020
578
953
15
2090
676
1750
371
391
762
336
418
2158
804
428
994
844
102
518
1404
6746
538
758
2
596
1139
874
428
2341
1097
1238
230
438
485
438
443
826
532
88
545
1123
109
1634
1091
2075
262
1543
238
789
1076
1803
920
1484
1503
1435
1291
4006
659
665
729
576
858
461
2488
57
381
5127
961
108
691
539
452
231
876
433
250
139
821
340
321
1568
4722
786
3123
1408
41
18
373
74
3629
91
898
724
531
902
1131
2158
293
1755
593
1903
326
668
929
2298
443
3749
453
92
104
276
793
1691
1469
2430
556
709
748
824
139
260
193
119
282
148
514
252
891
3003
1025
941
953
2549
246
428
291
115
421
552
1003
282
1064
1374
366
287
790
1493
503
1340
782
417
1984
2205
493
800
1224
36
556
64
2213
116
133
73
2564
79
1367
811
473
236
482
1956
648
41
95
1451
499
820
425
889
504
621
883
320
1007
446
251
437
560
1244
3378
2718
1068
94
120
81
159
71
83
729
794
169
348
2322
182
953
1863
1987
343
163
842
201
452
458
366
219
2249
1307
2031
1073
124
670
523
1520
784
939
1118
98
2162
2918
247
752
1008
938
988
150
1755
1211
339
1510
1913
1830
2604
8
1565
578
810
273
701
4533
828
1137
1745
505
1337
358
2449
716
516
2945
65
439
203
795
489
43
1022
1443
105
1620
477
234
649
2849
865
1621
4856
631
1037
2041
179
112
1058
1344
885
576
1650
2098
1907
857
74
229
80
1128
334
470
1178
2252
969
598
1497
282
540
1730
1044
451
525
235
27
765
3212
384
1190
200
950
164
594
67
855
940
1798
8
817
1198
1752
254
200
370
486
76
594
1326
1096
1350
495
1513
45
85
3568
1262
3557
267
697
1095
152
408
859
175
38
201
2225
2012
770
2505
363
1040
576
516
311
334
2585
565
22
1245
764
1185
777
518
748
1587
83
25
1655
111
1617
1388
687
989
801
