8
48
1
209
9
108
7
124
43
106
26
13
123
11
91
57
51
36
112
81
19
1
1
90
9
36
97
66
210
2
13
197
151
27
20
228
39
79
19
7
190
24
1
47
115
10
152
286
6
48
295
300
73
57
8
241
54
1
39
3
40
7
9
14
61
13
47
1
5
4
2
98
216
51
16
10
231
5
48
3
1
38
188
149
15
33
7
89
6
21
22
81
252
29
182
232
12
17
9
21
18
181
1
15
3
97
25
6
179
180
74
5
66
122
39
19
37
33
28
29
1
71
19
249
54
11
1
96
2
74
2
237
1
3
160
23
164
150
102
34
67
69
160
281
7
17
1
27
16
51
103
2
37
4
1
1
149
290
26
16
36
98
63
101
5
167
2
4
1
21
52
1
76
169
1
37
277
19
217
19
1
114
117
120
13
9
41
3
58
285
215
10
2
108
6
38
158
156
47
25
2
13
127
7
1
15
2
1
2
1
20
18
120
117
218
273
17
114
134
65
3
5
122
1
285
1
138
4
172
163
7
101
59
53
56
29
53
16
245
104
142
65
195
232
258
193
106
10
10
2
161
299
172
17
7
133
12
37
39
5
175
28
158
5
1
35
5
14
17
1
2
128
144
1
40
40
18
1
83
17
2
225
11
7
20
119
299
66
134
85
95
209
33
300
1
3
117
1
1
133
22
119
109
99
124
6
7
7
236
194
40
81
110
175
21
77
192
2
1
260
196
267
3
112
74
55
69
93
7
10
275
136
2
6
77
140
39
10
27
8
62
36
296
220
56
75
8
45
13
25
1
1
236
59
167
15
6
15
78
36
20
12
59
1
72
7
4
2
4
107
265
144
60
35
8
33
16
4
25
4
58
105
2
4
10
272
255
5
44
15
56
1
152
105
2
266
129
185
48
1
6
89
48
1
28
8
69
112
115
3
11
12
18
198
103
2
70
260
9
17
1
3
7
33
7
82
62
74
27
230
229
1
16
3
143
72
6
13
212
132
101
11
155
256
22
64
21
26
283
16
25
216
74
2
175
105
49
70
26
11
22
1
1
9
92
18
3
3
3
35
69
1
1
58
6
49
109
80
5
256
74
3
3
1
36
4
257
7
233
1
1
35
148
2
1
61
1
1
6
2
5
136
142
48
9
15
19
39
1
3
37
3
11
140
178
11
15
48
23
247
95
172
1
208
141
39
83
72
26
9
174
112
4
1
1
102
71
7
10
47
47
4
24
178
18
2
240
2
161
198
38
31
49
293
3
1
59
150
289
136
2
45
31
1
129
4
1
50
13
4
15
251
44
152
2
2
30
111
2
18
124
3
252
165
1
3
224
1
40
214
17
105
34
198
6
134
267
97
7
48
1
1
5
19
109
10
16
112
162
2
283
27
109
140
6
7
35
2
115
12
1
51
8
14
5
5
43
41
142
211
1
14
78
242
34
183
16
227
17
98
50
162
75
300
207
5
17
9
62
59
130
66
212
17
107
1
299
3
7
160
228
29
103
5
179
182
165
10
118
38
103
21
14
147
9
1
47
136
5
2
95
48
132
93
21
49
2
30
48
90
190
179
9
1
30
4
3
2
128
206
109
3
107
105
38
24
22
11
76
1
71
235
222
38
33
1
18
3
99
74
20
255
82
1
137
82
177
2
82
1
1
11
2
111
40
123
1
29
115
46
35
2
254
20
38
161
20
2
6
1
169
4
242
295
77
82
2
2
1
12
31
1
5
241
2
24
295
10
1
106
110
162
276
3
63
101
3
220
17
33
168
246
9
63
12
35
1
14
10
2
40
3
150
43
10
1
16
18
5
5
45
18
1
59
21
14
19
47
8
38
101
52
80
27
38
1
1
102
226
240
288
200
55
129
247
121
200
136
132
2
7
30
32
1
236
143
207
2
155
125
252
18
3
7
210
71
51
192
283
4
14
162
17
5
10
6
147
106
193
9
18
29
68
198
9
169
3
169
2
13
64
10
15
83
111
12
1
9
156
71
7
93
40
275
241
181
132
291
4
4
129
166
223
232
127
73
82
11
101
1
278
1
50
21
238
7
115
36
276
164
28
16
78
117
16
254
40
13
229
3
12
123
9
15
28
146
26
3
1
274
172
61
151
173
6
27
19
98
8
2
179
1
15
1
11
1
107
38
128
261
2
2
160
79
48
1
12
104
26
23
23
87
29
64
1
86
15
7
124
3
36
99
10
124
21
2
62
6
111
30
1
24
131
236
34
44
96
1
237
240
5
241
96
129
38
9
3
10
24
170
11
11
211
28
6
59
43
10
53
16
1
100
18
256
9
15
96
4
275
182
4
95
1
6
36
7
18
10
11
294
1
78
76
2
149
30
2
7
21
12
55
1
77
105
105
225
54
53
2
65
34
14
2
28
44
10
290
36
1
294
38
192
25
85
20
4
10
46
183
65
2
89
35
6
5
