1
1
2
2
10
274
232
23
124
8
242
116
2
18
36
146
9
12
9
20
7
16
19
28
1
8
20
1
111
57
107
62
15
73
13
8
176
93
36
33
146
139
47
88
19
85
108
3
130
203
260
202
254
70
13
171
30
128
34
6
140
25
1
48
300
3
272
108
111
203
65
242
226
130
11
219
3
1
51
15
174
64
292
3
67
3
28
9
2
4
78
27
18
9
1
4
1
4
2
41
56
18
52
56
67
35
243
2
27
98
102
3
24
96
196
233
254
1
70
18
253
18
284
59
1
1
18
21
58
84
1
13
263
63
208
258
285
5
10
4
4
15
132
35
4
255
99
279
109
275
108
5
141
19
110
2
229
56
118
70
45
129
293
252
5
6
1
7
29
53
2
2
69
42
1
1
257
2
5
133
88
84
37
28
153
7
95
293
37
258
5
137
43
56
66
4
1
15
230
14
159
142
82
1
5
3
2
263
5
4
11
39
3
209
222
228
8
134
76
10
2
2
25
3
15
1
10
195
49
248
83
1
218
7
109
58
88
1
224
59
3
249
264
6
3
253
28
5
24
12
255
14
1
52
65
99
8
19
49
1
9
263
89
158
28
9
119
274
21
4
123
38
249
290
16
251
72
1
11
3
56
141
188
5
7
4
124
57
2
1
1
29
50
96
185
13
71
163
268
3
6
120
23
3
6
10
232
231
9
30
133
12
157
197
3
11
41
3
44
60
169
43
15
70
86
11
1
179
96
3
109
113
3
9
49
8
248
4
26
226
9
38
2
19
8
187
269
78
124
1
160
20
10
84
85
3
116
219
3
141
223
8
5
271
10
1
7
9
7
2
36
2
83
17
5
16
109
8
40
9
2
67
35
17
36
13
94
2
235
17
1
154
216
37
19
91
20
201
58
94
172
1
10
200
6
289
33
2
17
14
235
30
3
187
8
148
13
24
33
113
270
14
277
57
30
17
7
63
2
2
2
188
10
7
105
204
17
19
1
87
6
2
3
75
91
139
5
7
1
39
27
16
103
242
52
285
1
3
8
116
14
194
24
96
16
7
14
4
6
2
89
64
28
5
3
8
49
25
178
121
1
8
54
8
105
57
22
177
3
13
18
220
14
42
273
2
1
2
29
116
1
15
131
2
111
184
4
6
61
18
237
16
10
2
31
268
10
153
2
100
72
3
147
215
1
171
7
81
241
11
2
80
21
84
77
79
4
1
14
1
40
6
6
11
152
59
11
6
88
1
73
150
60
106
245
43
6
2
17
163
126
163
166
2
259
56
106
24
93
76
2
1
1
9
163
135
42
280
272
3
58
146
51
210
4
146
29
130
12
71
179
21
13
1
296
40
6
270
44
182
135
41
15
38
14
20
11
1
16
59
225
114
90
72
266
16
24
177
19
20
7
12
1
112
218
1
14
125
34
115
1
162
19
1
17
61
122
39
288
257
26
2
78
37
103
72
3
153
291
31
3
5
132
217
8
4
6
3
1
37
7
51
107
3
11
1
63
3
1
120
1
3
7
6
52
7
187
49
36
29
103
3
3
6
10
17
185
84
1
83
12
23
58
2
29
14
15
114
7
1
3
1
11
74
3
145
109
6
30
161
3
3
213
1
27
272
7
22
2
144
37
2
1
164
1
4
6
2
2
101
186
7
164
43
259
9
10
82
1
88
265
49
4
96
118
55
13
79
17
2
26
85
32
1
11
100
191
51
21
2
1
135
73
11
2
2
2
15
1
22
202
94
30
138
230
82
33
38
81
252
18
256
102
11
6
11
120
54
99
155
128
16
1
50
15
28
1
46
56
108
8
226
2
178
1
32
15
181
221
12
294
282
6
116
43
60
193
16
68
140
15
61
53
2
44
75
120
62
10
8
50
143
2
13
7
252
15
62
198
1
42
68
20
7
52
56
37
2
276
1
28
2
4
1
22
5
113
24
99
2
9
28
84
30
11
272
88
57
120
16
13
58
5
2
172
19
1
123
34
31
112
43
202
74
9
266
5
13
11
108
217
13
207
59
21
217
201
151
29
116
107
37
1
2
1
204
4
267
31
26
108
3
34
53
281
6
29
13
94
3
116
7
19
2
17
6
20
4
214
284
38
27
1
198
5
9
23
65
5
104
15
2
290
118
201
4
122
2
20
298
49
295
49
208
40
58
4
7
13
22
4
101
9
74
11
7
250
145
162
57
29
217
9
14
228
57
1
15
3
82
112
2
79
67
7
196
1
11
57
9
264
40
11
70
61
2
136
104
139
55
1
191
100
8
6
8
6
22
4
50
246
103
92
3
72
92
9
273
137
182
133
75
93
50
3
11
13
42
2
161
216
2
7
2
209
136
19
85
4
258
5
2
7
38
19
70
5
1
6
250
44
3
27
8
104
59
95
23
19
7
157
219
39
22
8
100
4
1
130
67
10
1
202
1
12
