534
109
2146
36
1070
180
887
52
3645
78
1110
800
492
234
623
119
132
1005
513
163
1386
166
1871
1237
893
2197
2706
1361
117
1254
40
1016
538
1923
835
267
232
624
1104
227
764
1535
804
593
1485
1097
150
6223
881
1032
89
521
9
1551
274
2382
1093
686
826
474
1560
126
1898
94
445
1929
358
913
525
182
1637
102
336
1745
1046
397
211
309
1447
1256
1414
30
1085
940
665
147
1068
1365
877
1006
17
2045
1139
968
10
4988
510
33
137
221
388
920
1647
526
1423
485
1
882
892
11
2068
1717
95
1713
222
243
477
125
832
1329
122
248
1455
31
628
17
2210
3311
72
990
613
186
358
71
137
2609
1061
87
5889
578
322
1142
159
788
66
1431
505
874
330
328
420
143
194
2
205
2
41
114
1018
180
1642
869
1451
483
1010
732
1253
170
1504
1434
1967
3564
942
711
1894
330
1725
1228
1178
1245
1870
636
1061
1800
1025
205
494
663
137
1937
2041
1002
217
119
106
2215
56
569
850
879
1563
192
396
2816
1052
557
3916
231
562
1225
4379
575
4136
33
699
186
2331
1819
4357
250
2260
297
2442
1801
353
2024
4409
847
1741
24
66
1543
1029
124
1515
1117
364
492
920
285
214
1943
29
2926
20
770
1061
1007
1970
130
1821
724
739
1529
1287
2178
101
367
190
3176
75
307
2940
464
709
2990
922
1381
579
350
98
473
514
958
478
2789
428
2801
449
506
2686
595
1452
328
440
1548
865
823
590
128
533
1227
744
5
17
1626
1743
60
339
1755
1523
1353
599
357
132
2042
1493
1357
302
4
2732
2786
443
43
909
1627
684
106
951
340
771
1674
371
518
897
20
228
2935
362
181
113
239
959
402
450
516
1169
509
1795
25
9
46
920
107
278
1099
100
764
1081
2979
15
1115
422
1170
538
777
1513
518
154
53
1153
698
345
139
371
1005
4066
1303
1279
769
65
563
320
140
2070
844
3675
773
494
2163
18
1206
136
343
160
1365
1345
2656
991
372
1282
703
2968
1042
145
132
630
554
1051
949
1438
1436
2384
776
150
155
1377
3102
923
669
408
40
981
1233
353
6
388
2025
4361
3530
2381
1187
1706
2261
1093
18
1288
4551
24
2104
35
2452
1395
174
690
131
8
1230
30
1331
775
590
634
676
1290
730
41
42
290
593
1103
2264
45
448
107
452
2547
210
379
477
380
808
820
945
525
252
1568
1801
812
2190
1652
15
3130
1729
1089
2715
885
811
3000
617
162
1784
417
708
1404
93
357
179
139
841
1944
381
1730
726
108
294
357
431
935
4963
434
235
552
2351
1615
1833
4
1522
1102
1508
372
140
72
637
97
977
54
5485
2171
104
1049
1450
424
977
1798
739
40
327
460
401
1808
9006
12
2110
1886
2827
346
605
3080
690
944
1471
306
956
214
734
954
34
415
1427
2176
2103
2058
706
1228
621
1204
926
345
580
706
66
2096
2614
2234
472
291
2989
7
1354
691
348
2137
739
1074
467
71
725
78
1372
419
1011
274
704
2113
475
441
22
1064
1699
1246
245
20
345
1199
598
1268
629
855
1365
1872
164
232
440
701
67
390
3018
476
1961
544
766
72
4225
165
302
257
610
508
2064
887
913
99
118
426
4028
211
1597
417
1832
2995
199
234
897
621
1244
572
552
234
651
86
255
8
430
1441
793
1141
495
84
207
10
183
461
577
303
1570
1546
768
40
71
233
3886
1485
773
146
566
1071
3495
6890
458
2199
2
176
40
1714
25
1669
2864
616
161
126
2131
1492
738
1242
592
141
324
417
252
348
102
1611
799
1165
358
269
796
214
451
454
2844
768
3170
746
339
930
11
1350
70
3041
383
432
99
1152
460
868
261
355
2267
2953
937
224
341
790
950
125
643
2648
2381
1108
264
196
246
69
6057
1132
1351
136
320
556
815
3105
119
339
2662
1031
1932
1398
840
349
1590
64
891
48
3007
855
57
326
6254
1286
807
3113
258
1527
354
428
872
151
348
41
652
976
1138
234
281
578
359
1862
294
749
895
1038
146
1025
362
2371
254
952
212
3083
2250
753
1030
674
430
133
1189
1255
453
1678
2252
1294
124
456
1748
851
535
476
44
2778
948
553
377
2420
155
456
3375
116
30
1428
28
156
810
815
743
293
1721
522
264
1142
3
618
92
13
1446
904
2626
77
451
652
687
91
2428
1599
1242
868
258
1680
365
219
1393
2
685
1105
634
419
199
717
420
812
72
1478
2992
2119
4942
1190
1674
2201
1361
1852
2472
1806
2102
3086
306
353
198
232
683
20
1450
495
501
772
473
516
346
4916
1358
327
156
1728
328
71
441
158
2031
1175
280
544
810
2475
559
331
1344
242
53
1044
755
1771
4023
174
1950
1039
543
1282
88
376
2784
488
334
256
1607
3093
215
459
1172
608
887
255
1156
264
282
67
1948
2982
871
139
611
46
157
1506
2384
390
739
2037
157
123
1223
3021
273
1159
3036
1809
2015
163
1792
31
608
114
1564
195
392
35
438
386
2548
815
32
683
2568
1393
820
523
3
1648
44
556
398
1652
54
2431
97
2544
272
698
4083
359
314
1006
2407
317
671
647
4
501
809
262
597
1510
243
2701
523
64
965
619
69
2890
27
363
223
881
890
603
80
1781
1250
5868
1054
356
2326
1239
408
1163
997
516
254
220
1877
16
39
57
1233
411
180
134
205
262
1104
641
73
4011
34
282
1028
470
2764
504
1804
1948
257
260
211
2069
26
1322
1617
1091
26
2285
282
3217
1331
1128
417
191
1885
2053
3229
151
100
1112
24
1103
