102
1264
881
63
741
1264
364
2722
375
2318
275
3968
1940
2452
1551
584
1708
19
2587
3919
279
435
882
927
728
118
29
1358
149
680
547
2714
127
1273
11
876
285
914
1279
377
210
1231
62
218
839
789
3604
1708
3530
151
588
515
1679
328
379
975
1254
1188
890
49
32
1185
549
2109
816
1864
917
2347
1496
168
176
1068
1051
367
207
1145
110
46
2104
96
344
1325
235
330
1806
41
1381
300
865
431
262
594
560
1600
2571
703
777
91
2372
1111
213
755
91
335
63
2597
887
384
377
3181
1591
2255
2074
264
958
2619
802
2403
50
2233
2075
1631
809
61
4054
669
723
1461
2620
515
1626
2474
561
215
4499
32
494
266
1726
1064
10
2344
1163
505
1542
180
1525
111
1165
2236
1332
346
5490
1870
713
272
106
131
1930
1073
1129
642
101
658
1034
977
2266
253
371
1171
1511
252
1059
20
113
1570
167
2358
1039
105
926
329
958
134
293
204
606
47
129
1060
280
598
382
2388
1494
760
62
731
3868
248
21
787
620
3012
151
3013
505
124
1616
25
265
1854
2254
280
1459
416
192
3786
1163
2915
2626
834
250
13
65
516
2740
2
319
671
425
317
693
158
478
612
566
299
354
110
364
710
5355
388
2808
1284
1980
69
2597
1728
99
711
524
1516
904
1003
1170
461
2071
2497
226
223
775
200
115
1295
807
1326
1387
529
457
1007
147
1429
2210
1362
125
3065
88
872
1380
566
1712
1791
342
379
2790
1190
911
736
388
617
430
1405
581
1950
2247
1340
1200
31
56
32
2744
408
676
168
296
121
461
385
1680
169
2512
39
651
49
22
1612
1159
54
1342
1041
2054
467
1926
351
1007
1159
29
381
1544
2538
2201
1079
677
503
2687
199
311
122
2133
1318
158
37
1493
926
2850
3466
255
804
1149
1710
317
518
112
210
97
672
680
91
643
801
108
78
302
1722
982
1151
1438
96
2476
317
632
59
66
1818
644
822
1383
790
261
2779
569
1217
1073
302
408
1474
886
1052
1184
958
65
855
159
398
697
346
1159
260
3261
126
1720
3171
1303
1435
2084
1116
584
1580
836
699
838
478
229
1464
747
1478
780
2978
124
939
431
3171
1314
327
476
465
506
2274
345
30
935
4424
568
930
199
52
230
152
275
596
2426
549
1242
420
329
432
4313
433
631
729
18
407
706
2206
562
116
896
2249
1723
57
113
305
243
1822
349
1292
815
975
101
916
337
680
966
285
1912
1899
557
2343
506
2515
287
127
3497
678
65
1717
920
1047
223
1603
1516
113
1534
2765
2548
1858
506
103
275
441
1209
708
160
394
1370
1319
139
1068
369
532
4560
567
3397
1437
1025
284
851
219
448
54
264
625
375
22
1262
3352
575
472
1525
300
842
768
74
4844
363
67
557
977
4506
1759
233
2162
200
1372
250
220
128
610
1962
1102
55
739
721
1433
1676
772
649
2221
227
197
88
352
692
727
808
381
5650
303
121
697
371
3362
4551
192
808
205
441
1544
1625
818
112
128
127
361
201
408
477
397
561
64
99
717
3839
646
174
3912
1150
2523
750
228
128
1560
48
5569
4800
3750
716
806
137
1043
2109
2991
123
456
1994
1998
1066
379
693
59
2609
14
203
674
1047
71
188
1023
15
385
291
615
463
2148
2391
403
51
388
471
1670
828
1295
1751
1521
1031
1660
834
5
11
4178
972
671
1629
1153
634
688
1906
155
1936
1028
1923
384
7
289
1287
689
645
797
552
339
1101
791
1367
408
211
429
1666
336
77
959
170
700
241
1027
968
4196
1024
291
264
1335
100
442
1224
292
822
102
112
436
99
2382
5243
1038
1959
1012
427
1491
966
1037
1066
975
2732
1515
1033
399
127
64
1325
591
1994
383
540
1172
478
784
35
283
1578
138
1521
1391
71
211
431
568
1491
4593
1967
516
590
488
5617
2914
424
234
200
519
169
1590
459
913
252
277
926
929
368
18
1140
4211
3912
1497
1364
4393
934
827
106
1937
1318
330
899
425
164
894
116
2503
417
473
524
761
5
687
2512
346
2621
2502
176
757
772
127
94
608
682
1931
859
2688
125
96
905
2125
25
1369
2435
3191
4013
2351
4207
1090
3301
268
247
379
1435
210
384
228
128
978
96
98
4
3380
97
2399
1133
67
122
39
306
667
219
482
3686
823
1048
27
485
2101
150
448
2499
402
2196
443
77
75
1868
76
843
265
375
1275
443
704
1182
3746
130
3232
1431
244
325
3231
361
759
5410
269
523
42
15
118
1193
1325
774
2151
891
544
287
2042
1229
1387
1106
617
256
982
1995
743
1378
2273
460
551
337
885
455
7
346
200
3129
344
2194
3570
710
7871
462
1235
467
20
1326
838
1429
2715
219
315
1162
44
211
349
17
903
1766
385
508
945
3294
915
825
1551
1810
66
112
183
695
568
280
246
366
560
962
3066
470
69
2172
239
1011
620
147
703
3149
1004
138
50
579
3751
1824
504
39
303
512
187
28
323
280
3561
117
851
680
3186
571
873
370
262
41
733
794
471
1585
734
1725
586
765
2012
1292
151
2910
966
3129
2181
673
3255
2192
693
184
421
20
856
2795
674
921
798
721
1916
54
249
1281
177
1241
560
604
126
480
18
1309
562
65
2203
411
123
940
4162
83
548
137
2337
431
317
516
511
592
482
827
450
1633
148
1252
289
2
931
609
41
2137
282
2109
579
3719
1593
119
1102
2185
2514
1402
1749
1699
2694
93
735
344
2591
2439
120
1458
195
1213
1470
841
28
540
374
320
379
31
77
184
1159
53
148
1544
