11
5
262
283
1
15
120
231
147
5
1
98
67
82
5
42
5
276
100
4
35
266
4
3
1
10
222
190
117
1
12
2
1
3
16
259
42
76
7
1
18
41
5
23
200
45
4
10
65
1
17
2
2
271
75
73
1
19
265
241
121
25
23
4
63
137
227
33
1
40
70
16
71
3
9
197
1
1
73
29
7
1
149
8
144
2
130
5
176
3
15
7
3
3
72
203
33
4
205
2
68
5
1
48
8
29
95
83
3
117
28
278
121
77
9
2
104
167
273
20
2
116
59
14
73
77
2
1
1
5
9
4
93
5
5
15
94
24
1
71
2
2
135
106
229
3
260
80
3
177
16
8
148
134
59
2
149
34
2
6
21
1
3
1
1
19
265
4
13
10
1
8
1
73
154
1
63
22
245
26
1
4
4
61
136
238
1
37
15
9
8
222
9
1
39
184
43
199
73
57
213
143
194
16
21
1
119
14
35
2
30
6
182
77
7
44
123
249
7
120
59
9
66
47
126
110
7
75
205
6
1
2
1
19
8
240
75
49
69
115
8
1
12
3
3
295
5
154
18
71
36
78
16
111
36
1
13
78
162
74
45
91
34
69
6
53
2
40
48
183
5
13
1
116
200
195
1
31
23
15
126
5
40
1
61
13
40
99
1
2
33
23
1
94
82
48
153
5
278
43
10
20
111
20
220
58
37
133
23
15
213
7
12
22
4
135
24
3
21
4
61
55
2
1
34
179
10
2
25
109
10
8
103
88
297
113
52
56
1
44
4
14
133
53
82
19
67
1
10
117
99
209
1
215
231
136
178
19
37
4
32
4
162
71
210
19
264
2
279
293
3
62
5
169
2
156
54
10
233
37
122
10
1
24
92
10
77
74
73
180
187
9
34
3
20
11
180
3
164
50
45
2
2
42
12
166
7
132
2
137
1
8
31
27
22
66
195
219
34
289
4
145
249
5
45
9
193
59
182
295
3
82
175
178
19
120
13
175
35
21
136
169
64
18
19
147
111
256
3
19
1
6
42
76
207
92
175
1
46
118
9
180
11
298
26
4
15
29
266
14
67
272
59
144
134
18
21
17
186
21
13
147
8
9
2
30
60
103
3
28
251
2
10
69
50
75
100
163
12
6
133
272
8
28
1
131
1
2
74
25
92
1
253
7
19
106
60
200
15
183
11
4
5
127
38
116
41
35
4
204
236
170
1
53
2
49
110
80
161
100
71
192
1
8
16
119
160
3
240
114
1
93
43
1
4
240
3
1
235
125
149
26
25
34
73
3
13
20
117
139
56
15
21
43
46
39
139
4
41
101
151
108
228
237
17
18
232
165
43
4
63
6
4
157
69
2
211
88
3
8
278
66
114
138
21
6
249
214
12
1
1
13
2
5
156
5
1
221
6
2
27
20
173
144
88
14
3
18
42
2
19
162
1
1
97
51
227
2
264
101
213
194
2
9
6
86
41
137
35
63
6
34
12
282
139
67
21
81
143
65
5
29
34
271
194
17
168
1
9
146
4
1
9
3
145
84
4
28
12
1
49
226
23
25
203
10
299
1
6
16
100
261
1
7
1
3
11
1
3
11
250
186
1
86
104
34
12
31
2
91
1
27
70
8
50
25
47
35
220
2
17
4
4
155
277
23
4
151
2
1
107
7
24
52
160
2
9
189
66
104
7
171
26
121
102
172
124
154
48
32
8
2
2
209
15
2
1
227
6
9
42
146
31
36
106
117
93
13
22
73
2
18
113
70
10
1
271
11
1
1
6
9
13
97
126
18
6
17
282
1
3
59
15
1
71
1
5
50
78
211
70
192
39
11
9
3
94
7
1
5
101
147
3
151
87
288
15
75
165
2
72
264
140
171
58
6
1
115
236
98
58
6
165
1
8
66
245
15
217
51
6
10
3
170
110
2
1
30
1
237
166
129
5
61
1
8
158
169
68
130
279
10
57
62
58
26
76
73
2
170
300
300
22
47
20
214
159
118
14
45
20
105
21
173
183
36
40
33
204
65
13
150
77
166
94
10
21
248
2
50
91
91
266
56
2
88
7
26
20
8
13
114
187
17
1
51
4
227
120
81
136
1
98
30
109
30
287
3
1
4
3
103
1
45
30
12
20
125
4
8
88
281
59
24
12
5
288
1
261
32
1
196
64
93
80
202
29
2
5
3
70
19
38
17
243
20
1
60
2
45
131
11
264
82
1
35
1
5
156
1
9
3
1
4
155
69
22
189
263
128
17
104
8
232
3
5
12
110
43
34
33
90
3
224
2
26
2
98
274
12
84
4
3
47
1
226
8
25
136
63
1
1
25
4
22
118
39
15
4
1
1
64
68
14
16
1
10
40
75
226
37
194
72
8
1
31
210
118
9
24
2
51
1
96
1
14
1
133
43
11
174
277
130
17
278
1
1
108
58
229
284
17
2
56
139
