2
63
48
103
31
1
141
22
18
6
123
81
1
122
175
173
5
1
2
4
245
56
22
6
78
1
5
40
48
74
1
3
1
39
66
10
8
176
6
105
11
2
125
1
125
52
20
256
56
19
2
251
10
129
91
4
1
14
289
7
58
52
153
244
4
1
1
278
9
83
228
18
15
118
148
117
117
8
39
19
66
11
17
22
17
2
80
1
52
1
6
86
2
36
37
25
1
69
1
55
79
9
284
4
2
14
296
3
1
123
7
1
23
1
15
11
36
3
30
16
7
23
2
36
99
4
1
159
1
162
11
5
223
289
6
38
19
26
177
139
7
147
72
72
1
101
2
12
5
7
95
4
164
10
4
24
40
27
260
22
50
1
1
97
4
65
3
17
24
11
65
6
36
38
18
243
72
3
1
262
46
16
68
56
299
1
1
191
3
166
30
165
3
57
292
7
43
10
14
89
32
2
260
5
106
11
18
1
5
13
3
1
26
23
12
213
190
168
72
2
10
1
139
176
34
134
235
3
3
23
9
10
39
16
133
58
284
1
2
216
154
48
3
24
2
110
4
1
9
4
272
16
15
5
16
166
83
5
1
76
34
96
199
149
43
127
2
1
74
2
36
6
194
68
53
3
5
75
10
136
215
191
20
219
5
2
190
24
109
1
238
29
16
41
130
19
1
2
150
1
1
99
31
6
269
92
12
40
1
25
66
81
134
3
134
21
1
35
74
123
3
11
15
77
150
38
208
84
131
6
289
102
22
22
63
224
10
6
44
11
1
3
33
25
49
219
1
22
98
6
11
8
97
229
80
1
19
1
13
71
30
124
22
64
19
3
2
68
67
3
2
101
48
1
210
290
2
26
49
16
9
213
109
242
127
4
10
17
11
282
20
3
194
79
108
104
24
94
10
11
1
1
117
19
177
140
7
1
195
203
4
172
4
1
201
56
267
15
30
58
14
5
177
25
111
70
123
10
78
4
4
1
2
252
38
139
255
1
122
6
86
5
20
74
180
140
74
30
2
195
159
3
2
139
45
274
95
196
12
26
9
150
56
136
1
143
240
124
28
2
193
226
15
134
12
228
236
261
11
4
1
5
148
1
135
9
1
1
209
5
52
120
48
281
15
91
6
161
224
54
112
63
45
77
11
190
1
9
54
191
15
17
6
27
37
296
129
249
11
2
90
7
125
122
100
26
37
5
61
60
28
8
12
12
4
117
132
15
11
144
124
133
253
1
2
233
8
2
177
57
24
10
95
24
23
25
2
74
219
1
188
70
13
23
167
17
5
15
7
36
69
69
5
95
188
49
7
68
126
249
62
2
2
113
1
183
1
14
3
7
13
295
24
46
3
152
157
259
34
2
182
2
21
140
5
3
1
2
50
64
1
6
200
229
138
35
53
13
9
156
13
65
96
4
25
18
139
12
214
6
76
37
139
25
190
11
89
4
36
1
273
56
2
59
47
3
106
15
165
258
10
4
19
184
144
7
208
27
29
24
23
88
26
143
1
13
3
5
61
1
9
109
1
1
178
2
20
96
206
2
29
113
4
84
154
233
154
40
8
105
51
2
36
5
13
34
154
224
5
55
185
126
112
18
83
24
112
252
2
156
153
2
143
31
1
7
1
282
58
48
90
144
1
68
2
14
4
20
1
106
3
100
285
11
64
43
5
78
5
15
117
3
8
148
40
198
7
99
82
107
49
9
75
143
39
163
1
3
3
43
27
162
201
54
2
65
28
150
211
1
38
30
2
18
113
39
156
20
17
83
1
8
79
95
208
16
2
5
2
299
10
218
2
4
46
155
21
42
84
1
5
18
256
17
40
20
102
116
4
174
46
68
103
155
35
9
251
1
139
18
62
16
55
5
136
121
211
258
8
42
1
1
119
1
48
1
17
5
190
144
20
71
9
106
1
163
76
126
6
103
161
9
3
93
173
78
6
152
8
5
3
6
16
66
1
3
42
8
1
41
29
202
224
224
3
108
67
122
111
153
63
9
157
24
6
67
5
12
51
3
267
1
51
47
4
29
1
9
12
21
6
242
38
138
5
76
1
1
123
273
276
111
1
285
2
120
1
12
6
7
2
85
294
1
153
9
3
17
11
170
1
250
157
17
42
166
206
1
248
18
82
3
78
1
49
186
37
8
56
279
56
3
4
233
19
1
2
20
50
156
62
3
4
1
235
20
63
40
224
256
42
2
5
1
187
1
139
1
157
57
26
3
43
255
234
144
4
34
156
32
123
192
1
89
113
6
1
53
20
1
34
135
254
291
1
102
287
6
36
23
8
2
112
139
19
16
49
7
2
11
18
57
99
55
3
105
12
200
31
59
118
2
6
193
17
6
108
41
2
1
23
247
7
119
20
89
196
203
3
182
55
226
3
14
17
9
75
1
51
5
240
243
26
18
2
2
13
4
63
246
11
19
33
2
17
