87
8
7
44
1
66
71
58
124
1
2
17
198
62
97
127
8
195
189
3
162
92
2
6
7
69
125
210
142
2
1
1
2
141
39
31
9
100
131
21
5
1
1
35
278
7
51
36
210
8
46
11
171
67
5
1
1
58
217
39
126
15
5
1
3
161
9
3
1
14
19
300
97
158
7
1
104
245
88
7
150
10
4
35
135
13
62
1
38
2
16
146
2
60
25
7
14
14
63
122
4
9
1
210
198
118
199
3
5
28
13
35
80
28
49
6
44
179
39
1
211
113
35
127
1
21
128
6
111
3
1
5
51
20
14
173
9
6
196
22
146
1
48
15
20
9
249
1
272
11
1
77
90
4
84
85
53
15
257
86
257
175
25
119
1
67
45
6
201
6
119
107
81
75
272
1
2
4
120
127
54
128
121
35
54
1
24
71
139
7
15
170
2
25
117
86
136
189
66
233
82
2
148
2
3
71
58
1
217
1
78
212
40
15
1
36
96
41
128
39
10
216
113
12
13
67
52
69
26
17
142
24
1
46
132
81
19
20
127
64
236
1
71
5
1
143
140
139
5
88
297
102
2
6
8
47
92
74
258
66
1
24
57
2
121
3
14
282
11
151
57
2
121
15
29
9
3
24
5
3
252
81
81
18
137
44
196
1
1
196
62
6
214
158
194
174
18
2
1
20
67
1
165
108
44
35
115
73
1
56
279
6
6
294
120
1
228
11
88
7
124
60
2
90
237
78
11
241
279
137
97
137
1
6
98
1
34
11
226
84
100
80
82
28
110
24
3
57
25
33
15
2
18
17
9
107
3
2
62
3
111
34
276
6
54
118
2
137
1
6
216
188
8
245
15
33
54
4
1
143
8
4
4
17
292
60
5
2
48
27
85
1
180
6
71
3
191
189
20
268
126
270
149
200
137
27
4
16
188
137
167
114
2
244
32
6
2
115
90
49
1
77
21
32
2
106
7
32
2
41
20
1
23
1
2
1
9
78
8
19
1
1
2
12
209
147
17
205
1
128
19
20
20
57
32
6
2
7
2
210
3
70
1
3
7
224
14
11
47
43
281
79
121
48
80
242
222
61
16
5
14
95
271
39
85
6
12
26
2
1
77
2
249
1
24
115
10
140
146
36
1
18
12
13
187
2
1
129
96
16
225
19
121
131
56
177
14
11
2
1
76
2
203
42
12
9
1
2
109
7
41
2
98
56
3
184
50
88
1
293
22
110
64
45
2
290
5
128
11
54
174
10
6
168
98
6
4
20
8
283
230
20
11
16
56
40
3
11
1
47
5
5
8
8
25
1
155
104
6
17
239
28
6
1
85
80
136
50
29
47
9
48
211
31
163
3
30
33
18
1
1
38
7
28
40
56
106
279
142
10
149
1
2
38
236
10
46
71
64
4
50
264
57
25
20
1
109
177
19
75
7
22
11
1
31
128
216
239
25
13
91
15
253
1
144
20
23
24
5
51
2
90
13
5
29
22
43
1
53
61
161
181
1
142
178
4
5
23
58
181
21
23
180
33
25
2
2
2
10
242
269
279
206
41
18
1
3
9
256
96
182
21
151
50
223
221
74
3
30
147
18
211
47
38
27
40
33
264
85
3
291
35
18
39
15
1
15
51
174
6
19
226
77
10
3
21
204
176
1
11
10
45
63
12
21
126
296
3
2
2
40
239
271
9
43
5
2
91
2
248
216
6
4
139
20
19
2
10
4
13
192
4
7
185
5
44
20
31
2
55
52
34
75
39
7
76
3
21
5
10
169
10
4
10
16
11
18
36
297
49
16
21
42
178
27
100
1
56
99
148
195
226
117
3
107
2
240
63
94
66
1
113
13
241
23
210
155
108
119
62
108
212
11
7
213
99
70
3
218
20
3
2
38
13
177
39
189
242
1
1
5
6
93
4
1
1
36
15
5
203
169
9
3
122
85
29
231
16
3
146
272
168
79
87
138
9
60
31
1
52
65
4
82
101
177
7
167
72
1
9
18
17
97
114
38
235
107
151
8
32
174
156
228
68
2
208
2
113
6
28
1
82
107
72
25
8
88
121
48
75
47
29
14
13
79
3
7
3
94
36
153
179
207
20
16
86
144
17
244
44
84
3
1
6
9
89
45
12
17
224
290
47
168
72
4
1
3
130
19
1
191
284
51
1
80
2
34
102
55
177
179
1
15
105
72
17
251
65
41
2
281
1
35
1
1
10
2
15
103
76
38
29
42
45
27
2
8
97
249
16
91
161
73
17
156
3
9
44
39
19
260
150
98
60
29
3
1
31
254
218
23
159
9
13
260
48
36
1
39
245
113
6
12
2
122
13
2
158
86
33
66
1
6
112
3
140
24
8
20
1
10
217
146
114
20
30
1
31
108
179
1
92
2
229
1
236
11
27
25
31
10
163
241
31
174
161
56
144
12
147
229
6
15
282
259
