638
1541
163
410
790
427
608
548
1062
471
1703
443
1327
268
1835
707
738
1602
370
448
1024
173
670
3253
1621
4281
3544
2698
359
555
456
2574
684
549
93
589
2781
271
1345
49
3045
51
603
383
347
2592
2573
121
47
9319
682
132
304
206
31
3012
1541
2675
2962
2270
135
1641
549
119
3172
603
144
197
1348
549
618
526
289
359
168
168
451
1258
1055
34
33
832
1085
980
2074
346
711
906
7
27
893
1281
125
169
2341
2455
1046
1269
539
1540
627
416
27
1496
1038
117
295
1283
808
137
561
867
302
1661
825
429
737
473
444
2822
1179
219
945
119
844
82
160
2282
2269
29
380
1087
714
824
569
385
715
1402
120
1003
1013
899
531
519
1530
456
1535
414
1391
119
31
762
2764
481
972
172
127
91
1056
840
1164
1500
1410
2552
556
2464
5
160
634
436
1751
1223
808
914
140
73
102
218
349
874
2186
52
504
19
934
674
34
705
3514
32
182
2399
6685
1349
844
1
362
328
249
239
49
952
406
655
1436
514
105
5032
1412
401
363
9
3851
1408
2891
16
665
123
499
1571
5369
73
2120
2501
906
620
88
3464
1230
935
607
1942
3235
945
1662
2925
635
1055
1290
75
2539
138
981
270
3302
434
1480
677
169
3587
2199
84
179
480
1739
2520
896
1308
378
775
857
984
842
1400
340
2183
391
1812
1741
299
459
1012
1077
30
99
1190
595
419
986
819
448
281
651
97
333
476
323
2395
1975
492
36
1508
299
156
608
586
1054
144
1304
298
262
236
1438
1354
34
3026
636
1547
402
764
1810
349
1726
7870
746
658
611
997
469
367
2921
2649
81
5820
314
174
22
573
537
800
172
337
1645
1710
1075
2036
171
1959
53
445
615
333
181
185
636
839
75
256
27
1009
421
992
443
409
152
515
1349
206
346
346
1175
1034
638
351
885
7
1706
18
666
1238
397
184
45
311
1224
1401
1570
1533
700
1725
1694
338
579
1359
1952
182
717
174
2997
1032
1171
1822
2527
1926
206
3924
1846
127
559
2216
1674
759
861
2038
248
1779
1525
2815
1464
165
444
44
394
2116
1503
452
224
318
415
1258
440
2232
286
1268
14
326
133
249
2403
2068
2287
538
282
2567
1935
924
812
211
549
1126
749
698
608
283
536
7
580
171
348
1020
221
820
1219
867
119
2984
676
1229
17
536
255
4559
207
3700
653
1835
1738
980
1304
914
64
2715
1204
759
151
1192
1240
26
1604
1930
1257
2528
997
228
801
2099
845
1543
867
389
866
682
2857
649
368
124
45
943
731
1098
780
1895
878
856
1580
465
162
1268
532
1309
1744
191
27
726
1027
1926
1798
2439
1370
257
1652
846
811
179
786
429
3505
508
2818
598
273
981
330
1426
147
1138
1983
35
550
2734
452
524
249
1577
359
331
902
1469
1297
3891
110
2064
846
795
1127
68
1130
1429
183
129
375
169
590
146
117
1032
1533
520
1172
2559
542
766
19
1343
102
581
428
468
573
260
527
3652
1178
575
223
1378
17
958
241
1157
1691
3730
1054
137
276
140
261
915
1670
3363
872
1895
919
420
739
847
1405
174
726
532
592
159
32
779
3803
1148
939
2188
1443
792
4
2962
711
115
1334
590
231
1828
1589
1082
3674
1088
536
74
1554
610
2176
568
3134
445
883
498
307
314
3732
1648
928
685
4289
743
225
1537
1245
2009
619
812
5
264
689
895
211
680
1516
36
298
717
352
578
2919
1388
10
362
1120
3704
384
107
463
1301
1752
13
198
119
1058
78
351
1170
1813
1333
1739
676
599
4116
618
912
3153
528
2236
498
1553
1493
827
851
91
2300
223
57
1431
269
277
541
88
2169
1437
167
449
1301
915
311
1292
516
880
1191
612
950
234
247
685
141
3235
47
839
2081
426
261
2036
591
78
548
497
64
275
91
461
202
690
159
1795
1052
744
183
1235
2586
1174
25
256
324
337
545
238
244
1350
737
1488
1165
1259
1744
2193
86
383
1052
1125
1174
1275
551
313
224
48
802
1308
424
1505
292
1650
1587
152
1418
483
245
1354
1286
275
2641
1566
317
1528
2187
686
171
4167
1668
336
333
752
351
490
2041
1526
80
449
31
533
1610
683
295
757
1418
2636
768
706
1661
277
534
1405
2713
230
175
548
1692
2650
132
1350
1981
548
454
390
616
356
303
608
2997
1480
366
2688
1291
4131
1308
1637
1675
330
2638
1510
60
3270
105
1187
392
2049
847
3380
984
208
511
269
3107
2900
209
278
2230
1129
128
1039
8
724
131
330
2030
727
385
727
788
1525
1780
783
3350
2195
912
1599
49
869
273
359
691
56
625
604
778
442
364
1484
1246
255
850
308
980
75
4860
976
991
293
697
3365
113
73
896
1420
1052
176
1370
806
1301
305
1029
1935
1904
225
265
644
176
95
792
2250
1021
60
1198
2112
1473
850
4003
1112
1376
438
572
634
50
519
1983
332
1721
3621
201
1872
2493
572
386
2840
931
450
1146
332
1565
1221
6
630
357
1077
14
1470
336
552
48
3414
181
1545
161
1866
4289
969
5475
267
171
382
194
1042
805
1085
2054
205
99
927
740
1781
425
1339
495
1531
241
1331
299
331
824
1210
62
163
425
199
1149
5002
188
641
279
444
43
1979
838
6
232
324
1935
190
362
464
1309
371
626
1059
291
292
243
1510
16
4
596
817
513
1692
727
560
2561
1244
260
4966
895
1252
3023
218
74
2537
129
1301
2726
178
1276
412
313
2413
5
1417
249
889
3095
743
483
599
118
3036
91
3121
1377
1233
620
447
353
1633
261
2280
