265
353
1021
907
121
689
453
971
261
374
510
16
1991
650
757
190
105
170
1361
881
1880
29
365
1150
397
800
1435
38
793
2641
244
505
132
1684
150
2075
1625
612
1897
372
3790
764
180
408
1440
1037
169
1058
229
1126
289
269
132
1741
1211
421
1351
1312
1682
2116
402
842
231
1070
673
387
6789
165
894
248
937
428
360
4748
1430
2661
123
363
771
1216
3585
411
9
975
1596
972
514
1879
101
995
213
930
1755
23
2329
759
1679
1206
967
414
77
1106
781
450
1015
788
346
124
162
1602
763
3386
361
71
2304
3846
3292
36
525
188
509
187
94
681
402
472
829
917
135
129
918
42
443
2862
581
345
448
916
160
1186
34
5
30
837
777
554
1760
643
621
492
2692
443
3070
1187
652
2406
3543
1735
481
19
32
27
281
1519
858
2383
307
2051
519
1215
903
571
1225
1828
1241
826
230
652
42
979
256
575
972
408
2077
73
2118
482
83
779
161
405
345
88
1
632
155
699
365
1276
399
110
1562
3330
436
665
1286
68
1195
2808
332
119
1810
416
262
107
42
1431
281
960
2185
848
313
1178
1081
500
167
970
1703
2535
197
1111
1883
45
443
582
1891
4274
1437
1894
2587
350
562
251
711
26
595
161
119
4
332
838
297
202
2389
1459
4834
711
2910
1534
1365
958
270
1226
78
4676
1139
3
296
2892
3251
421
1096
1144
2453
280
1974
894
649
38
681
1656
567
4080
954
1359
741
5120
332
4192
665
2782
1597
880
197
906
521
2446
1407
608
1580
2387
2425
761
172
239
1163
1199
244
276
368
1125
984
220
3586
340
50
485
591
2393
1179
436
260
323
1161
219
496
717
785
999
85
976
550
3087
1055
435
568
785
85
3060
1025
192
1083
1605
190
2542
336
289
955
330
119
18
471
216
112
670
2
3304
65
479
2128
1028
4911
12
958
971
2134
1832
191
858
1238
612
389
1391
266
923
61
1526
478
1261
3796
261
303
1586
1225
285
133
2229
1414
1796
572
1360
138
2615
1505
623
34
514
1537
515
280
477
813
10
775
3742
656
1455
755
214
979
2664
649
747
974
615
1416
420
113
228
73
1966
521
914
514
727
212
1314
132
1764
2792
498
1293
687
424
437
862
685
1508
252
1627
1320
133
669
986
1321
2652
843
616
4040
1435
500
126
305
397
162
399
1397
669
6
1536
398
182
312
251
925
1691
318
156
1946
381
854
500
1015
1437
934
612
1463
3601
212
3103
608
781
461
3075
759
76
2405
1660
1727
91
484
2828
1808
858
1721
94
202
415
483
1798
64
338
353
207
673
1414
976
4409
397
1584
44
22
682
315
640
1586
546
246
2005
223
639
2638
106
3656
1285
198
922
947
499
850
108
476
983
379
668
419
1529
663
3249
65
1161
1165
816
2265
683
1885
133
104
111
1712
2394
75
2996
58
251
713
344
154
1932
2183
53
168
313
815
162
416
672
14
1901
873
695
688
42
17
944
1987
456
2028
350
623
194
1024
525
31
314
1532
3776
814
342
856
941
764
690
1443
1807
945
3972
912
128
606
530
101
463
2252
836
295
154
118
1186
571
929
451
239
2248
3148
1187
10
19
575
3554
106
177
366
332
1955
710
798
420
950
1383
1880
1014
2803
983
536
956
222
875
706
1114
118
237
2966
204
438
2732
3552
294
2681
133
21
252
487
713
709
2837
130
932
9
493
1095
949
630
1897
3515
485
883
3629
29
2244
7472
532
1995
1991
256
2180
492
618
660
2337
206
2379
621
179
558
1516
126
264
42
96
180
553
508
696
873
1126
1173
800
513
1765
2771
3976
1709
653
942
2435
765
66
794
129
248
882
1358
406
417
1390
1392
997
1722
30
712
844
437
727
314
1583
157
314
68
347
331
853
883
500
1934
418
694
545
3371
984
294
341
158
20
740
98
1062
26
1594
713
993
2425
1906
236
471
186
663
974
68
466
544
194
976
823
58
281
433
969
394
658
22
998
1578
3785
260
1104
300
557
2526
782
239
321
487
588
3377
1477
226
569
623
192
9633
1997
882
878
287
154
565
845
2687
2042
1484
723
489
1087
511
771
285
6174
1567
898
1491
567
437
523
285
608
582
345
898
553
1358
270
3430
257
488
979
274
1244
529
2105
488
16
908
404
57
112
886
843
56
577
595
896
232
266
660
2237
649
5163
2952
1896
299
2099
1757
722
231
616
127
126
63
1281
1751
1038
2402
1259
2095
6
1059
1599
828
1027
907
223
345
615
628
1903
1123
35
2272
1141
228
1172
1290
1790
297
1730
2563
99
884
3276
954
298
2582
1113
1921
60
337
2128
1982
502
599
2483
478
1842
829
1650
760
72
776
54
552
1088
219
987
220
156
332
838
103
1576
1014
2679
61
365
169
677
11
11
185
1079
1221
2278
2301
122
317
851
223
986
1339
1909
3708
209
42
350
1203
147
1148
1165
465
1925
460
1299
923
905
244
1573
630
277
411
854
620
2093
1102
1195
1640
173
253
1000
726
571
718
601
2990
100
66
1264
1344
282
1550
494
446
1770
327
356
703
1966
181
212
158
505
1043
635
26
226
1019
294
2192
441
1064
664
245
430
1101
75
926
1865
3366
187
1281
5
1066
32
1116
279
113
1129
18
176
1590
1282
1473
2772
544
1729
33
1138
414
3252
938
859
179
402
2481
398
555
986
907
736
1080
186
284
711
3223
790
2053
141
952
150
1337
1199
1833
952
1979
655
134
478
167
537
2562
3021
406
330
84
831
1178
264
867
5368
1256
725
597
2065
73
133
