83
554
226
2511
84
237
196
258
132
71
1044
2780
1979
177
1242
105
323
184
399
57
1080
323
1558
752
1511
4932
948
2172
2055
115
2526
873
327
338
134
125
357
1445
20
2050
827
70
1194
92
1375
769
218
2313
442
13
299
926
943
455
3006
3721
451
2270
668
348
41
362
95
535
994
192
424
31
2099
141
1015
93
766
386
364
71
514
790
131
275
2466
335
2655
394
2968
423
906
52
1870
319
1156
887
1769
412
234
234
1017
296
8867
1255
512
2777
1407
436
978
819
216
1202
71
69
575
1552
329
1627
169
754
624
1236
23
969
77
1834
255
109
181
598
237
137
795
599
1657
354
332
2061
541
372
132
1823
2601
1524
756
456
577
569
2463
15
961
334
245
74
4098
522
1049
5355
1114
1011
363
1838
1228
640
656
619
265
390
950
863
1875
1616
822
591
955
116
1810
629
995
1009
856
106
151
983
146
1862
65
883
1053
530
1565
1195
1645
2064
18
1545
342
409
885
1605
1775
484
1035
130
1
1226
1911
788
76
818
1
2168
198
366
219
9
14
1238
909
552
229
1343
138
1340
47
417
1713
2541
1302
36
707
238
160
1131
2035
136
3735
1102
2792
2197
2086
290
430
39
614
695
941
199
279
222
3623
1792
3847
148
2227
1288
873
881
2939
1025
679
1455
358
145
930
987
1842
1647
1804
1931
648
792
655
1922
1695
291
1073
780
6320
1449
732
406
316
1232
146
1113
2104
60
82
385
312
5976
1712
351
2344
396
226
157
351
543
142
5014
526
1121
5097
1369
745
1033
6360
603
240
542
368
13
470
232
181
507
130
342
999
1068
1164
550
461
1788
366
27
391
192
406
476
480
66
1343
520
69
150
2006
1450
1342
357
578
3369
1409
783
135
133
3755
3798
64
719
488
2410
594
580
333
264
1143
1456
192
772
715
383
73
1115
671
427
1379
1504
833
6523
9
182
613
412
2057
778
338
724
1198
220
615
2038
232
610
4055
847
733
476
1590
1861
296
590
573
407
868
51
1106
452
1802
1506
449
419
62
654
413
201
2993
2364
1374
1339
454
86
42
1
501
709
335
2414
879
227
140
224
962
390
549
52
1422
400
621
678
41
99
1689
286
504
1495
1628
978
8
3801
731
987
1812
2416
126
757
218
689
242
309
756
1368
770
1774
601
3424
1587
27
72
1433
284
194
296
61
452
642
172
963
1080
58
1410
2597
603
822
27
272
543
402
1450
975
199
1465
291
191
595
539
2028
18
339
676
866
1035
2946
977
1111
225
285
236
424
507
505
411
1479
243
1005
858
824
1391
422
2414
1597
285
2802
400
13
228
770
390
1571
759
9
375
260
2189
2031
2385
72
369
1810
1076
658
729
325
1586
179
943
931
544
620
1548
399
655
1761
235
118
414
764
3736
1397
1927
1158
192
266
270
94
1175
128
278
1657
2053
920
2353
2130
3649
679
369
2012
54
1292
1386
1658
662
1518
401
378
1641
767
1973
136
2599
155
4685
2506
2391
796
841
2100
2547
1665
590
145
1078
34
1942
2839
90
774
78
584
1433
301
3726
398
1110
846
93
2936
1235
453
190
85
995
5
565
703
1057
216
1654
719
873
5577
1256
25
147
40
547
1188
1952
5916
68
1871
1360
501
387
839
535
485
811
570
2540
531
748
2784
1018
621
1669
261
4554
1169
244
1155
374
644
2726
261
2059
3387
278
582
1074
362
2295
379
987
654
1511
636
1559
156
370
1182
155
444
116
965
76
1241
312
438
1135
195
670
1955
261
35
1010
5065
585
225
1123
458
851
7
342
1434
654
629
317
296
537
1975
308
219
164
56
855
119
1523
556
529
1022
439
598
737
585
513
301
2633
431
161
56
3271
492
67
292
76
1496
343
83
2686
48
724
776
1529
5277
1224
319
659
1650
3143
557
1931
1363
431
116
103
3213
257
1201
2372
99
457
336
602
141
907
166
560
347
969
99
1450
2574
812
209
873
82
2098
2266
509
667
715
285
1514
864
305
32
399
442
409
883
487
1575
2066
903
229
1255
904
2461
4
824
1430
2265
51
1103
1538
26
195
551
184
1831
445
486
310
1860
616
1446
1038
499
3747
819
394
1055
478
971
102
507
1392
441
499
5828
298
544
3070
5242
379
1027
108
506
30
61
9
1676
1284
1967
1304
246
612
938
209
721
3430
15
676
675
198
49
2213
287
312
3090
454
1347
482
812
807
1260
443
651
261
23
593
604
1874
1597
1087
1612
880
453
847
430
279
195
277
1843
807
555
118
980
81
200
1021
1573
2
31
759
601
1960
2565
680
486
3720
676
335
20
1246
1469
1445
1982
207
204
1074
193
856
1630
57
271
94
3478
3718
1378
1259
471
396
44
1803
1522
902
414
151
1587
219
789
1802
152
3750
465
2533
540
837
2707
477
270
3598
2303
2075
100
141
1887
823
1110
5488
1047
1146
880
521
741
1522
23
1341
26
176
601
62
1739
2414
466
1674
579
242
2816
1481
489
38
951
3549
898
79
120
472
109
490
153
613
2070
297
2840
1144
2577
372
492
585
445
160
225
416
114
1564
654
393
529
1393
510
938
457
343
81
701
2961
996
68
1836
1869
569
241
1229
366
1521
1212
263
213
881
1512
683
729
437
232
202
30
88
495
889
52
2724
1967
400
138
101
248
2199
213
567
32
3255
172
1733
1068
882
1367
3167
162
82
153
545
625
975
526
254
1296
282
381
463
552
207
1633
1055
1181
5344
999
298
2679
84
529
469
2790
522
895
4419
1348
77
2175
1013
430
2009
1298
1756
1834
