110
15
12
2
92
77
1
7
200
20
61
225
182
1
18
104
50
17
1
133
8
271
234
3
250
240
157
244
49
16
200
41
13
11
38
17
182
137
3
48
262
236
1
138
38
67
78
246
3
39
2
9
46
8
9
115
6
76
19
48
4
271
2
7
55
5
19
43
250
3
8
2
6
21
210
152
18
12
34
22
50
136
127
39
178
132
1
6
1
1
161
17
155
155
151
172
31
26
34
257
57
175
87
166
8
140
42
34
45
46
1
277
165
29
19
145
7
150
2
75
12
101
240
1
80
39
272
21
211
82
162
18
97
101
5
2
90
262
55
13
3
145
184
3
14
38
33
1
23
93
40
54
11
87
36
145
1
6
120
26
13
42
30
133
108
3
89
10
123
111
298
66
18
7
8
145
9
93
48
156
3
229
5
5
1
14
54
9
30
2
271
202
15
13
12
2
47
95
101
6
62
2
213
1
75
58
5
216
14
5
41
37
210
167
1
4
96
29
29
167
2
12
39
3
1
1
35
11
196
2
84
12
2
196
1
29
3
75
6
13
191
127
6
29
5
50
282
4
21
86
70
39
9
1
56
220
15
16
15
16
183
1
69
210
5
11
152
15
191
5
17
1
2
2
90
4
28
16
42
36
102
21
14
87
30
176
2
65
3
50
55
1
114
22
119
9
24
1
119
236
7
211
2
86
41
7
2
12
5
12
1
194
1
178
42
74
1
181
41
142
2
14
141
26
86
141
260
261
38
173
140
1
2
52
75
5
114
44
264
56
296
73
102
1
145
3
89
244
14
15
183
109
11
10
3
147
83
276
69
26
1
234
12
10
26
88
1
109
56
1
36
3
1
2
102
112
173
9
4
2
140
11
45
23
31
65
260
110
190
6
151
13
24
26
10
10
51
81
140
8
2
1
46
68
94
10
1
29
10
146
38
3
214
239
74
24
112
131
3
14
18
174
2
4
2
9
147
57
8
189
151
35
64
103
5
46
1
5
18
1
259
8
7
48
13
87
51
6
218
17
100
1
16
12
34
288
15
51
83
84
283
5
6
1
12
3
20
140
131
27
45
13
182
7
37
75
14
1
18
3
5
59
123
36
1
30
65
148
45
78
40
124
39
1
167
118
9
3
1
283
226
42
99
114
1
16
234
266
42
7
170
67
31
123
15
86
5
4
2
27
234
41
7
89
4
110
14
132
4
3
1
1
195
1
261
52
2
69
98
15
1
4
129
53
3
5
29
6
1
6
98
4
1
63
117
3
2
227
2
66
86
15
64
28
14
41
117
147
11
12
90
6
107
2
112
259
219
6
1
2
123
260
6
231
7
68
12
69
184
90
210
5
2
4
7
2
130
3
6
264
88
254
75
266
4
89
155
162
211
247
290
120
13
1
9
11
1
185
20
30
163
1
1
13
154
192
194
13
6
5
2
24
241
255
46
30
49
70
125
68
138
1
51
1
67
1
143
10
8
163
98
4
166
123
16
122
5
173
2
1
25
27
4
83
24
47
5
14
11
7
226
289
62
12
30
204
1
268
139
133
5
10
2
15
18
4
283
160
109
1
23
88
10
5
2
97
163
3
289
249
24
38
15
11
1
22
13
8
208
90
4
5
80
105
34
122
29
64
95
94
193
17
260
67
116
105
32
202
28
183
208
164
79
72
188
12
23
195
63
1
265
31
30
19
185
40
71
119
163
155
27
11
4
90
170
241
134
15
2
182
49
103
197
91
3
18
19
10
96
1
1
19
3
1
10
261
77
238
164
67
294
5
151
2
5
2
34
5
24
1
185
1
7
29
253
2
6
1
1
26
34
1
12
6
21
171
6
118
10
4
57
18
167
44
3
154
7
14
284
119
24
2
27
3
43
236
148
98
25
1
11
2
54
66
24
60
6
254
70
16
282
115
59
204
1
77
29
199
2
2
80
37
132
2
84
13
4
5
1
3
1
4
7
1
6
14
1
80
23
195
139
138
1
14
259
71
57
19
37
147
105
5
12
3
200
14
14
9
1
178
31
105
47
53
212
9
161
1
41
197
33
3
50
152
27
12
150
63
12
108
4
11
4
2
204
19
48
6
14
10
45
10
220
1
65
66
228
4
1
22
48
74
280
7
6
91
45
235
257
5
14
2
160
1
1
8
33
15
38
54
6
116
13
73
277
1
13
208
4
96
15
15
34
3
1
2
263
84
1
2
18
35
83
7
6
170
1
37
137
8
3
23
5
4
10
64
175
169
18
68
290
266
4
232
6
227
1
97
47
33
67
32
1
27
232
30
277
32
7
40
164
14
1
6
2
7
10
114
3
203
293
23
224
8
274
112
260
149
73
249
7
27
1
15
227
3
88
21
274
68
10
16
1
27
52
4
200
143
8
41
23
6
69
15
71
19
129
295
1
18
187
2
158
74
248
10
63
1
107
1
12
6
84
38
67
