1
1
78
63
10
17
12
230
179
40
6
19
1
36
9
26
22
10
12
1
24
69
24
1
17
92
2
36
269
141
49
57
1
5
98
111
118
203
233
47
2
96
19
156
1
6
27
8
34
22
30
142
207
246
209
63
267
11
2
1
22
1
37
1
106
229
1
27
127
40
108
32
253
1
281
103
1
1
27
54
210
9
1
87
25
3
5
2
3
2
91
15
29
184
143
8
31
31
162
12
77
27
141
207
33
1
6
58
295
6
6
163
1
4
24
4
6
30
107
9
139
7
174
201
101
22
47
1
3
168
4
286
2
5
142
155
4
20
48
185
167
13
48
82
83
15
21
152
119
23
16
9
48
269
14
39
36
63
200
23
4
15
51
192
15
33
2
1
9
2
2
61
68
8
1
3
4
39
186
4
7
14
174
83
176
39
2
42
149
121
99
2
110
96
1
2
40
40
229
37
25
91
182
1
201
37
288
49
43
89
67
11
143
16
8
91
12
27
41
172
6
2
231
120
299
67
160
53
2
121
3
1
1
249
107
76
19
102
24
5
13
91
130
191
279
2
9
241
14
70
1
82
20
5
24
254
29
81
81
159
140
125
1
4
2
296
2
62
297
268
220
134
12
223
26
35
165
185
105
6
14
12
5
19
30
19
58
11
1
92
115
126
226
122
4
1
1
55
1
4
36
68
99
69
289
2
4
18
1
188
1
36
299
270
131
21
1
33
255
25
235
3
3
25
175
190
44
59
26
230
266
132
250
86
258
274
7
1
153
40
19
4
116
269
178
22
59
1
4
12
1
32
1
167
266
188
104
20
15
260
3
291
11
27
289
27
104
2
90
15
71
6
30
33
5
34
10
1
36
11
42
46
5
2
106
38
44
52
28
106
281
274
179
34
1
2
8
1
107
249
7
54
129
71
281
37
83
5
210
41
135
7
1
180
8
184
91
8
241
107
77
17
3
14
155
90
2
27
5
255
217
3
66
1
282
103
59
3
104
10
1
112
118
146
88
25
183
92
36
6
1
289
2
170
92
81
4
103
29
6
235
23
91
31
75
152
1
46
267
3
97
15
19
6
227
202
96
39
63
5
2
2
1
136
4
1
37
85
7
9
144
17
4
3
104
2
189
23
50
110
134
18
28
101
2
1
128
183
16
49
23
224
275
59
30
284
269
246
44
214
146
37
1
128
20
14
124
145
4
43
1
33
8
134
32
18
35
73
68
8
1
86
5
104
48
243
286
32
249
139
1
1
47
3
1
2
2
55
66
64
265
220
170
73
208
32
4
46
14
1
10
176
1
248
44
27
205
5
67
8
1
124
2
18
74
212
6
15
11
146
2
258
4
1
1
46
206
73
205
77
89
3
41
51
13
87
21
46
84
46
20
6
21
185
224
122
1
46
30
224
8
45
199
34
112
24
1
85
2
25
282
23
1
50
18
5
6
23
1
42
131
109
4
105
289
141
7
128
30
23
2
186
159
24
34
256
12
3
240
31
7
98
4
13
197
295
22
2
8
1
237
1
95
16
99
4
4
227
1
2
1
127
61
3
35
3
16
46
32
165
5
1
1
41
9
11
181
4
82
43
276
7
2
2
2
13
74
53
7
46
121
18
3
17
112
140
266
4
2
51
240
138
7
43
11
28
10
249
70
268
95
1
72
2
22
10
4
234
11
2
65
93
4
1
4
64
6
25
7
8
3
20
74
2
10
123
2
2
65
43
175
1
2
59
42
39
113
228
6
37
8
2
38
94
13
98
289
1
150
57
300
58
17
1
5
1
284
2
4
167
1
101
58
52
5
2
111
21
229
223
70
18
19
13
5
5
87
3
234
11
240
59
1
11
15
13
153
64
162
18
142
14
12
147
1
17
70
21
91
1
192
4
289
54
4
45
170
239
5
28
171
3
281
83
4
6
47
61
7
30
62
43
40
106
196
1
55
61
34
13
18
80
5
10
1
150
3
78
14
183
182
44
28
87
224
5
83
19
1
289
2
16
144
70
16
230
25
9
7
13
147
1
74
129
208
30
55
3
33
1
6
2
133
27
110
98
41
232
3
71
258
35
7
4
3
1
196
20
5
140
36
280
180
1
22
19
145
26
3
100
1
202
12
60
3
293
45
9
13
5
108
99
3
48
117
39
12
5
128
86
128
3
159
123
8
63
1
207
296
28
70
3
1
113
13
1
76
95
11
4
163
30
162
114
1
78
7
14
144
47
37
119
4
1
22
270
42
2
248
25
165
86
14
5
1
290
17
33
1
158
153
145
49
28
3
135
3
68
1
29
16
9
7
49
2
165
12
2
174
11
59
27
12
5
7
2
26
24
102
22
54
14
6
1
70
114
37
1
18
39
201
7
159
183
126
3
124
159
13
7
37
111
2
220
48
1
254
168
125
22
118
2
165
8
5
7
18
10
1
3
1
5
45
123
65
