185
169
87
8
104
2
19
22
278
10
214
5
10
1
196
16
43
8
39
177
149
3
156
2
189
90
184
41
139
282
89
204
10
27
11
1
153
84
203
23
20
1
6
5
269
21
126
1
217
165
291
118
26
5
2
27
1
211
16
290
35
4
68
250
7
12
177
23
1
106
13
22
21
1
4
143
6
24
212
1
21
5
3
19
17
33
172
183
1
125
22
40
27
71
31
56
43
5
25
3
1
262
16
171
119
6
16
44
173
231
107
2
44
64
30
88
15
7
7
109
206
21
2
4
6
36
9
35
2
179
71
1
76
191
38
54
72
1
21
95
1
58
194
21
80
281
14
9
41
33
205
18
78
61
1
12
136
35
1
67
8
91
4
30
62
14
3
60
60
16
227
200
142
6
1
273
53
5
7
171
105
7
31
55
1
289
22
34
58
1
247
122
32
1
20
9
47
105
186
38
6
46
98
28
85
5
12
182
231
15
119
7
37
138
21
1
262
3
17
131
6
195
45
114
3
292
45
53
2
142
50
9
4
275
5
1
140
22
54
193
226
2
3
97
14
69
1
295
1
88
299
76
2
39
182
197
1
96
1
2
67
18
28
35
121
26
4
163
72
20
81
1
4
116
2
4
11
91
122
29
180
12
118
17
7
70
27
181
43
44
146
40
123
8
9
7
22
198
8
124
18
38
11
223
27
8
18
66
7
3
2
84
1
7
9
45
1
1
201
3
293
3
65
103
26
25
12
15
39
271
1
107
170
3
2
108
92
65
134
79
5
21
3
116
144
21
2
127
31
24
15
81
73
1
98
14
262
189
1
10
66
233
102
275
262
17
31
27
1
102
108
134
1
36
3
5
2
10
35
282
3
15
161
216
11
234
6
8
48
14
69
109
57
45
5
1
199
243
82
43
168
1
192
19
130
11
232
171
150
244
96
157
275
67
195
3
6
57
73
106
7
296
115
5
6
28
70
36
227
256
17
13
198
69
16
15
55
188
33
14
298
243
129
2
23
3
41
71
116
34
60
15
1
247
3
78
11
1
155
120
33
4
2
73
8
85
2
3
71
51
5
88
10
209
85
4
129
2
92
161
2
2
241
33
104
2
28
51
159
83
2
227
149
268
274
7
201
4
47
70
196
2
22
140
13
102
5
132
1
128
4
33
16
140
16
5
23
276
17
224
110
67
10
2
4
13
285
1
44
1
266
36
17
74
2
13
242
22
6
4
6
18
166
1
171
33
81
240
4
5
254
8
6
3
4
31
184
19
4
97
142
20
1
11
6
1
23
226
129
3
2
74
103
16
21
85
57
189
88
34
263
240
17
5
2
100
55
35
2
44
79
37
3
96
7
33
3
6
17
4
93
116
6
2
143
1
1
100
4
2
108
125
126
5
12
52
6
6
1
2
18
6
1
22
129
4
12
26
1
8
88
16
3
9
92
102
68
11
1
53
298
151
1
1
43
3
2
184
17
26
12
60
49
279
176
7
9
5
153
1
41
269
89
16
2
3
15
163
77
4
55
59
1
265
22
113
118
26
2
1
71
192
158
170
240
186
129
18
19
58
52
167
7
118
222
72
7
64
9
1
4
23
1
21
5
149
126
118
114
66
3
27
14
9
283
103
1
1
1
81
87
14
1
33
116
103
15
189
18
7
163
1
6
233
205
180
88
4
229
95
37
41
255
6
1
13
279
1
3
2
6
6
12
11
19
48
144
245
3
1
21
11
50
60
16
1
202
6
49
107
180
3
9
43
265
235
35
8
1
95
17
143
17
2
2
291
88
115
83
35
128
1
203
1
4
100
226
9
32
267
289
7
20
8
8
83
108
4
6
130
174
87
207
24
1
2
24
75
129
3
100
126
3
10
12
27
49
30
162
4
8
125
40
5
9
121
31
245
11
11
10
2
149
45
25
66
81
146
16
56
12
288
245
195
1
10
4
4
91
3
83
2
1
8
187
16
47
96
55
124
52
262
94
139
114
29
51
11
48
24
113
5
265
97
8
81
21
225
22
181
90
4
76
60
2
73
1
92
5
101
65
121
44
178
21
2
13
3
16
30
1
10
1
65
46
253
102
12
39
28
123
16
256
162
202
60
12
85
104
138
6
203
27
68
194
5
177
227
10
3
1
92
31
16
105
45
5
4
166
93
1
7
4
45
212
5
27
121
34
187
1
3
23
21
69
278
25
7
2
2
46
1
9
207
6
50
13
165
2
1
137
52
142
62
128
3
142
3
3
2
1
170
206
6
19
2
44
11
140
68
36
29
6
127
3
44
1
167
97
13
84
152
1
207
16
5
3
62
180
68
12
180
1
157
22
9
9
167
71
2
2
4
10
3
95
54
8
214
7
1
6
10
49
82
141
1
298
66
13
42
20
33
4
5
1
3
71
1
2
70
156
67
197
20
140
20
37
39
266
106
54
85
35
27
32
