121
1686
876
1078
1892
1272
1169
1183
29
358
34
2038
4323
2649
84
151
2085
207
299
278
329
54
0
1100
1546
656
192
178
679
98
114
4543
1468
275
4091
318
930
267
795
671
0
3166
3
655
1299
540
332
428
656
220
89
837
193
319
24
819
692
554
805
412
849
88
185
211
424
792
4102
1696
316
2109
2105
275
325
1876
310
154
756
444
818
1054
1622
164
194
145
838
2833
6
96
12
1383
17
666
72
225
406
36
233
2580
386
503
430
520
415
748
281
2877
617
1263
1136
3313
775
776
1360
511
252
2675
1318
450
1893
1202
3775
48
1221
3327
869
2908
295
611
313
1180
1316
2822
1514
2030
387
1479
1171
291
1367
845
160
93
774
790
674
717
286
1250
734
1189
3391
1265
166
585
963
484
2473
2299
614
390
2657
44
1152
737
3430
341
2771
1258
2946
607
94
98
8
162
1300
597
966
2160
251
1115
664
1800
1490
571
31
1314
123
979
131
242
184
362
2183
2606
222
2425
341
213
8
1320
55
709
544
1359
2309
566
22
11
579
306
1689
1522
60
182
247
1693
17
177
208
348
1778
50
519
862
192
392
1402
1045
545
1118
461
202
320
504
323
49
1312
289
2396
150
739
607
97
733
279
710
188
184
66
472
87
325
316
482
11
2585
1667
42
147
416
139
307
3212
1035
27
531
2474
2434
3022
81
1043
1832
1292
605
1569
2047
178
167
365
217
16
1064
181
333
378
861
778
2247
2747
769
1604
185
1948
1545
244
1713
800
246
881
1344
519
7
890
164
3236
265
1106
589
1741
839
1397
2561
760
182
393
1005
2152
546
1240
495
342
2259
643
807
275
8
196
321
643
2346
1191
2605
2425
2389
108
189
312
609
49
120
38
1938
632
935
51
492
680
829
226
802
1810
518
984
180
1717
26
1020
1381
262
91
334
439
1105
1024
829
387
1198
1299
898
214
1357
68
622
393
885
421
461
134
1656
2054
13
895
2174
232
402
1171
660
645
649
1453
1878
1554
426
602
1621
672
110
551
1352
872
167
1105
1896
91
814
1028
1572
1809
2131
89
1338
124
1859
753
466
778
1252
510
1939
1977
2280
1825
648
449
1792
97
689
114
235
183
646
116
416
95
1393
140
1339
2686
501
1759
229
1298
500
571
11
766
1167
47
191
783
513
609
1047
247
247
657
349
378
1162
285
223
292
232
55
1529
149
204
401
2132
682
370
252
1084
195
438
645
1152
3912
388
117
757
296
1599
845
434
652
354
30
294
236
390
556
443
30
1395
473
1580
2356
2753
439
142
190
387
25
675
1397
1202
406
554
298
729
1815
137
483
1432
1346
4
976
132
1271
1292
226
3223
558
234
894
491
766
846
118
1309
126
129
1025
170
441
1321
1725
1985
1315
718
647
172
148
2677
477
186
11
1866
1078
44
2830
281
933
691
3274
1295
1340
928
4888
1335
1553
805
1768
976
455
3985
385
1013
181
4589
1699
543
843
1060
271
172
635
96
1193
3174
424
1421
63
1094
87
298
950
928
435
1313
726
1546
93
562
1208
690
993
566
210
421
2024
224
524
1958
117
455
98
1311
3431
1136
67
2971
510
1590
1160
51
1860
2841
83
142
1985
656
626
666
238
2527
1639
4814
1360
218
2068
1113
873
195
1956
268
866
1628
322
233
3346
404
32
2193
402
511
305
604
735
479
104
60
1094
1183
642
5444
246
1827
2656
506
1448
1940
485
2985
2020
475
3470
514
3389
170
495
1385
124
87
36
348
1241
4906
280
116
2493
232
369
178
2601
518
1826
3090
328
1288
2585
879
1426
1037
2795
2169
143
1163
771
1567
861
1073
71
506
245
1814
2661
1936
559
152
671
96
526
2257
1007
56
67
780
1624
2234
261
720
4097
270
1091
271
44
695
162
1579
169
44
24
521
1185
834
1193
1057
309
654
422
559
4018
199
2019
778
1120
729
176
494
325
3510
194
1463
664
211
1138
4992
200
1147
936
1321
795
831
704
1103
1794
491
142
596
4066
210
550
5355
100
454
1207
3085
794
1090
305
41
682
91
793
454
629
343
876
264
26
435
225
807
420
136
473
651
194
800
1445
25
739
237
77
108
2576
12
3024
972
165
676
1429
79
517
1204
434
388
170
365
1283
3051
131
34
2899
934
56
90
1102
319
403
2440
180
1004
1536
354
1761
1288
1390
360
1667
1880
110
420
1619
2625
18
333
1470
346
565
1334
524
902
168
1424
380
10
826
1518
2537
2001
829
424
440
323
26
61
840
529
1056
2817
540
1761
1742
577
9
2996
546
1648
941
362
745
2307
431
522
953
230
328
144
1411
45
546
2280
1321
427
1542
1503
2960
3662
1558
879
17
886
936
1764
144
3019
311
1934
746
2322
171
69
68
957
165
862
642
577
2234
214
1014
848
1733
188
511
2726
6217
2240
6
1928
1195
736
269
2088
926
1168
1335
5017
261
987
706
118
970
524
1169
2386
393
99
175
2172
1329
189
0
1365
88
1254
40
526
473
1762
4354
4908
164
5523
265
211
280
1366
1336
4723
516
380
260
869
342
214
1535
324
2552
256
1622
1022
603
605
94
221
1444
1253
478
915
853
857
307
483
1929
1732
224
121
2531
910
1143
6
348
649
1885
1106
2385
909
2069
923
733
1470
4797
2475
1895
1514
1804
1020
823
71
1190
107
3347
108
794
952
906
1585
569
893
1138
838
2239
376
599
605
554
271
1721
386
963
1422
841
68
604
612
1960
892
323
602
1562
457
103
2471
592
1215
1021
169
2033
977
2836
682
7877
127
454
443
4236
3253
2302
711
430
776
