265
23
548
30
480
1181
98
5312
1490
2234
3236
839
807
19
36
272
372
347
851
806
1405
242
339
12
340
193
4256
271
3588
473
170
858
1571
161
2231
2004
78
493
290
198
1036
76
1270
1979
685
163
1054
325
634
881
870
713
2395
492
1011
5891
983
374
1028
1106
1840
438
1878
2444
23
851
141
1610
1229
473
220
2624
735
181
2852
175
437
468
64
2143
982
806
877
2362
56
573
668
2583
1027
1238
394
588
723
186
329
996
69
291
60
1337
2839
3955
112
15
457
1349
220
2691
348
3768
28
219
783
312
1678
858
918
1152
149
654
338
664
1699
3272
910
1717
757
1060
796
1067
1365
87
282
319
2005
1234
906
77
2833
2939
1531
1861
1160
5
1334
709
29
1372
986
19
32
756
167
1562
103
1408
32
177
19
655
1643
309
667
35
860
796
206
1446
1491
2858
380
1987
1818
2220
330
356
2095
1766
693
1993
512
234
977
773
280
1200
73
1273
250
502
372
514
1136
230
323
944
110
1011
409
4036
89
208
126
644
1100
136
1709
302
4063
554
339
110
1169
466
249
413
210
989
203
1300
584
1093
59
1946
652
426
1798
3255
1317
738
1839
521
297
3678
2928
233
2301
673
154
850
520
2593
1688
349
310
2124
327
1902
284
199
304
1255
193
467
722
1895
1493
2246
1777
454
568
1215
66
90
2081
1810
295
2443
87
62
330
689
364
289
1368
2342
113
1257
688
151
120
1841
699
770
1
1827
1990
275
91
2752
212
91
122
959
1006
1193
1403
983
2174
716
1043
2286
587
24
3119
2269
224
358
585
256
1346
402
1809
226
699
70
1988
1043
1
2091
2131
4071
701
975
551
98
273
15
523
4434
795
5235
2354
711
589
247
1280
434
324
1003
1300
39
1389
576
182
978
2510
617
320
411
1842
233
487
1176
484
269
401
35
1264
108
1748
1923
225
1869
1171
830
3954
1028
3214
278
1069
357
596
2076
32
1389
58
188
1243
1314
352
428
371
265
733
1521
1379
1773
930
970
35
438
623
1313
552
1919
421
445
1374
382
608
1529
329
2712
434
921
497
2020
3039
1225
2635
1788
1286
536
3155
1964
431
787
3725
280
591
212
126
2190
704
537
168
645
274
544
116
106
412
1889
581
1266
1443
1693
214
4201
1820
1229
539
133
246
428
209
3442
389
1726
359
500
928
89
310
1676
736
892
439
1748
4378
2655
329
679
703
832
1453
489
549
1466
642
791
1074
566
656
719
26
495
247
2057
3445
828
759
1109
1668
198
986
653
566
1946
343
401
740
1410
420
256
301
1517
1560
3457
2100
70
71
267
1771
863
1087
159
1439
1373
917
1017
631
1950
1083
1609
191
1308
160
920
828
321
196
2214
1404
139
515
2515
1254
56
2349
3142
28
107
34
775
116
294
370
2976
1284
415
435
2611
2592
546
1791
64
2784
878
305
6210
909
67
638
1037
428
3645
979
995
1086
116
722
634
249
1169
1169
2515
276
1867
605
748
131
1192
707
266
1276
542
469
435
175
242
517
3555
917
41
448
3092
732
225
418
1095
634
1432
231
1449
1940
708
2648
1710
460
1117
267
1005
1692
129
4506
1604
138
1020
143
5710
213
1128
188
1624
562
28
483
147
1305
1104
1416
38
79
2476
708
906
2779
520
1125
3202
221
2043
57
104
2182
1205
4180
5312
1932
824
3487
414
1381
854
3017
95
443
405
420
2652
532
1820
462
419
380
185
719
276
1214
316
492
909
497
527
1022
991
3249
324
719
190
1722
2888
164
136
3923
369
2393
209
1190
183
1945
500
168
2268
2
885
4646
2651
2841
2945
3183
393
237
1172
123
678
345
5815
161
1334
2594
953
673
2729
519
800
98
389
769
983
1522
1483
231
927
843
203
639
376
120
973
1599
24
607
3190
935
1012
739
308
2822
192
981
42
1421
1875
300
2842
421
453
1292
1577
769
150
188
890
152
391
1334
1383
1378
113
153
69
688
316
1197
14
3444
202
1472
308
3963
690
472
1187
404
1669
3413
1036
1059
56
67
1060
781
243
329
239
319
1821
860
136
676
392
846
205
284
3585
483
296
412
3704
265
722
1522
373
71
1
262
1375
970
182
328
415
3310
2423
647
411
1684
8
123
494
214
320
115
2219
69
758
51
692
1576
2166
1534
174
1823
788
530
928
1533
992
4017
128
171
1473
17
51
3620
1891
2070
1304
256
181
76
410
434
2065
303
673
164
1575
1279
1017
4021
1545
59
483
92
233
41
183
1268
1344
1480
349
62
27
3413
89
397
931
1103
2551
481
2984
295
125
805
1005
1302
1857
474
1979
65
962
1526
2649
1264
1321
65
1070
398
264
3446
408
1106
535
1114
682
235
1165
341
236
582
1296
91
346
2095
915
922
577
1332
583
390
727
61
435
409
770
1742
464
365
714
903
578
1958
947
328
880
410
4900
125
1387
3429
51
52
289
425
1745
901
780
1053
2403
1246
1693
844
3950
100
18
251
1942
753
1243
191
52
309
978
458
10
306
993
547
2873
795
114
309
387
202
125
725
2558
187
1020
381
214
1145
607
1123
1611
4867
1944
1271
1152
174
568
722
80
1020
738
330
124
999
2257
811
441
1382
2316
432
3378
170
2696
379
293
11
2927
943
219
725
436
199
221
394
237
328
970
470
1380
2437
501
1522
1321
887
1558
1519
1631
342
2972
1532
2646
783
3932
169
445
183
82
103
447
1040
19
115
1266
259
1252
179
2461
222
330
352
109
304
1217
219
1682
220
730
3175
719
54
2165
1083
500
575
67
6816
3394
1637
2755
1451
21
418
436
106
109
1901
344
233
