4340
1071
2431
909
1076
209
339
839
685
888
1456
1581
435
54
2555
2384
1619
972
1117
875
327
848
830
1132
661
1017
4031
944
917
188
280
924
598
396
75
1661
833
2518
421
937
471
1044
624
675
155
1945
296
1124
411
176
436
1366
216
19
33
876
2357
952
294
1579
1603
1382
1286
33
57
1477
117
294
724
655
2132
132
894
636
150
2032
1205
143
32
1134
1231
1190
156
143
1154
434
231
541
470
411
225
4
465
167
76
831
4420
665
596
206
82
325
1751
2100
3178
1803
508
129
356
522
76
1168
1815
1367
1542
294
39
742
426
556
667
443
260
305
1564
762
284
1409
680
2195
41
3353
371
717
426
701
439
277
460
234
1813
539
210
526
3263
431
248
691
56
1518
483
318
2275
541
1009
36
1942
979
993
853
28
1699
752
5152
1071
91
1574
229
587
1498
2242
209
2174
399
258
1506
1451
1239
2676
225
473
359
147
919
568
289
679
55
1233
2473
2726
176
640
2724
755
2049
1145
53
253
300
27
298
96
604
1107
3
3225
262
729
1407
1186
372
57
105
640
705
1082
345
1326
518
53
545
280
882
718
1408
233
2104
42
68
110
214
1480
1677
546
2110
1091
1996
356
2863
499
1120
148
1806
15
643
1649
3112
4321
1219
1965
1670
632
769
170
71
984
3735
251
95
4774
229
1557
906
217
1813
496
2706
761
221
2423
775
1061
312
5813
3881
763
1747
723
3091
386
966
355
1555
589
396
986
576
3731
254
544
101
268
2402
3417
1026
1074
532
986
1896
212
2423
702
702
100
1500
2236
1274
547
1488
420
242
815
1921
49
731
1762
1680
227
144
79
1920
540
2190
86
2913
1618
361
241
505
1305
296
1365
1040
2899
171
2962
765
140
5
624
2426
3203
4
893
1161
390
1422
152
519
1502
1426
1312
143
2522
975
7
384
2112
357
842
479
232
201
2134
737
2818
158
540
657
3732
742
1681
667
918
1587
561
105
391
762
630
1616
641
423
191
361
328
767
784
215
522
780
1096
1339
195
1923
1303
211
532
913
1183
1046
169
2120
5030
205
1960
1847
1229
1
594
866
690
328
2925
104
1670
1380
1534
3929
213
1705
1536
1865
633
284
1481
500
366
3140
182
401
433
925
221
631
1883
131
1386
6453
1936
28
22
1614
3230
652
641
1075
1216
1152
911
156
232
331
413
1231
128
709
9
880
2231
24
4143
357
73
1735
1412
33
978
188
9
469
1002
325
2096
205
527
895
1692
2146
412
3267
2020
865
1712
1682
226
4147
1544
932
1123
609
186
814
1972
1107
170
1466
712
4810
928
2249
433
830
369
1482
1496
1282
416
1823
1839
3064
517
2663
6588
1170
461
745
421
164
987
342
1354
1046
1279
32
248
1847
237
116
96
1380
912
582
402
506
970
2
141
1017
531
595
2012
1206
2027
3486
744
5
419
890
820
1596
463
696
347
180
60
55
1433
889
237
2490
272
814
827
749
246
2691
613
355
1013
1370
77
38
959
458
149
375
556
525
21
360
691
1992
2117
683
861
575
698
545
91
407
1351
898
1348
772
34
1100
2181
436
2517
255
433
410
140
577
386
244
194
1198
241
458
409
642
190
923
1078
2368
870
1324
523
1519
552
444
1440
801
1843
1518
1900
248
56
324
617
3619
155
328
479
75
151
1599
1957
1739
326
275
1514
141
529
517
744
89
385
220
297
303
1220
1095
303
131
312
132
150
29
982
329
339
1325
11
623
662
751
674
2490
1889
960
912
397
1280
283
916
524
1353
726
2167
96
904
1895
446
284
3068
3528
977
601
758
1791
1078
1446
467
1317
709
25
796
657
831
1202
72
151
1273
2123
644
1716
941
235
3292
4694
400
125
3348
1460
1195
39
708
1722
315
362
197
2319
2826
993
103
3638
217
43
941
1345
406
72
764
238
292
2680
1600
121
1907
1167
665
67
659
1753
79
872
1587
862
1842
1122
3036
193
1154
2040
226
92
431
480
773
786
4024
129
2179
160
969
1331
412
137
2581
592
951
3701
553
2366
210
3786
1180
1684
238
537
1495
200
716
842
278
110
234
358
264
1721
599
411
1585
63
194
81
500
813
1870
470
304
107
510
1496
1637
677
171
1054
12
1496
738
1791
1631
5519
329
274
1210
376
292
1655
303
2740
1509
762
751
1019
2111
379
405
1882
227
2073
1069
578
777
131
626
1333
923
259
35
179
887
793
1731
1374
1186
280
113
2019
1933
76
9
303
1823
515
197
463
1926
2001
720
1597
302
588
3115
3427
144
24
160
2316
1248
1172
1281
1393
1808
382
312
243
2180
327
148
2753
2421
727
3009
70
164
1219
784
281
1675
899
1094
609
1187
18
271
261
2556
194
220
714
528
1479
289
1179
1845
437
388
1588
1284
287
1432
96
2547
919
12
322
73
69
423
1093
153
198
1386
452
446
2209
761
368
1889
954
521
462
146
608
2183
905
1354
172
415
2055
77
1732
3094
589
350
665
303
69
226
179
139
173
601
1317
3
225
318
611
158
86
1362
13
3162
458
166
1737
271
1453
1786
897
970
2173
1364
23
1578
404
1941
70
113
679
2041
899
1699
295
76
809
38
2418
1509
105
646
182
902
1078
746
231
641
3472
4527
80
2951
122
424
1238
976
1574
608
409
585
1468
1681
571
10
1139
172
1335
223
190
353
540
573
822
646
1019
690
474
64
5
1974
587
1120
870
314
843
1168
1764
478
1381
613
1054
2591
997
916
141
2179
1756
170
160
1022
120
145
625
2100
116
2573
41
875
242
1580
245
828
1906
484
1302
454
931
9
988
82
