11
13
1
3
1
77
11
11
34
1
3
4
4
26
3
18
13
6
1
4
1
5
3
26
9
29
46
3
1
15
59
1
32
3
4
60
13
8
30
14
2
20
4
10
18
6
94
13
69
73
1
68
80
10
9
1
1
1
1
25
23
28
1
4
92
14
31
12
1
86
4
59
54
1
3
9
1
75
40
27
12
1
1
12
87
74
1
62
1
19
80
36
67
79
3
1
2
2
1
53
80
56
4
2
34
64
3
1
12
16
95
72
48
11
44
11
35
1
15
78
81
2
1
87
6
1
29
48
9
4
7
39
1
15
1
1
1
2
5
2
19
30
46
18
3
49
46
11
8
41
5
2
1
4
1
1
50
5
9
56
4
1
22
1
10
4
3
35
2
3
6
2
38
1
7
52
1
3
1
88
27
10
2
5
27
1
42
34
6
1
3
29
1
31
1
58
27
9
1
100
