6
85
77
119
1
254
9
395
98
155
50
110
88
30
3
110
1
46
1
93
82
437
2
298
278
92
97
312
54
60
483
34
4
8
53
89
7
112
391
121
82
188
116
2
38
375
93
7
29
15
13
141
61
19
57
447
18
8
12
124
3
36
328
161
45
108
277
1
47
90
229
16
128
140
2
5
378
473
19
7
308
5
257
437
82
75
11
365
1
472
59
202
60
475
2
362
466
215
33
341
3
6
10
24
28
411
2
341
71
1
14
139
106
26
416
369
1
42
26
169
179
5
24
9
371
202
171
81
4
6
36
46
188
5
25
279
6
103
275
4
13
50
447
10
306
195
133
193
106
383
6
21
3
8
5
11
13
51
75
11
191
1
3
1
313
50
721
19
357
64
11
654
468
33
227
672
82
18
206
23
575
3
48
88
8
6
2
83
158
362
354
239
89
312
9
488
159
784
66
17
26
262
2
188
50
832
1
459
42
330
12
960
7
110
7
988
97
1
183
797
200
25
997
204
200
100
219
4
123
105
297
34
61
40
3
9
27
2
257
19
13
133
5
221
43
1
17
560
330
231
162
342
2
75
14
41
329
76
65
55
7
127
563
337
6
27
23
33
528
49
126
469
986
305
240
5
179
65
55
71
62
3
16
384
52
340
83
27
1
887
424
71
4
41
15
511
63
229
743
87
11
174
18
399
13
440
88
534
96
689
1
83
3
3
3
67
8
15
408
3
88
236
7
885
26
55
163
6
337
282
394
605
1426
4
70
88
1493
2
1250
499
249
1379
3
69
93
2
1461
342
1
1095
49
1026
93
35
431
30
1270
7
2
1
140
28
466
1
489
1381
9
2
3
647
136
36
57
134
13
226
52
21
757
154
1209
1008
177
1
2
17
86
732
190
1071
2
677
63
9
1
6
13
1147
16
3
3
589
13
279
632
4
27
9
288
106
608
22
1
935
86
191
906
57
347
34
295
1
208
488
727
21
152
46
3
163
1075
74
13
1
619
1147
217
185
33
31
1
283
1
1209
489
148
838
185
451
20
68
934
18
137
6
1
233
1323
3
6
205
1251
1172
920
1348
30
3
759
65
765
209
13
268
530
1299
302
959
5
640
4
344
1
1432
2
848
1
2
57
263
251
1
1276
4
4
1
219
951
26
