116
2
19
163
366
449
1
494
20
3
102
5
4
191
132
30
1
260
470
84
57
73
356
207
31
287
6
8
10
198
39
93
275
37
76
32
1
155
1
14
70
45
30
3
356
289
3
1
7
12
247
61
107
368
59
101
250
61
381
18
19
220
1
209
144
6
5
95
82
17
17
3
158
3
8
38
374
7
1
1
1
6
200
8
3
122
5
326
83
2
9
1
128
32
11
150
124
241
145
120
50
207
102
80
53
473
180
3
1
65
486
34
251
181
19
4
174
108
57
238
60
149
51
383
375
112
17
88
71
61
149
7
36
12
403
167
257
1
365
3
3
48
2
34
4
248
14
10
136
336
347
159
442
92
426
221
227
89
14
1
90
89
53
270
1
27
28
22
29
75
72
85
25
293
432
127
157
56
36
1
74
175
100
198
29
12
50
84
45
9
122
418
450
17
41
6
461
1
432
31
317
8
88
110
256
43
236
310
59
23
34
64
393
70
117
1
43
6
28
226
415
354
4
28
419
4
43
140
3
289
356
308
288
184
119
462
27
54
84
9
3
433
3
5
1
8
82
82
87
13
8
7
24
26
6
13
36
34
1
419
98
2
9
2
305
441
404
157
463
461
110
17
135
360
4
1
265
232
54
151
61
1
113
102
105
2
8
115
10
1
11
97
1
23
106
2
2
3
109
87
420
386
343
112
4
26
34
457
216
6
1
69
37
175
1
24
22
17
30
6
260
78
169
486
3
186
1
353
103
59
2
330
114
155
62
1
2
454
212
340
49
44
9
340
324
3
2
110
183
32
2
11
7
318
59
5
377
223
17
1
382
44
1
91
7
90
17
2
35
44
174
15
4
125
390
59
425
10
3
70
1
80
111
53
1
243
2
121
477
15
217
27
15
1
2
7
4
363
49
6
43
455
279
70
56
163
7
1
17
21
1
24
1
363
14
160
138
1
42
70
167
161
121
340
76
17
2
28
2
431
352
6
5
77
244
1
39
1
457
126
2
41
236
4
1
3
7
195
187
147
285
12
283
446
239
5
2
125
147
215
30
8
44
146
118
102
45
247
266
164
12
435
42
235
1
18
41
457
21
4
2
10
21
12
3
3
1
120
199
131
189
2
2
2
1
410
3
76
205
28
116
2
293
31
325
247
302
80
2
4
58
334
200
4
190
201
36
15
143
139
244
1
279
11
19
180
181
10
108
19
6
23
54
30
1
39
416
20
1
437
43
15
15
195
25
339
36
168
5
201
178
3
141
2
3
2
470
16
330
3
382
17
11
3
91
143
3
114
30
93
103
20
150
1
86
8
67
1
2
62
144
430
61
106
222
2
8
60
1
3
156
8
113
21
11
165
36
320
206
4
3
405
22
2
6
61
43
9
1
6
2
3
2
377
1
50
117
426
213
1
96
187
10
233
5
24
37
165
428
2
28
447
60
41
3
224
74
3
337
40
469
30
17
66
51
1
33
1
3
5
17
52
43
121
57
3
302
40
35
36
16
241
5
10
1
54
127
180
17
16
3
58
429
321
335
335
4
366
274
2
34
18
21
30
25
3
12
10
14
59
47
1
3
105
70
1
10
4
6
106
77
174
18
161
150
11
72
3
287
107
153
3
77
23
39
22
23
1
73
4
386
75
208
196
296
152
170
236
482
143
8
148
10
3
17
2
201
1
253
211
293
41
484
191
69
335
31
1
91
6
56
1
277
251
27
1
100
50
158
13
261
350
1
67
431
1
4
61
19
226
381
79
7
63
89
5
6
397
1
229
34
294
6
133
57
39
313
4
41
4
28
52
467
1
166
28
56
7
91
8
462
308
34
389
2
134
107
1
2
398
376
41
5
26
4
96
10
15
341
1
46
264
11
128
24
393
93
1
36
45
7
74
21
273
1
375
32
293
17
2
2
362
323
1
55
404
390
44
13
73
443
19
419
8
59
200
62
62
72
2
7
1
212
224
468
394
126
94
35
25
1
1
2
133
58
398
116
22
73
220
11
244
83
7
2
12
154
131
96
107
13
452
445
114
3
25
471
1
34
128
166
273
284
2
5
87
14
1
371
18
415
262
4
48
137
40
53
362
31
24
140
62
342
4
11
1
56
94
32
306
117
2
345
16
187
9
219
2
192
97
69
486
2
12
71
14
222
7
140
171
1
321
448
89
10
95
22
12
151
70
452
80
82
42
3
19
23
2
437
145
369
87
1
76
343
14
1
151
28
185
33
196
262
52
4
20
425
2
8
94
71
285
366
50
3
68
1
8
6
4
5
52
24
403
5
5
35
103
61
23
287
174
400
108
110
10
35
16
1
22
216
347
22
266
24
421
2
286
23
108
7
262
76
96
63
255
34
127
34
193
114
127
169
224
14
67
9
135
165
10
5
2
7
159
403
2
160
346
1
281
246
32
399
41
3
7
98
94
113
239
10
102
406
168
52
13
108
9
456
118
11
349
1
2
65
13
219
1
15
337
6
312
43
22
1
186
18
424
12
286
3
2
2
1
4
275
141
5
148
170
5
218
161
5
1
458
111
17
140
32
246
30
233
1
4
29
313
22
19
81
20
21
66
3
144
44
22
274
2
132
89
221
20
254
41
159
473
166
150
1
1
431
8
3
117
8
237
24
5
106
9
72
50
128
1
2
3
14
48
1
24
408
1
10
31
250
175
36
289
409
450
74
19
92
1
1
89
332
28
329
43
110
3
15
63
35
18
25
1
6
1
33
36
104
4
8
1
4
4
59
228
124
3
62
87
4
2
148
175
353
375
20
8
23
250
29
419
9
138
269
14
7
221
1
24
53
419
53
58
259
236
250
382
145
47
1
189
126
2
1
159
27
11
106
347
1
168
299
235
1
4
2
35
17
5
4
33
47
315
3
321
7
303
82
22
253
80
2
6
104
134
4
2
3
193
5
61
11
126
424
15
45
28
331
134
55
9
37
13
347
84
171
4
285
24
140
21
18
31
1
10
11
80
434
192
2
328
90
3
1
389
433
197
5
338
176
67
229
163
21
46
173
470
76
205
31
6
4
6
3
247
110
66
116
71
170
143
56
96
115
452
395
277
121
172
12
2
65
7
2
64
70
3
1
441
9
40
1
295
421
1
475
484
349
2
24
95
142
374
40
1
286
7
473
1
27
7
349
148
42
115
335
1
9
2
388
4
126
8
104
62
408
24
81
431
4
8
8
224
20
3
65
168
115
1
3
248
158
245
123
4
157
382
95
24
1
29
483
254
3
215
126
107
23
312
20
77
5
6
54
141
98
30
329
3
128
1
28
32
236
55
1
201
341
126
1
6
14
106
206
6
91
1
218
26
18
182
16
190
4
342
446
66
167
258
90
70
268
29
4
377
440
3
437
62
243
269
18
375
294
254
110
77
2
248
124
14
83
77
72
47
24
109
184
40
223
71
8
123
62
5
56
71
180
142
10
26
1
11
401
50
2
36
42
23
300
1
73
458
13
1
380
3
30
1
45
3
5
146
7
285
39
55
130
11
79
8
1
120
311
15
6
56
5
28
1
30
41
24
1
147
45
99
9
211
296
4
8
33
387
154
37
106
16
13
11
4
31
175
10
344
14
148
449
26
73
15
9
28
288
33
287
230
9
7
230
1
15
14
58
64
3
2
1
189
8
128
19
2
487
136
201
412
119
168
206
3
15
109
35
107
80
2
75
54
68
82
71
115
57
1
1
2
39
13
11
13
293
11
192
346
214
310
1
356
6
25
9
1
182
85
32
9
287
84
11
428
398
20
2
95
127
205
392
58
260
4
66
5
6
49
126
77
124
70
133
363
56
302
41
229
294
7
1
10
6
8
16
348
116
2
2
104
187
25
49
7
3
7
370
9
189
1
164
101
275
61
481
1
41
158
12
3
42
61
17
342
61
17
327
14
378
175
311
1
246
392
470
407
21
148
175
16
127
316
1
28
315
268
19
22
3
199
164
3
365
2
4
62
2
166
1
24
198
345
367
153
267
110
22
196
356
4
2
370
452
59
272
95
367
40
11
2
287
3
196
20
13
2
1
300
218
296
5
322
2
94
98
277
369
1
2
2
94
114
60
36
13
364
23
41
288
53
371
472
2
27
9
247
103
7
386
41
52
68
1
3
63
139
17
452
27
1
4
227
1
11
125
4
107
28
139
62
20
167
279
1
175
72
123
1
16
454
13
23
252
13
1
159
414
451
308
25
387
1
25
106
226
254
434
37
2
353
64
233
40
13
156
45
459
300
1
1
459
182
123
106
259
260
14
105
318
61
41
1
7
302
1
194
1
145
1
403
185
224
321
221
5
24
429
49
385
21
161
18
122
9
23
59
23
93
133
14
13
253
165
36
79
4
159
23
90
15
457
98
151
15
372
1
15
321
158
2
1
1
227
49
49
298
32
18
117
25
19
16
14
47
281
24
1
20
39
106
113
7
60
5
27
14
1
5
6
76
26
321
313
170
21
115
356
150
1
9
11
58
2
98
11
2
20
442
248
51
1
13
10
225
13
470
430
481
2
39
2
54
325
12
1
1
4
1
8
23
3
47
1
166
13
61
21
149
11
10
15
211
94
12
43
10
330
334
8
1
135
32
121
3
188
466
488
139
1
23
220
229
13
70
377
51
20
27
81
221
199
368
2
317
454
257
4
2
196
196
6
102
2
12
68
153
54
10
6
274
117
134
4
6
54
1
12
33
32
35
435
9
129
1
238
244
256
245
4
252
5
4
1
166
5
12
1
2
22
17
121
3
361
33
179
449
190
26
393
444
7
7
74
347
211
18
1
46
80
20
10
4
2
41
59
305
1
330
89
490
471
346
28
440
1
493
119
72
100
219
7
139
20
213
13
29
364
18
450
279
350
13
1
16
83
60
7
40
20
11
84
5
1
190
17
2
12
25
11
347
313
227
387
26
328
55
149
6
41
8
3
56
45
5
14
415
4
130
131
2
166
139
122
399
8
295
114
20
125
175
70
49
6
22
61
499
1
390
24
161
3
128
4
2
456
86
3
224
345
1
1
23
3
39
71
12
491
342
385
2
40
22
201
4
1
331
78
336
224
139
99
3
1
4
13
1
470
449
191
190
173
12
338
27
270
367
67
101
138
175
273
49
20
383
1
420
19
65
47
40
43
37
111
296
233
85
42
45
1
9
136
23
8
2
72
3
26
129
60
25
224
302
56
43
26
378
12
6
5
451
7
13
107
1
2
110
11
165
4
36
13
311
285
250
28
2
7
4
39
14
47
2
20
215
1
20
52
56
83
4
153
58
370
105
10
2
68
240
1
59
4
12
150
3
58
82
166
461
137
6
456
224
15
76
1
19
214
1
1
102
239
476
187
4
41
13
40
2
20
118
1
35
58
264
45
92
2
11
33
15
91
9
76
21
80
407
2
1
1
393
36
295
218
17
58
43
38
264
22
1
146
154
85
14
499
2
244
241
5
92
471
174
171
12
31
3
162
3
162
3
15
62
11
270
446
31
14
132
201
309
27
193
1
111
39
4
104
21
339
6
6
346
2
50
5
10
199
57
31
3
2
274
119
269
342
127
1
49
177
464
33
269
40
97
22
2
179
58
1
53
116
35
86
1
2
30
381
18
9
7
205
394
2
22
18
1
51
86
215
49
6
14
68
189
89
94
3
16
23
6
74
107
6
102
32
12
121
3
8
349
60
34
357
19
1
2
2
241
18
2
461
4
2
1
1
1
168
396
23
133
316
2
21
45
267
59
133
14
5
221
1
5
112
60
3
316
2
213
15
4
4
79
5
7
3
29
167
251
321
32
485
1
15
13
130
21
160
110
198
3
151
119
32
27
141
9
1
1
6
10
84
96
309
343
333
20
324
58
129
1
92
2
5
2
489
48
2
82
70
1
377
17
106
4
43
1
255
63
19
342
2
32
489
32
125
1
7
424
213
62
7
453
15
64
36
10
55
138
439
6
95
400
147
17
379
428
79
21
1
15
239
11
15
90
20
104
265
441
387
143
126
10
218
438
84
75
9
13
1
13
194
1
45
10
1
4
2
275
23
157
70
35
14
350
62
3
129
29
9
2
233
101
2
3
1
31
382
10
32
148
3
1
33
103
5
1
52
193
16
3
8
48
12
1
3
172
72
224
1
69
2
278
1
204
116
135
88
5
125
55
323
42
312
76
107
17
148
235
5
452
233
189
42
229
30
57
225
411
307
33
121
440
103
459
10
13
1
245
79
9
8
7
386
1
112
78
288
440
6
2
275
3
138
116
1
153
72
2
455
15
3
486
213
143
95
1
175
34
73
34
4
11
212
110
1
59
1
287
2
3
218
8
434
262
31
331
95
20
194
125
2
18
22
47
9
1
1
50
116
39
1
266
129
97
1
57
1
94
25
77
201
3
34
6
410
37
158
3
2
1
253
23
9
294
88
1
410
294
104
147
9
71
2
424
324
10
5
2
24
10
219
82
1
2
8
2
1
119
147
11
13
31
148
5
64
3
153
86
108
15
1
56
335
11
253
1
348
37
1
224
194
1
52
107
1
26
1
99
339
419
460
33
47
263
4
49
120
210
359
11
3
46
30
105
113
58
160
308
115
363
7
70
380
19
27
10
30
45
44
112
476
334
12
310
67
2
2
58
17
30
3
2
2
328
10
15
199
117
221
1
264
148
207
147
22
10
81
5
103
32
60
118
1
202
21
311
1
387
208
90
364
180
345
22
8
49
53
71
8
62
59
10
77
92
67
2
35
1
5
4
110
109
43
74
136
227
17
71
3
9
39
39
1
179
153
4
124
66
31
132
80
15
6
49
337
294
16
446
98
140
74
128
4
38
1
295
238
71
5
13
122
202
91
63
267
4
2
247
3
12
175
42
63
467
409
11
246
97
53
198
406
436
55
62
153
9
11
50
200
3
258
19
69
76
2
26
294
93
458
13
51
12
121
6
132
66
1
69
102
155
245
58
127
11
3
59
1
394
122
49
112
343
48
20
91
131
44
304
144
472
3
15
52
231
76
10
464
2
4
16
98
468
379
336
1
207
97
35
253
25
3
142
16
1
4
196
258
8
1
135
121
460
1
202
15
16
2
149
48
41
1
3
323
332
2
232
442
7
13
4
4
7
4
259
287
8
14
96
368
169
1
64
221
470
79
105
103
47
466
73
475
22
51
2
5
342
147
1
417
5
14
261
13
435
220
1
367
6
10
21
98
274
283
307
209
245
64
374
6
34
32
31
102
1
4
288
124
292
176
13
387
156
7
16
6
2
173
314
341
20
460
212
384
233
152
7
1
4
1
1
24
23
32
1
11
4
3
9
1
229
101
2
455
163
9
42
37
25
6
9
11
73
54
5
1
3
120
150
81
232
420
110
2
137
4
77
32
41
119
4
6
487
49
95
473
1
59
64
70
281
107
1
56
207
31
91
7
45
77
184
1
35
108
46
101
14
381
2
20
39
289
11
175
2
1
133
272
1
95
104
314
60
17
164
2
28
15
86
111
29
25
24
17
6
483
348
69
474
7
2
217
388
267
115
256
4
44
12
1
372
199
417
31
255
73
4
18
474
86
47
5
3
130
34
48
38
31
137
173
315
12
70
106
169
265
3
158
8
20
482
20
15
1
202
41
500
64
39
23
69
176
36
42
20
78
436
225
27
245
22
24
94
145
261
183
46
277
41
42
46
263
68
16
10
11
107
18
36
9
392
5
19
72
76
356
23
209
53
222
6
10
172
425
33
118
23
196
1
2
19
99
18
25
405
21
93
4
104
144
4
6
361
396
133
5
113
121
39
3
4
121
90
89
323
213
52
29
15
439
348
10
275
1
1
269
338
3
2
4
11
138
1
188
122
39
1
159
13
9
441
39
167
17
61
157
62
269
33
183
64
2
26
5
1
457
13
3
74
202
379
25
2
96
273
232
19
369
49
27
4
5
3
17
8
48
58
291
1
42
32
23
3
101
213
376
27
17
22
267
90
1
43
29
4
10
107
1
56
10
273
329
41
289
116
1
325
164
1
156
14
1
98
163
73
481
35
98
1
12
67
170
150
33
13
66
143
22
8
45
436
21
190
334
2
8
474
7
54
68
187
7
165
121
2
3
212
2
63
1
2
5
241
1
8
1
317
3
38
166
38
228
1
170
333
47
4
239
13
35
2
453
47
15
164
212
60
4
2
10
35
52
457
9
483
15
16
48
87
2
4
60
431
65
71
38
17
9
422
108
18
27
2
2
452
2
2
2
329
41
2
215
224
17
257
50
2
25
419
14
289
498
17
2
2
133
33
344
66
406
7
8
16
2
441
1
409
3
23
202
124
5
168
264
54
15
157
2
11
120
149
173
4
444
4
26
6
7
373
47
354
21
114
5
162
111
57
88
422
6
19
1
1
47
325
35
24
9
2
19
29
61
310
5
1
74
164
105
434
7
256
270
209
8
9
27
3
2
