8
460
199
48
2
17
1
46
488
4
4
36
11
25
237
40
199
377
48
2
273
19
98
54
299
54
11
233
98
69
3
2
28
15
2
36
24
7
288
28
35
2
2
4
33
29
140
5
17
386
478
320
417
31
172
7
64
1
449
8
49
2
420
20
21
366
2
3
240
187
413
103
2
188
14
30
25
5
62
2
5
185
43
52
16
25
237
22
33
17
2
12
120
17
64
116
319
40
8
1
1
191
18
27
7
66
68
27
120
271
81
14
6
240
72
42
167
2
41
238
357
380
15
20
419
146
91
299
4
73
2
11
3
5
63
339
2
466
181
139
5
251
7
35
238
4
119
217
23
1
16
1
3
10
136
2
53
460
52
287
356
327
270
266
4
6
65
71
4
1
166
8
151
680
97
160
343
1
589
1
1
11
65
122
4
1
190
35
41
372
21
952
3
182
30
91
185
733
3
15
15
36
663
41
379
568
134
37
355
11
563
216
1
11
73
936
31
57
22
39
1
786
162
58
16
746
30
35
19
45
21
171
542
514
2
723
1
959
75
9
273
10
4
75
179
220
11
228
1
228
252
823
97
655
930
284
12
476
2
255
307
111
20
2
1
159
3
50
81
40
14
42
239
104
106
13
52
451
36
1
741
269
5
134
4
133
1
136
2
37
426
2
170
552
496
19
451
54
4
2
200
734
121
673
53
10
144
583
718
48
132
4
33
1
39
446
538
4
615
5
1
13
570
706
359
132
182
110
11
7
3
108
513
90
160
150
12
1
2
131
118
255
365
3
159
18
635
10
949
348
4
42
54
405
117
304
2
66
4
380
363
131
216
198
53
502
79
937
396
202
6
616
8
31
276
75
917
3
2
1115
310
23
81
15
11
322
796
1329
1
118
3
138
17
230
775
1457
1073
42
1168
4
9
22
311
5
594
1026
1
46
169
1072
92
28
174
114
97
425
677
14
82
849
251
758
353
116
1050
91
1051
98
1086
69
397
7
2
472
448
194
393
280
13
1
460
237
182
3
753
36
22
2
60
7
1
1141
976
92
1089
29
4
978
3
284
15
19
49
516
1221
1
21
1067
708
3
31
1436
107
29
6
612
549
1
1
827
304
956
34
84
48
1
153
1186
340
820
65
556
6
7
7
19
510
1
