29
28
36
14
134
83
389
12
59
3
96
72
1
125
463
23
7
12
246
46
215
289
8
1
232
1
251
2
10
4
39
266
265
30
234
123
278
17
1
48
26
243
7
109
435
48
356
109
121
60
173
87
9
6
10
26
1
461
85
12
3
1
13
47
74
38
278
157
94
38
267
62
210
38
58
144
3
390
403
3
73
56
64
105
93
62
446
482
71
11
5
64
18
139
278
351
44
3
25
28
401
44
451
103
7
134
10
300
11
98
6
64
4
22
8
3
88
124
3
6
21
19
68
2
51
206
30
2
183
3
268
132
26
2
36
184
268
189
248
415
77
3
1
129
392
478
216
28
6
37
287
39
1
86
333
161
40
232
169
98
11
255
9
17
372
39
138
1
199
11
1
12
158
101
377
25
263
148
65
16
9
2
404
1
1
4
160
50
10
4
2
3
19
313
121
227
3
32
73
74
2
24
274
53
31
7
83
160
46
1
2
3
25
61
38
16
8
3
137
3
96
213
493
6
13
3
408
401
12
316
1
2
379
11
67
167
1
49
50
25
3
145
20
10
43
29
16
303
1
40
287
90
55
39
463
447
184
388
1
2
293
97
314
1
24
110
39
77
2
9
147
42
316
162
6
78
74
7
49
86
73
91
3
280
63
1
56
3
8
234
4
8
5
419
54
31
41
251
2
1
101
1
7
1
20
216
75
43
3
6
14
107
456
124
19
34
19
11
35
8
282
230
6
29
175
1
445
30
144
55
149
39
261
123
116
72
48
278
41
172
43
37
196
7
112
289
220
92
1
20
411
1
31
14
176
7
107
137
343
13
356
1
5
1
315
19
109
18
12
290
215
266
107
171
2
3
11
239
180
6
155
8
99
1
2
5
76
3
385
96
15
8
440
122
1
8
17
499
2
90
7
209
1
88
314
81
35
384
123
1
2
3
177
124
1
21
7
2
5
58
410
162
49
63
14
104
154
78
14
19
1
212
121
23
28
6
13
176
320
447
255
42
475
147
44
90
1
3
306
9
29
466
15
83
481
33
136
118
7
193
419
15
183
281
469
208
467
9
4
126
145
106
125
3
86
158
349
227
78
363
15
4
216
86
96
287
1
1
21
10
231
2
12
314
36
63
88
158
16
36
18
2
198
2
17
6
67
18
443
440
88
363
7
245
41
27
53
351
21
378
178
364
2
410
113
53
11
43
90
356
2
450
3
64
80
1
3
26
119
27
12
17
133
34
364
39
38
20
349
1
59
4
13
3
1
3
12
192
8
3
18
421
131
71
10
6
1
6
18
200
280
11
109
83
47
1
17
16
7
5
63
6
214
1
94
20
167
164
180
5
349
99
36
384
17
12
59
1
114
33
25
212
8
393
71
8
5
197
3
12
4
14
12
324
268
3
9
128
1
5
155
6
80
1
416
40
1
6
14
3
39
3
49
2
379
1
348
24
372
37
120
167
120
287
447
415
86
21
418
353
31
42
343
3
13
288
1
1
22
2
8
33
2
91
461
4
1
1
23
32
195
445
77
430
1
29
230
252
6
165
32
1
390
347
119
10
203
425
87
387
281
5
2
26
86
2
2
48
14
204
4
2
242
48
62
7
421
80
496
3
204
95
10
478
19
71
6
10
19
111
3
3
1
39
336
161
101
6
47
449
209
1
319
51
461
370
1
226
15
7
442
81
2
271
5
2
49
142
55
102
106
50
20
312
4
125
20
22
319
3
45
378
33
26
7
41
12
2
93
381
62
319
4
4
2
181
109
144
445
10
167
436
18
1
11
9
2
32
43
21
1
222
1
42
128
2
4
1
99
48
71
1
261
14
36
27
3
412
1
12
2
55
177
3
14
6
56
4
142
2
52
274
40
88
4
5
135
86
1
157
95
131
20
11
1
29
398
37
204
1
309
1
457
34
94
134
5
152
6
34
1
118
4
456
24
7
48
1
2
177
319
30
421
62
40
445
3
391
67
306
280
337
248
74
1
111
7
446
3
234
1
211
336
4
160
42
204
107
158
242
17
8
244
117
289
4
10
17
8
18
379
16
86
36
286
285
2
202
64
162
5
419
268
351
188
95
338
3
314
364
8
425
20
1
303
408
25
20
49
1
5
10
117
88
72
17
39
24
7
29
494
13
122
124
23
28
1
6
21
32
263
77
61
381
52
370
12
1
180
326
169
135
9
5
2
237
42
1
147
16
272
35
6
449
65
1
2
95
189
314
236
203
133
5
4
243
29
198
2
72
78
8
15
16
117
22
1
91
362
159
208
212
51
15
16
457
16
5
230
151
4
489
12
246
173
106
240
9
97
2
20
322
34
70
14
99
131
222
11
79
2
26
2
171
27
4
12
35
231
225
113
414
420
1
33
8
9
35
117
57
491
39
96
8
1
13
1
14
81
94
5
357
35
5
205
60
123
18
346
58
65
4
66
114
290
25
195
3
4
203
362
32
286
232
266
11
32
13
355
244
429
18
10
323
25
30
6
24
2
1
14
368
117
56
13
70
23
7
32
29
23
12
480
23
470
13
76
128
72
32
31
1
16
8
3
458
167
3
30
320
1
1
185
7
8
48
403
211
244
164
99
98
51
4
186
66
196
35
30
1
128
11
10
442
18
11
96
295
35
156
326
61
171
1
161
151
313
55
2
41
137
31
213
128
9
125
1
4
277
359
2
51
6
10
229
66
112
213
334
155
124
127
8
266
28
246
463
35
2
11
19
8
53
235
7
210
414
133
1
443
10
164
11
53
331
43
8
69
9
97
316
59
2
132
8
11
229
1
54
193
370
316
52
35
262
105
371
2
17
15
8
9
269
40
1
2
79
301
250
266
2
20
17
216
1
56
328
9
5
419
497
4
3
308
81
162
9
8
449
4
256
350
3
6
13
374
22
26
274
1
107
2
106
51
60
114
15
1
100
11
214
389
47
2
41
23
15
77
150
222
2
123
11
41
373
286
5
1
398
26
75
4
45
39
16
395
16
410
156
60
80
190
69
87
1
43
26
50
307
371
116
12
119
213
110
35
1
67
11
25
1
9
277
10
345
4
57
459
100
444
343
39
102
8
89
12
28
185
95
9
51
11
42
16
50
23
242
315
60
283
162
72
410
401
17
3
37
35
18
2
175
203
96
1
3
5
20
162
19
4
17
385
49
27
1
36
17
92
2
64
394
323
2
26
42
12
39
4
254
239
23
33
129
123
8
26
1
15
1
49
234
9
137
1
239
270
101
76
3
210
340
41
253
50
11
451
84
315
13
46
41
470
8
179
19
22
37
2
4
119
24
36
274
12
1
211
7
178
41
290
1
403
264
204
402
10
144
158
15
72
11
237
33
284
2
143
25
10
59
216
127
54
41
5
1
1
29
424
350
224
121
261
9
119
59
289
3
119
1
6
2
146
65
84
6
11
40
2
150
36
44
3
69
34
129
10
67
222
7
6
149
102
12
1
142
236
7
111
362
1
3
187
15
6
273
2
200
53
1
21
75
411
25
87
499
12
112
8
26
32
78
47
2
203
22
293
75
17
74
1
1
2
9
436
272
4
2
59
57
35
1
40
3
2
9
195
33
2
54
8
2
29
262
12
161
8
487
79
174
41
283
103
42
35
33
475
55
1
175
29
395
14
1
417
131
11
219
34
33
2
193
11
10
2
32
81
65
258
293
381
2
4
34
12
24
1
18
5
417
1
351
12
3
26
1
375
256
27
247
3
5
55
462
350
2
1
1
26
101
165
35
6
3
270
5
44
376
200
36
231
5
310
48
2
179
19
321
392
155
30
43
415
484
116
24
116
177
161
24
1
1
12
184
2
25
440
25
56
1
43
39
329
79
11
4
205
54
1
268
452
16
19
185
283
4
278
38
281
143
20
122
4
13
1
217
93
37
212
486
25
48
5
205
244
36
252
107
7
93
352
248
9
277
112
67
13
62
491
10
268
13
81
1
20
26
382
78
52
203
55
111
206
86
1
109
35
188
13
57
473
9
8
3
200
184
82
38
21
138
234
193
265
117
76
1
53
57
1
288
21
5
35
293
1
13
25
12
31
1
279
16
306
2
316
3
490
364
53
50
1
41
2
416
2
308
1
1
48
264
101
34
4
2
330
3
7
22
1
197
292
28
4
123
3
51
11
27
140
83
358
209
6
121
215
1
13
175
12
222
99
62
167
220
26
74
167
143
238
5
113
1
107
2
107
26
23
51
65
203
7
442
26
63
78
3
15
16
32
10
4
23
393
37
44
238
123
32
1
366
242
5
15
313
97
63
17
71
150
1
107
174
298
148
185
7
468
96
158
79
2
418
2
102
29
412
1
456
3
8
280
121
1
162
2
1
127
1
60
320
319
29
307
67
5
269
112
25
409
7
77
317
19
353
304
29
273
104
18
38
84
37
63
202
117
56
7
57
16
16
4
16
1
2
5
146
50
16
461
251
1
55
11
14
3
205
1
364
83
1
32
186
2
196
5
266
333
2
204
6
219
63
8
284
76
80
233
12
2
193
230
13
2
15
1
1
125
4
326
204
18
28
4
21
489
21
132
80
7
157
3
2
1
371
2
372
47
354
63
6
203
380
234
1
11
437
47
280
279
4
167
40
42
330
2
101
22
257
2
122
194
24
204
46
270
43
105
421
473
1
7
246
46
10
151
17
43
73
21
1
186
198
43
205
8
64
119
1
4
98
102
3
203
25
38
10
18
5
32
197
1
158
6
13
4
63
220
16
1
260
9
3
32
176
112
326
4
1
379
420
77
210
139
1
81
58
23
5
2
24
15
13
1
477
116
10
2
2
1
5
113
2
1
373
1
60
2
225
142
101
294
3
2
37
41
1
13
3
49
97
413
1
1
19
322
15
88
37
2
96
279
57
20
119
47
211
372
226
7
21
17
6
178
2
174
353
25
159
445
9
252
142
2
18
37
316
1
5
92
63
5
235
1
43
89
3
46
1
364
169
435
2
2
3
316
10
357
8
12
13
32
20
189
19
2
3
38
251
12
191
1
432
5
183
405
2
296
27
4
1
1
10
9
44
1
15
196
7
87
123
10
41
8
154
17
144
31
6
77
54
115
2
472
182
10
2
41
51
421
53
371
287
1
2
81
104
101
28
11
2
189
5
63
19
94
63
79
382
367
88
102
4
185
14
31
14
53
163
1
12
17
130
242
21
124
69
1
1
28
26
151
58
291
146
5
26
338
26
197
405
465
362
5
1
126
338
3
39
1
1
110
11
28
6
434
151
53
182
436
43
1
6
64
2
30
257
9
494
83
11
1
315
2
14
333
33
296
3
46
2
199
263
302
53
76
30
81
3
177
224
346
29
42
1
12
37
45
117
13
101
18
460
158
455
139
318
78
3
2
104
17
3
63
428
2
2
64
50
184
484
13
55
84
48
6
2
217
1
356
1
1
38
13
1
35
113
1
105
479
2
147
84
40
13
268
1
113
96
4
148
5
202
3
421
45
359
7
12
219
393
7
229
238
13
23
2
25
45
83
3
203
63
49
37
4
2
38
1
234
132
7
92
18
459
271
7
12
136
2
308
58
3
1
17
217
21
126
90
117
21
164
75
6
21
49
219
340
254
1
7
131
13
106
19
177
1
33
364
125
386
378
315
64
128
22
32
72
10
368
4
402
4
27
376
413
7
4
1
321
466
21
289
230
465
2
2
155
18
43
15
1
107
216
4
78
365
162
2
7
43
92
129
20
296
7
183
154
11
39
234
167
5
150
321
87
156
16
5
9
278
387
46
19
10
27
110
7
379
401
125
21
38
1
175
2
4
3
119
135
1
29
355
251
21
293
325
271
485
49
9
3
126
3
118
8
75
1
14
8
6
28
40
213
98
1
141
3
113
2
186
249
131
1
12
49
95
4
1
67
50
3
5
134
104
65
402
398
85
461
384
417
1
66
283
353
341
390
140
1
200
7
181
6
3
5
2
68
3
418
1
354
58
32
86
16
78
9
1
7
1
9
4
2
15
7
13
26
3
49
50
2
70
7
8
61
48
17
187
344
1
12
8
1
4
8
104
120
207
339
45
66
182
169
56
10
33
132
44
277
362
3
15
139
206
43
453
185
19
38
208
441
417
40
44
244
1
3
226
88
1
26
217
1
56
116
98
330
220
118
65
201
6
1
187
79
271
483
122
428
153
112
49
21
2
22
13
69
28
47
1
365
12
12
57
51
142
270
54
283
416
191
221
158
312
313
25
190
2
115
1
430
19
19
8
334
220
296
214
2
7
145
34
188
271
7
158
1
415
416
77
238
325
241
417
9
181
196
18
4
33
7
27
3
30
15
1
170
319
339
23
1
182
307
6
1
278
255
17
114
59
26
170
477
184
27
23
53
26
4
2
6
2
212
2
26
2
275
1
27
450
9
76
4
139
10
47
437
46
2
58
363
3
4
236
361
9
414
291
110
245
366
13
14
43
2
3
43
296
339
12
1
314
419
94
269
18
55
200
5
15
66
225
1
5
473
491
40
60
9
15
429
15
64
108
133
120
268
3
111
104
10
260
1
113
112
28
288
219
82
97
412
12
301
109
89
2
15
2
10
33
248
217
256
494
322
197
44
1
9
1
5
66
5
373
3
3
1
34
189
1
6
165
2
1
49
128
475
9
9
411
10
11
36
11
327
16
235
272
462
206
8
16
4
28
46
472
1
5
1
382
9
468
40
134
101
187
437
110
5
164
2
84
37
6
14
34
273
365
65
287
47
177
3
37
205
287
8
21
7
397
105
1
140
26
2
195
85
39
21
110
7
236
23
10
4
2
474
394
274
1
37
174
123
359
18
79
109
491
479
309
1
11
4
206
7
158
74
6
2
18
2
436
254
241
11
408
154
180
2
3
66
115
49
407
1
58
243
1
48
2
107
436
5
117
125
4
74
13
429
4
354
15
52
114
16
1
114
177
9
7
9
147
21
12
4
89
10
75
96
1
6
14
177
6
209
36
1
3
45
83
11
21
4
1
15
7
9
1
66
66
2
78
321
39
2
117
17
5
142
2
151
46
8
477
1
36
5
19
9
20
16
20
91
5
67
40
10
217
388
13
2
107
151
494
4
49
65
36
85
104
4
2
1
278
2
163
108
5
354
28
251
2
2
20
75
2
39
81
40
4
315
3
148
1
294
37
4
1
37
467
10
24
3
290
49
405
4
19
329
48
21
293
16
28
413
179
22
269
3
127
174
10
118
121
128
35
2
446
1
139
58
1
281
56
10
9
2
37
442
95
5
201
372
64
101
66
153
8
26
193
409
365
230
155
4
419
51
7
23
95
4
63
265
266
46
341
70
390
155
8
324
2
20
65
142
3
2
90
15
4
5
64
357
310
16
32
1
7
117
444
92
4
2
95
96
45
1
3
171
112
73
9
2
2
168
29
166
48
25
35
39
302
1
1
18
1
38
462
3
63
80
2
3
260
389
35
301
355
9
9
34
307
39
10
69
55
109
78
106
5
148
73
31
1
179
13
145
131
153
39
297
1
1
5
159
8
16
30
17
175
118
363
16
11
7
72
237
16
7
3
2
211
263
385
130
1
13
183
18
144
2
4
85
403
20
2
32
3
25
10
22
18
10
96
77
300
1
3
5
205
47
18
359
36
29
11
93
98
112
65
8
67
43
323
73
451
213
56
5
397
205
79
1
104
192
201
127
118
7
179
87
6
180
469
245
69
17
1
65
390
10
133
175
1
2
250
41
1
47
32
121
8
210
429
28
7
166
8
337
9
200
4
141
15
127
25
3
96
1
25
9
97
59
40
2
230
2
6
328
180
4
128
1
23
12
321
17
460
1
1
9
2
19
5
9
180
350
58
10
200
150
8
1
1
160
135
25
355
1
35
499
181
40
44
76
117
9
1
49
135
298
67
21
14
27
321
2
77
8
20
21
435
5
181
160
118
62
90
120
29
152
109
90
128
429
178
27
477
27
126
106
460
27
1
389
161
127
1
448
168
250
54
1
215
22
38
156
116
59
410
312
2
57
88
467
3
23
23
1
331
2
262
27
338
454
131
139
16
144
120
11
32
8
24
281
126
255
56
368
45
30
1
1
2
58
1
142
53
18
169
162
14
77
7
238
67
386
421
52
58
7
420
51
13
361
7
47
227
5
9
58
32
74
6
411
96
125
11
21
176
1
6
321
27
113
28
17
5
98
376
280
6
3
2
16
1
3
65
111
281
61
71
454
1
405
2
223
1
344
315
72
31
21
150
1
20
58
114
9
23
54
3
470
21
13
26
41
357
93
1
229
13
2
152
80
3
1
11
195
72
136
340
1
71
37
13
176
231
497
124
32
132
289
386
291
119
1
21
2
21
41
116
367
1
194
4
9
65
112
125
4
154
98
1
90
44
132
82
149
6
28
4
97
146
108
118
206
23
36
6
403
183
1
23
3
397
3
82
1
5
1
