72
31
32
339
5
76
44
58
183
31
454
30
44
255
339
11
498
132
327
12
414
3
3
109
151
15
314
5
14
1
148
6
38
81
3
239
18
246
290
12
3
79
254
228
92
1
426
224
176
2
10
9
382
58
15
12
33
4
5
230
1
58
282
2
13
172
196
81
24
26
411
57
254
54
274
122
1
6
83
11
51
2
28
6
456
145
2
7
50
357
1
310
11
216
4
171
24
202
86
17
91
373
6
9
14
61
132
17
289
231
65
184
46
11
1
66
47
7
10
7
2
137
428
67
253
3
1
281
76
453
33
1
466
30
185
403
77
84
58
459
190
12
25
18
6
3
127
19
1
4
156
435
10
3
357
12
1
11
430
408
69
477
165
67
281
7
68
320
14
66
2
165
221
116
249
896
94
90
218
499
398
639
209
251
5
4
3
241
92
73
54
12
73
45
1
332
69
6
140
86
38
3
11
31
22
195
57
16
629
330
451
263
76
1
29
3
103
155
95
963
743
10
760
1
236
657
1
20
833
50
432
2
696
25
2
8
544
528
214
2
23
104
11
17
31
132
927
125
1
3
247
2
2
37
104
30
698
25
131
351
75
24
665
5
58
1
211
16
186
30
206
187
157
258
1
48
186
12
3
90
768
208
85
4
1
915
4
12
52
332
374
66
127
244
70
3
212
362
101
768
69
563
25
542
43
271
318
61
1
151
216
2
460
33
268
89
5
3
36
77
1
1
938
34
220
1
397
27
3
53
956
38
7
80
17
456
1081
1360
44
1304
1
16
15
46
133
683
94
25
5
1
851
1007
15
338
32
317
748
229
642
1330
1085
645
24
900
215
96
557
294
145
5
4
84
4
32
62
5
3
1084
186
103
932
215
353
477
961
17
128
202
101
12
2
1
210
14
262
24
1056
22
55
737
1
27
473
1041
8
849
520
10
194
83
61
151
854
101
58
8
3
570
1462
1124
67
32
14
32
507
3
3
718
3
80
464
635
422
3
47
302
1
452
324
14
245
57
6
79
1278
186
173
1449
5
102
74
106
1034
6
4
60
403
453
19
1
1
1
1299
413
14
16
723
3
556
173
973
85
137
12
36
140
1059
13
127
2
1
1
320
772
1
650
97
940
782
63
1445
1044
36
4
2
594
106
21
