205
32
21
56
394
332
17
2
1
172
36
1
141
2
24
1
7
190
290
1
151
337
5
413
430
288
2
63
11
240
73
477
114
48
15
41
44
32
28
58
1
31
4
437
191
227
126
7
172
71
105
60
200
314
2
231
2
1
206
234
2
14
3
56
1
269
1
26
87
386
21
16
3
38
72
6
88
122
272
114
42
1
5
413
146
317
455
26
1
16
25
242
215
68
25
2
10
1
4
223
7
301
99
336
89
172
99
8
10
80
1
108
6
5
34
6
2
262
13
43
30
1
36
92
242
3
82
1
160
107
24
290
85
1
58
430
214
11
3
470
32
289
488
68
63
399
260
470
47
7
29
18
1
2
11
15
1
143
1
295
27
22
52
57
110
224
317
1
10
52
35
212
40
42
72
376
241
7
570
869
495
26
519
183
137
210
377
289
6
220
149
33
11
7
301
4
3
194
140
583
134
7
102
381
597
25
132
815
15
61
142
50
97
3
94
960
305
113
24
2
275
298
8
249
59
146
5
3
9
817
300
65
247
146
3
53
62
31
3
102
2
271
9
5
9
256
1
7
1
44
654
8
97
27
20
27
23
5
10
474
24
19
3
3
949
173
192
8
179
42
365
42
788
146
59
5
281
50
15
15
46
691
2
695
118
2
1
11
62
25
42
25
293
27
598
43
364
3
34
334
13
3
415
92
22
16
887
851
8
185
1
994
646
26
219
44
32
145
3
605
40
318
4
239
6
11
48
12
45
239
521
120
256
1052
18
388
30
4
68
452
819
710
719
325
49
440
80
458
635
290
11
139
677
739
213
2
65
250
681
91
1385
481
5
94
366
10
232
743
1456
746
2
688
371
1
53
44
522
255
147
1383
1169
1060
426
106
6
188
7
165
1157
9
64
206
13
4
369
10
246
710
207
20
1232
1100
16
33
1318
324
542
52
6
935
525
117
341
126
109
1081
77
873
2
29
17
28
409
3
16
6
214
1244
841
58
264
69
1
615
602
1
38
30
860
587
888
91
38
2
84
746
17
877
35
1094
3
603
326
185
382
177
488
39
503
94
421
708
855
1
24
78
365
846
5
46
235
1067
201
141
11
2
374
11
277
128
1444
322
5
1
16
489
44
41
27
37
300
61
544
962
31
1229
531
214
