39
73
358
136
4
14
274
11
53
409
24
385
410
475
4
86
45
189
7
6
25
152
479
445
11
494
1
433
374
46
5
22
2
1
105
77
108
186
3
56
426
187
67
199
230
311
8
188
157
80
3
210
104
3
231
13
335
269
4
12
251
5
374
13
191
8
106
21
14
107
377
1
49
11
6
1
110
1
2
97
291
58
303
347
18
7
2
88
5
25
465
20
1
226
5
6
58
440
119
101
22
50
182
41
45
247
215
2
383
74
262
1
451
54
326
123
434
4
143
440
107
3
10
3
56
6
3
80
28
56
5
11
1
137
18
23
239
108
405
11
7
28
156
18
480
241
162
192
13
249
124
6
23
65
6
15
32
424
18
18
242
1
195
89
469
1
50
922
930
2
963
54
347
157
112
93
338
9
2
1
16
867
6
863
641
180
5
3
1
102
805
56
153
62
8
43
534
128
68
116
9
1
580
28
20
112
375
1
503
1
3
112
34
916
51
10
2
24
17
605
4
63
1
39
895
707
5
238
10
832
124
113
1
422
2
7
4
248
72
769
15
293
300
190
723
469
200
12
666
819
257
1
405
104
34
526
214
1
108
23
17
2
208
949
324
292
698
24
312
254
362
508
201
177
5
2
976
7
70
13
52
54
226
92
2
13
188
124
36
246
25
614
1
159
4
941
35
651
63
14
93
9
633
29
1
298
479
702
7
45
200
2
720
430
247
9
226
46
121
844
2
362
61
331
806
401
529
7
11
2
4
308
6
20
249
95
474
4
1
1205
17
1132
140
249
1345
135
838
1398
428
45
14
19
5
184
1375
515
271
924
755
61
185
222
3
486
63
843
52
310
482
4
22
50
992
408
180
488
2
18
275
894
1301
75
229
695
1389
718
37
25
14
34
34
37
1071
2
79
1
27
1461
49
7
363
691
2
4
26
45
56
140
1154
1
15
292
5
10
75
516
20
2
252
6
1
1053
315
39
7
30
15
30
10
95
3
72
71
125
57
39
3
314
295
199
2
169
127
38
365
3
37
10
78
31
1486
1
1
33
1116
15
175
1
1321
117
217
107
430
496
303
4
3
68
271
448
3
12
1
501
6
78
16
336
594
1
242
318
7
670
5
535
420
9
215
1266
184
10
541
5
358
1255
355
7
