154
4
1
21
156
61
381
35
25
11
8
10
331
46
2
76
399
17
434
39
247
23
3
13
4
2
17
286
13
1
240
390
367
339
273
1
280
3
408
264
73
12
14
33
326
239
36
60
7
3
239
101
1
2
89
4
15
126
45
1
64
10
197
47
492
2
11
4
372
11
383
52
2
48
4
486
1
131
96
21
69
7
28
1
273
2
1
18
9
43
3
67
4
161
262
76
271
32
269
4
1
197
80
81
176
98
91
64
44
10
4
10
1
45
246
2
37
45
371
3
7
108
5
6
81
18
1
10
4
76
19
156
94
8
135
247
56
229
30
107
63
12
7
45
3
3
12
48
48
51
44
2
1
102
5
2
165
13
370
1
96
3
410
1
407
66
2
1
23
78
94
3
4
206
6
485
96
7
1
70
474
24
28
1
104
102
10
491
175
11
5
7
192
75
15
3
383
12
218
15
28
1
16
64
68
5
2
363
197
177
32
147
134
16
340
225
16
6
3
5
187
35
11
31
22
23
8
2
463
1
9
246
358
46
217
142
39
395
132
57
254
209
406
76
157
1
6
99
285
402
23
17
45
445
1
99
254
425
2
39
38
189
363
6
104
11
1
21
4
4
371
17
1
6
21
251
8
150
50
11
17
6
42
6
270
167
8
44
252
329
291
345
3
31
10
43
131
350
58
34
174
438
403
7
21
2
34
219
55
90
491
79
35
206
4
5
125
4
28
173
1
10
421
19
165
81
123
85
243
107
2
6
71
75
216
2
142
491
39
172
497
3
250
2
12
3
6
92
443
56
188
33
293
6
40
74
142
58
1
54
195
34
424
4
2
61
4
266
118
25
10
27
2
48
2
3
2
1
84
290
470
18
109
20
13
53
6
71
23
73
155
35
93
44
45
22
7
39
1
1
269
30
369
7
55
181
92
166
15
3
248
28
23
88
1
33
1
193
25
131
1
17
489
1
3
121
329
184
4
17
198
16
172
143
35
401
4
189
354
85
448
8
255
178
5
42
6
324
11
22
9
2
1
28
2
220
5
47
319
7
355
255
184
26
49
1
204
129
12
434
20
147
5
148
329
3
400
9
395
4
56
86
20
428
323
5
1
287
1
183
16
75
25
82
250
267
407
2
361
156
55
32
28
315
110
1
285
19
393
373
33
232
196
1
91
30
7
68
38
3
39
33
391
30
151
28
1
8
265
1
463
39
1
37
212
5
40
145
56
10
310
6
261
394
9
10
59
23
66
9
12
112
357
39
118
17
322
44
43
474
405
2
7
1
347
130
96
359
317
287
476
6
116
2
30
30
12
63
365
300
1
408
1
33
4
127
4
60
1
33
5
109
29
100
21
254
94
253
11
70
1
24
9
3
374
120
1
97
1
488
345
70
8
52
498
368
341
273
49
1
6
221
57
120
56
89
32
1
351
16
12
1
62
207
291
484
41
2
56
50
26
1
18
9
6
19
14
274
1
2
337
42
9
86
3
387
3
82
2
101
235
61
293
132
200
403
37
1
143
16
50
193
49
63
28
28
1
200
352
81
390
164
29
356
126
234
6
134
10
49
8
49
8
1
3
13
314
174
20
16
4
1
3
38
5
5
410
2
61
428
473
113
1
258
79
127
98
47
155
79
6
4
392
168
400
441
24
124
11
220
6
19
355
138
17
3
281
7
75
483
55
1
11
289
3
217
227
164
3
1
314
5
101
2
51
37
7
402
1
62
289
355
28
4
37
399
198
221
13
442
8
48
26
29
16
2
1
257
29
13
452
64
36
88
7
252
162
2
21
30
3
35
106
85
152
5
445
2
1
442
2
17
398
6
400
10
8
20
3
38
152
17
138
1
1
4
1
138
18
27
2
7
307
34
33
1
343
287
9
8
130
29
21
14
12
14
10
32
42
81
369
2
168
14
5
10
103
33
9
279
46
75
27
3
21
330
28
45
28
51
26
206
9
30
123
11
1
438
18
3
19
420
59
96
1
2
244
126
2
1
446
4
10
254
322
409
50
4
473
269
2
2
41
242
129
116
39
5
29
46
6
262
276
13
163
3
1
361
226
10
205
1
11
380
25
36
35
225
72
53
4
59
345
50
83
272
120
479
327
211
3
6
1
227
172
119
497
20
10
6
6
290
60
41
17
13
282
402
2
75
86
3
46
20
59
35
52
118
151
25
263
1
418
142
274
250
81
7
93
106
1
2
331
318
422
18
304
16
4
139
1
225
2
1
28
177
306
127
56
3
159
3
1
168
4
272
88
5
1
7
18
156
193
123
1
14
9
133
2
390
22
127
3
76
461
12
294
140
343
424
15
3
13
192
6
96
122
391
227
2
2
263
366
127
176
17
160
124
1
315
100
9
68
13
140
4
22
43
239
2
199
454
1
171
63
3
2
126
2
109
421
296
2
493
26
31
27
7
354
17
125
316
109
47
33
213
429
309
32
1
5
234
15
358
53
9
2
63
2
3
252
27
3
2
312
5
11
47
16
390
90
4
42
21
121
10
21
1
54
5
261
41
472
58
115
1
26
2
1
30
17
478
301
236
183
3
208
10
455
3
18
220
191
1
2
329
103
108
42
239
186
3
7
63
268
54
311
2
235
181
64
7
343
476
14
456
388
20
98
143
44
12
34
359
215
73
55
2
55
81
484
69
289
247
127
207
13
59
1
81
4
366
82
2
255
2
227
2
70
177
31
358
44
122
447
27
347
4
143
3
16
51
1
16
483
41
48
298
168
448
424
6
101
485
299
154
18
104
77
55
4
19
363
1
161
136
28
283
3
1
45
5
462
6
1
4
82
4
220
4
205
35
475
84
8
348
273
3
21
4
323
183
288
57
2
1
121
35
3
3
172
25
37
25
105
12
4
3
4
33
11
97
442
260
20
425
277
17
2
100
3
1
184
153
22
15
12
44
400
74
35
6
120
8
6
225
323
154
21
91
1
11
5
17
184
414
15
464
96
471
10
53
41
15
2
36
10
35
1
279
368
182
18
42
440
12
54
32
28
51
1
3
205
45
3
4
227
19
96
39
46
11
6
309
57
48
321
86
61
1
105
19
199
463
349
6
6
44
29
254
480
101
34
19
123
98
2
278
248
169
91
298
90
465
1
87
50
465
110
110
109
116
19
7
49
482
8
248
452
1
40
288
41
16
436
379
2
110
345
18
6
46
2
1
3
61
8
14
284
61
480
6
203
233
381
218
19
7
24
5
149
217
1
4
8
1
76
1
30
285
353
184
355
119
9
266
108
22
154
119
132
3
2
17
48
14
46
4
5
43
26
208
257
2
295
56
20
35
75
426
249
172
6
194
2
79
61
16
28
6
4
7
5
431
7
1
119
224
397
2
23
75
132
87
1
222
249
202
306
15
456
443
8
51
54
33
113
73
72
18
154
6
343
5
67
71
9
48
18
32
440
22
351
436
464
3
269
166
72
17
335
114
58
230
5
1
2
393
158
2
3
1
1
129
70
29
52
3
262
62
35
70
321
289
1
195
76
36
16
177
12
78
34
3
121
39
20
27
236
11
53
2
58
312
4
51
31
192
1
41
419
39
25
5
149
122
15
2
107
426
7
173
249
1
2
1
6
392
8
54
36
1
1
1
18
131
1
274
387
382
59
11
95
34
17
2
41
100
449
1
4
164
219
188
1
17
50
216
10
27
20
13
92
277
38
39
145
153
50
4
152
12
94
2
371
292
315
1
36
160
27
110
1
25
71
299
20
4
3
31
497
41
65
1
103
140
16
71
29
11
95
1
283
41
6
112
5
52
63
33
3
328
93
5
15
88
234
12
27
1
431
118
1
29
141
5
331
5
28
397
341
64
76
352
70
383
3
8
2
166
1
496
412
2
89
171
1
1
107
2
10
1
47
298
334
38
419
134
28
441
3
97
5
148
1
445
12
130
1
6
1
226
338
10
2
13
140
213
7
1
444
69
47
43
230
153
194
470
9
220
294
32
244
29
369
6
344
74
41
312
9
2
19
393
138
196
395
16
3
2
468
42
1
455
4
1
13
1
10
23
27
204
17
17
4
2
6
104
21
112
6
457
1
460
2
2
13
34
1
219
70
56
12
168
1
1
34
5
41
341
16
6
6
290
87
13
138
14
65
29
444
32
28
280
261
1
2
110
84
331
178
5
435
15
1
48
320
60
122
1
19
4
1
498
5
34
365
232
23
175
69
1
27
298
17
1
2
47
15
2
1
15
415
51
2
15
99
334
470
111
14
1
4
8
195
181
6
109
199
350
6
75
318
272
138
12
486
47
169
12
271
1
65
1
149
6
343
303
279
23
85
105
357
7
49
5
183
331
11
62
7
1
183
27
25
32
76
6
280
25
193
112
4
306
29
16
317
53
13
3
476
120
29
35
6
151
37
216
110
2
50
194
224
283
49
248
91
159
167
37
498
369
380
8
16
168
39
106
1
4
14
354
48
24
3
189
42
4
8
1
1
33
56
8
145
9
85
4
57
371
63
261
470
5
8
8
19
23
44
464
1
1
4
280
2
232
5
98
217
128
400
2
1
1
118
5
46
40
262
231
33
5
337
39
22
108
55
191
3
134
375
168
197
4
38
227
37
15
12
273
92
18
4
1
11
40
9
278
3
29
2
1
97
102
22
151
81
183
174
156
387
7
65
4
73
3
3
213
90
1
237
12
1
29
48
301
67
123
34
4
20
2
129
172
1
158
1
42
3
405
46
72
60
90
432
82
5
306
175
3
5
46
122
13
8
88
269
2
11
132
183
131
42
21
282
220
2
230
351
19
68
6
15
6
236
313
4
8
65
10
168
69
52
402
20
24
95
7
318
126
8
22
1
3
183
61
325
22
2
4
134
1
1
288
263
38
2
316
1
59
17
59
9
280
1
151
95
6
100
60
32
113
213
2
1
50
144
2
29
205
129
12
1
139
131
263
67
3
334
9
155
207
7
47
4
20
142
417
177
9
237
429
61
80
100
462
1
493
249
56
235
95
22
1
493
32
6
151
10
1
1
7
20
30
239
3
2
41
32
36
174
5
41
6
97
125
44
19
188
5
15
16
108
55
186
4
1
56
204
116
185
3
254
1
468
2
35
14
1
285
20
147
127
113
55
98
158
1
330
133
72
1
97
15
206
368
2
1
112
47
18
42
88
76
10
124
10
16
6
36
240
29
176
8
30
2
10
29
167
477
285
394
122
71
338
6
287
14
43
112
215
122
9
89
18
209
112
8
1
54
413
154
71
49
22
213
421
369
1
135
1
3
307
7
33
375
21
284
175
11
129
56
209
99
1
52
7
32
1
8
23
285
326
223
1
81
89
61
1
304
271
138
23
4
83
15
20
42
1
232
57
325
6
9
457
3
43
14
149
33
76
67
212
16
84
17
79
221
2
307
55
1
419
284
9
452
328
2
446
6
201
229
23
1
1
3
486
1
13
144
1
111
5
356
7
3
24
131
22
20
100
325
63
435
384
55
387
429
411
4
11
2
189
7
181
150
5
11
36
5
130
26
69
2
12
21
15
384
1
97
1
27
97
1
71
39
173
3
144
3
16
220
319
87
20
109
115
33
56
4
2
1
125
1
123
10
29
25
241
286
32
75
482
6
6
25
129
359
1
240
214
465
113
219
366
13
313
5
5
189
68
167
3
401
12
159
1
104
6
4
3
61
1
5
20
1
51
15
55
366
255
3
4
105
19
42
297
133
35
191
161
2
117
7
3
71
79
134
233
1
356
28
1
20
24
500
378
67
206
281
471
143
1
58
27
102
1
16
64
305
12
100
260
19
1
254
104
9
13
44
35
343
8
21
46
1
1
2
4
15
1
1
21
157
23
31
313
155
13
81
4
5
216
15
287
1
25
4
1
113
15
18
410
152
6
127
1
36
194
2
3
3
13
481
217
71
9
2
74
90
48
62
166
37
51
95
23
211
345
24
114
114
7
17
6
1
85
235
284
202
41
181
172
272
204
5
146
72
3
48
17
215
158
342
31
392
80
6
115
16
64
6
476
1
326
226
24
412
2
4
108
14
238
3
61
30
10
12
11
101
162
52
213
25
111
2
8
256
1
424
13
306
97
133
135
118
494
92
337
303
44
422
288
3
56
65
4
18
208
126
128
288
11
1
19
177
169
23
2
73
310
2
250
240
5
96
16
314
56
67
78
34
312
3
224
1
114
41
383
280
160
42
184
457
335
5
15
41
87
13
38
200
348
88
114
319
162
46
99
16
444
12
220
8
26
11
65
123
1
1
117
19
250
397
145
176
482
5
49
17
53
162
316
7
32
44
8
383
416
24
1
23
3
6
29
3
4
1
180
196
407
171
5
2
13
1
105
129
27
466
459
291
1
13
58
31
1
231
10
20
131
35
131
27
2
7
2
74
2
190
43
252
76
158
22
374
131
1
89
51
344
1
159
4
208
6
50
21
1
252
371
2
443
4
308
1
1
3
5
40
51
211
3
80
145
193
7
243
13
162
3
3
50
6
38
29
35
179
9
217
21
1
24
6
257
1
205
9
3
422
3
7
2
18
84
7
2
97
5
7
8
271
97
3
1
470
85
30
2
79
7
268
109
162
69
33
134
65
5
24
447
28
11
398
19
3
4
37
16
152
20
378
30
6
296
24
23
6
25
148
5
6
1
5
64
153
292
7
2
6
197
224
405
23
359
10
393
345
16
122
1
1
151
417
10
338
80
67
416
47
498
6
156
9
5
205
223
384
175
126
4
5
3
93
285
58
1
17
482
288
210
138
103
57
464
394
81
14
468
98
31
379
7
22
2
1
158
151
32
2
68
136
4
57
154
233
6
17
26
436
53
312
40
353
64
80
20
18
15
308
128
225
44
1
67
4
266
1
325
2
407
372
8
134
4
82
54
44
21
4
2
205
11
123
8
18
135
63
111
95
9
2
389
1
1
101
291
212
500
19
171
5
62
40
1
74
7
75
334
1
76
231
1
264
10
1
51
27
241
7
14
6
253
308
43
239
431
23
349
16
144
4
24
59
10
2
4
27
185
366
480
185
31
1
21
30
5
225
163
5
63
28
10
24
5
445
180
45
84
7
77
309
250
70
3
145
1
6
434
23
60
35
24
220
44
275
34
38
46
79
55
353
56
3
390
9
44
2
9
49
58
2
67
20
109
279
90
17
76
151
1
149
105
39
3
72
411
339
51
1
5
23
125
2
54
6
9
89
4
46
21
23
20
132
50
25
12
481
148
332
6
1
2
2
1
26
482
1
21
96
142
1
443
460
57
19
13
3
13
41
4
4
6
4
27
2
8
156
1
278
226
51
409
66
26
25
1
7
326
14
396
3
11
2
19
99
138
11
27
18
6
291
360
6
355
52
8
28
4
344
11
215
396
8
2
3
14
5
31
1
200
9
41
12
4
1
297
35
76
2
18
8
6
18
409
19
4
1
10
14
118
19
10
30
75
350
2
273
24
15
53
282
29
4
4
319
50
451
65
4
4
2
474
91
2
55
343
8
110
98
130
276
149
182
7
98
213
54
221
114
69
11
129
92
9
110
5
1
62
58
11
37
6
12
154
164
142
22
12
247
412
17
289
148
1
4
3
43
389
362
1
9
1
40
31
3
275
6
423
73
124
361
257
78
3
375
210
19
1
113
6
3
2
111
60
77
1
8
6
9
263
45
33
6
448
127
3
5
54
148
20
161
182
82
2
1
104
3
6
3
10
242
297
438
251
155
14
226
1
15
83
15
17
58
1
11
434
46
2
11
2
250
72
43
218
1
50
487
1
1
182
42
1
89
2
4
12
32
85
284
4
305
2
30
6
363
1
35
32
17
309
73
152
100
2
1
423
42
277
38
205
1
3
59
77
1
356
8
136
31
19
110
3
2
133
129
113
26
61
1
4
7
9
96
490
14
9
27
6
152
19
122
21
8
1
15
172
125
288
143
319
148
289
435
10
1
99
109
164
310
273
72
8
19
43
457
3
227
145
103
4
94
447
458
33
140
30
6
21
1
4
56
383
106
37
126
2
2
126
18
36
18
58
2
18
317
30
24
431
482
49
373
8
348
51
24
8
24
117
38
295
103
40
185
438
70
36
176
254
32
4
159
322
5
323
39
79
206
58
209
1
13
19
1
11
122
10
43
18
1
39
343
494
176
2
10
257
1
118
40
174
13
13
26
278
109
44
3
299
477
7
104
500
5
80
1
145
177
81
8
7
36
6
5
1
376
153
2
205
5
479
2
23
264
36
378
16
13
479
118
481
1
224
6
23
71
2
176
120
323
114
2
99
327
27
21
71
34
34
379
10
48
32
11
38
12
120
284
10
47
136
24
36
17
327
416
13
49
44
1
4
410
198
1
330
98
120
272
1
235
125
432
2
1
94
1
206
1
40
213
3
35
406
21
8
55
3
1
10
357
6
14
207
4
2
15
79
2
3
4
