492
121
37
49
472
54
84
40
378
3
1
2
10
27
165
43
118
1
19
3
37
258
13
1
3
105
5
256
6
440
27
2
112
8
85
12
459
149
172
2
26
5
30
78
98
36
261
4
55
4
81
300
8
107
12
316
27
21
110
73
27
2
482
34
477
24
44
16
263
351
430
13
2
26
28
443
298
21
58
140
56
184
16
1
1
42
176
339
1
1
8
291
319
93
25
202
75
2
3
2
48
26
117
131
357
10
2
37
6
3
24
212
476
155
216
320
2
10
1
333
7
117
32
281
177
14
1
445
1
237
171
256
11
1
160
44
1
111
17
386
356
3
78
367
8
1
25
3
77
216
28
131
102
9
111
114
207
6
112
1
22
253
242
51
495
5
9
28
352
70
26
1
324
21
419
5
18
187
486
1
1
1
124
35
135
644
66
9
180
3
714
6
54
28
98
76
745
380
2
735
757
327
746
434
973
480
18
973
63
63
1
456
6
10
1
83
87
108
2
5
110
18
9
16
273
1
940
684
349
1
314
388
13
256
115
983
2
27
63
164
391
1
394
64
820
811
479
236
59
933
80
668
550
86
29
718
135
298
14
1
627
74
533
678
176
158
2
173
919
392
71
5
771
37
22
836
124
452
107
1
297
1
51
2
44
65
7
267
1
645
6
214
25
5
49
24
102
853
274
47
60
430
63
78
499
1
183
34
197
709
63
521
266
229
202
2
2
214
23
625
22
3
68
1
603
27
641
24
6
1
375
2
1
16
1025
981
448
3
4
39
1013
1318
977
2
1302
203
12
5
2
261
1290
232
781
220
25
244
22
25
894
1317
27
3
218
392
1389
556
711
782
126
554
4
642
410
43
381
62
1122
133
860
483
8
492
19
1458
381
729
12
1
11
650
1294
3
297
1
21
1
1413
251
1144
220
180
33
1
1285
104
244
877
188
133
3
702
434
19
833
137
5
341
9
199
391
244
478
1048
1208
53
588
1
642
1
14
151
9
1500
2
35
3
31
398
7
64
4
59
420
1
15
29
150
1349
1338
91
77
874
582
92
11
41
43
270
627
1126
510
23
353
622
781
24
1375
107
760
176
646
1004
4
384
222
39
578
2
70
1
81
4
24
33
34
14
9
802
228
51
89
835
417
7
12
10
588
196
