34
161
69
3
81
3
48
45
21
348
101
70
43
421
27
298
18
450
4
50
8
225
9
213
291
40
3
40
222
2
19
1
1
60
6
6
23
55
29
270
1
21
169
47
149
395
15
19
301
61
128
488
70
8
33
279
1
7
11
26
2
31
184
26
8
495
1
81
56
1
2
2
25
16
70
24
12
24
4
65
13
9
91
24
368
5
241
6
158
1
2
264
1
231
191
479
5
4
67
170
280
91
1
23
25
2
355
29
28
149
142
17
16
113
446
199
124
74
250
7
37
290
1
57
213
4
4
18
4
324
1
51
10
94
3
450
15
435
405
11
324
130
1
101
24
49
5
59
117
148
14
42
80
213
1
386
495
336
91
20
19
19
108
17
8
29
186
523
513
403
4
349
996
152
34
25
139
54
3
241
31
618
21
2
138
6
4
59
1
701
2
10
345
3
12
7
567
23
316
796
91
2
284
3
11
557
9
12
58
9
42
334
374
1
39
32
318
736
157
109
252
8
87
243
662
12
551
13
2
2
482
422
1
1
534
10
3
466
338
9
958
20
168
587
19
476
201
5
227
750
650
47
1
870
205
1
11
5
246
10
8
35
18
2
28
57
11
75
28
5
38
40
118
26
38
2
6
7
353
72
378
27
2
10
36
519
416
88
134
373
630
1
49
38
93
95
90
10
654
984
996
30
109
13
17
555
3
33
588
893
11
19
957
161
26
196
100
142
173
24
2
56
165
14
769
83
12
52
588
930
648
145
5
627
9
9
753
94
13
110
122
142
4
201
18
39
957
64
18
424
621
131
7
9
864
133
6
811
91
16
106
7
74
39
751
156
195
74
979
224
40
151
17
152
39
47
77
713
883
970
868
32
344
113
546
2
1
159
618
14
662
4
763
4
198
9
11
45
7
161
441
46
7
2
310
30
656
1371
1383
527
14
1
1008
3
484
45
178
1
194
134
103
54
389
35
40
186
1325
700
1
8
313
71
1121
547
14
96
589
676
492
4
20
893
89
1139
341
741
312
997
1
66
900
31
13
20
374
318
108
36
1427
4
4
347
2
122
1177
906
16
12
767
976
30
290
62
60
13
1211
223
1368
724
88
79
1211
506
1390
330
18
1190
109
251
3
18
834
7
1
163
413
1286
95
