76
504
99
156
839
76
125
28
169
746
668
23
362
139
463
1324
285
287
385
713
36
177
650
64
2665
286
563
411
156
104
895
85
7
1370
499
273
301
105
670
129
2053
507
691
123
100
412
249
274
893
34
179
922
53
13
330
429
335
203
959
457
360
610
281
305
275
280
255
854
15
199
2377
28
198
2195
144
519
1844
630
124
24
264
1257
526
1159
82
219
701
546
718
198
574
38
157
923
501
22
1280
62
717
354
704
294
52
142
260
2187
619
1367
419
338
723
131
254
1573
128
146
666
513
875
609
92
7
39
112
1100
587
326
152
1057
87
414
507
679
2072
66
23
2
32
389
803
172
158
79
1858
568
190
323
775
83
45
360
25
1125
273
637
26
357
772
413
26
66
1015
257
421
100
342
775
164
820
213
400
103
234
1154
122
695
2
963
282
153
836
748
141
785
171
729
934
241
965
136
1270
389
605
190
226
304
592
481
527
633
465
594
412
7
988
1025
2
1965
200
87
12
824
223
509
567
1043
312
266
374
125
238
775
769
366
67
1156
774
77
236
294
324
1003
690
908
432
620
303
588
822
470
268
135
220
264
337
23
40
194
830
628
77
781
785
774
1236
122
105
483
607
368
268
373
265
246
1695
380
548
417
1262
254
134
164
194
1017
147
34
410
601
93
857
823
429
413
332
630
694
1324
174
288
813
450
374
278
153
847
97
220
21
493
1896
154
97
597
1947
337
38
1163
233
370
437
410
526
63
110
134
59
807
60
367
1845
611
166
169
55
712
77
38
384
474
126
1167
84
32
669
376
938
241
314
251
2
32
283
17
1693
643
219
211
188
471
555
886
347
760
219
292
132
509
624
164
51
107
13
260
215
638
297
385
1700
95
13
284
16
161
242
90
13
904
250
266
2281
219
1076
1301
63
545
90
16
22
156
23
58
122
654
136
162
463
137
24
52
72
178
79
779
664
362
26
479
207
310
336
365
848
481
308
277
225
384
1228
299
243
498
2312
350
679
223
3180
202
185
303
707
1291
216
477
6
729
603
701
739
37
633
127
351
3
309
426
986
214
404
74
378
297
992
728
458
208
81
801
650
351
456
301
200
330
127
108
466
1072
569
122
308
593
291
407
875
601
603
1136
234
451
115
2515
468
396
61
358
394
90
606
346
994
368
457
1108
235
10
153
195
320
982
74
