701
421
331
534
12
669
262
239
887
884
229
25
432
463
484
213
2108
72
406
116
989
24
360
287
476
140
184
61
1569
313
472
956
1
482
270
60
109
950
825
1760
63
3
394
49
118
523
1084
650
544
1058
101
403
100
326
1487
1014
248
221
473
341
45
825
251
293
234
45
359
1828
97
9
370
231
852
1209
215
626
217
1292
428
2581
364
509
98
142
588
83
101
313
492
280
12
398
362
37
1346
141
330
434
350
377
163
165
271
242
899
1034
276
665
291
3137
2439
100
162
109
485
635
2526
593
138
166
1322
464
34
772
247
453
736
547
657
69
133
31
442
46
881
182
235
414
742
1524
334
1104
414
1194
384
243
332
1309
819
868
748
249
470
582
246
82
909
1314
389
1444
1197
319
919
283
923
665
147
717
574
1745
215
166
868
406
604
248
720
722
76
285
284
0
524
2107
238
1340
248
31
669
1089
1104
342
10
392
399
121
204
988
1213
1049
250
546
73
93
502
321
95
436
583
1885
238
915
860
1096
796
41
42
42
445
154
182
94
275
122
77
803
781
164
590
9
422
434
70
299
650
305
143
137
77
130
258
1095
3
1022
1346
20
1564
36
920
1628
15
258
2192
186
9
138
634
477
968
95
884
87
300
142
416
93
386
909
1654
346
465
164
944
306
396
9
697
117
501
254
862
376
1742
607
695
334
145
510
432
1680
636
102
1727
141
335
34
46
205
417
564
389
586
152
1077
711
62
16
482
448
750
260
806
7
667
350
241
900
856
412
58
1843
1195
877
811
785
703
198
151
947
438
107
873
200
781
918
799
195
1116
809
159
532
3
153
329
46
1264
352
263
362
1036
1216
137
1051
444
447
755
553
457
574
14
149
197
449
169
613
50
248
1673
227
121
1004
1129
9
760
229
151
424
275
1156
152
855
1202
151
445
1297
235
54
240
1100
187
350
127
0
68
42
214
1300
498
683
285
648
744
347
190
664
1178
126
102
40
745
82
11
713
1063
294
171
294
113
1239
246
92
341
1938
141
108
696
30
129
522
381
22
476
1174
992
518
469
901
991
15
880
147
106
350
804
604
360
823
504
4
249
804
217
963
433
227
884
699
210
303
219
722
627
1495
1641
993
406
601
460
117
1116
342
646
967
619
320
1818
2045
677
392
72
113
1390
56
220
49
544
195
163
425
2147
832
130
438
185
2
193
736
418
251
106
