60
962
858
516
551
738
184
39
6
660
251
710
327
269
177
255
917
165
148
487
56
117
1437
820
1715
306
268
405
94
585
421
22
799
619
747
981
1018
386
167
23
418
39
896
216
2319
610
62
436
171
446
630
348
1540
257
177
755
602
230
725
241
481
85
36
183
872
1315
363
607
122
1122
331
201
1248
363
547
358
64
741
558
576
455
9
75
654
1
407
322
944
1056
876
203
735
193
454
70
528
271
784
569
247
390
118
36
47
330
873
106
169
124
807
489
660
1081
580
190
152
1519
221
1104
906
547
190
267
116
492
863
41
687
1463
53
644
283
4
317
160
319
1073
978
34
1
927
119
136
10
935
231
168
1264
2240
11
231
598
253
1512
4
352
184
361
207
2135
117
422
678
908
432
1432
822
389
511
306
35
1574
479
1278
194
81
1116
312
693
619
44
35
318
968
660
1048
717
132
593
1626
409
329
1547
241
349
1128
1117
582
577
102
534
256
1821
37
572
550
321
582
451
89
428
1086
665
283
513
83
891
1406
41
153
104
380
48
1075
264
1200
668
221
412
530
323
328
1433
233
227
380
282
653
365
166
42
121
559
1265
143
69
537
1349
86
358
230
272
228
633
852
1681
251
682
99
24
220
1214
418
1828
167
1023
173
863
723
168
160
222
289
207
588
1675
272
1190
845
761
626
648
1598
1552
150
280
126
54
1590
1073
125
514
321
204
38
288
720
1712
533
218
184
63
779
97
1802
806
644
14
613
61
857
152
2434
552
1016
280
311
482
132
418
1449
661
1016
50
28
242
281
364
1135
145
638
796
275
316
1294
30
363
184
726
491
177
100
64
1223
301
1447
958
194
396
882
338
520
297
398
2318
1586
273
1336
368
244
550
889
2544
4
119
225
390
357
538
62
369
1446
414
276
74
370
295
29
600
367
825
430
597
171
662
538
450
272
1075
633
154
1235
1
37
106
107
346
2036
92
171
1143
108
150
198
278
16
201
121
231
97
349
231
454
608
118
45
1306
45
188
953
248
639
1265
444
96
443
594
238
356
1266
329
685
510
136
423
771
228
1192
129
764
1029
406
85
560
132
530
747
426
618
103
147
616
101
1688
479
1328
245
432
1517
2268
496
239
227
572
81
255
2125
1152
818
599
1234
614
578
377
388
347
684
404
233
432
2212
1627
293
370
645
185
166
237
495
99
253
1132
93
97
594
324
295
763
434
537
