101
328
651
866
124
248
618
416
226
1011
78
168
803
169
895
167
310
57
377
137
494
535
1324
709
11
399
29
107
281
161
537
601
11
4
422
681
97
150
1080
10
167
1498
32
2355
283
446
94
1448
94
927
80
447
6
858
907
758
45
382
338
83
346
138
453
76
129
478
807
84
214
499
19
392
29
22
910
375
132
138
168
539
206
552
27
951
259
6
80
498
389
188
43
155
104
167
963
1
93
374
120
185
147
1094
537
231
887
168
722
144
203
23
1608
394
1622
187
19
135
219
691
565
588
106
1991
382
99
245
353
1206
499
745
377
35
1212
160
379
280
775
1027
3657
441
481
564
679
1063
376
291
51
595
570
380
440
579
1499
945
105
540
51
1174
300
1101
154
54
155
5
150
337
24
375
90
1557
451
6
24
422
62
0
325
318
237
411
1285
322
765
1195
98
750
48
662
318
426
868
221
22
113
93
188
47
632
815
249
17
1542
932
204
56
255
12
484
210
235
584
26
564
420
268
929
613
426
232
186
1014
57
1282
865
337
136
489
972
337
525
228
435
391
1760
764
0
560
228
1462
464
125
118
436
71
345
102
329
1073
693
271
434
1215
1756
231
923
777
221
1244
75
9
557
163
188
1302
438
502
105
484
86
632
1281
17
63
519
768
526
118
226
1311
1388
900
95
391
440
997
710
15
1616
202
486
447
18
631
28
56
212
669
883
354
420
950
2588
168
531
337
1374
2890
0
345
70
244
523
132
331
270
2852
246
7
75
698
558
113
136
135
128
126
185
1862
154
696
214
1151
787
556
230
250
122
1487
309
516
1348
491
2133
215
406
838
1652
22
308
436
51
11
656
293
542
1424
1040
127
453
48
1167
50
188
23
88
561
342
817
682
238
328
210
506
265
693
283
422
457
68
302
516
518
697
284
989
205
29
22
1009
3471
151
22
290
254
138
730
154
654
605
576
9
644
907
574
1014
413
547
319
201
136
2182
154
1385
455
33
94
1018
56
1144
943
529
889
527
1070
261
47
820
411
34
19
359
433
1366
790
280
894
80
282
1619
895
401
245
354
466
384
1117
615
1074
227
392
897
57
1175
299
172
914
81
844
790
73
1
2
326
308
200
186
505
319
950
445
184
57
174
586
611
22
827
37
226
568
2468
44
68
782
276
138
292
156
567
544
205
583
730
1405
72
28
1703
873
228
153
1281
