1592
233
840
156
26
2433
101
1023
2253
557
1770
23
493
716
5
485
816
3421
279
11
1708
1028
454
284
2212
229
2653
1966
26
1619
194
172
635
786
151
432
1092
140
467
189
1153
2039
1232
108
716
2326
1140
1044
560
2314
501
16
80
479
332
527
803
1075
458
579
1873
1086
1406
919
369
484
489
332
189
1295
11
2435
1468
16
723
1519
104
81
471
507
179
934
170
4404
2008
566
361
752
146
1269
387
325
1125
421
1638
5243
141
31
1988
1600
740
1692
572
167
60
368
133
1119
893
759
1464
345
17
549
2395
581
1025
698
1039
777
290
540
647
2897
108
1478
1092
118
2733
812
1452
1063
271
167
108
1760
3095
1342
876
2989
825
1555
735
402
151
1026
79
2201
3285
2080
182
76
1013
1066
438
863
1554
27
765
2124
1436
382
1436
363
1265
86
348
294
1622
779
3671
2978
222
770
515
304
143
1058
25
1327
561
1340
1151
406
1927
1062
1064
246
1451
2601
97
18
2369
1943
22
165
2310
988
223
2347
408
96
649
743
917
1443
3827
540
519
185
507
202
2064
517
1306
1445
353
592
899
500
256
174
698
1728
16
2351
139
13
1609
1095
2871
219
147
612
611
299
269
2014
1307
1189
2543
379
62
3482
488
726
159
1068
1381
527
97
936
132
1869
13
234
483
2001
1657
842
3470
902
204
95
553
61
285
3420
47
1167
328
437
109
1051
332
188
464
337
1868
366
505
739
653
795
1970
276
1241
597
1862
276
2989
362
1093
256
95
934
38
608
1978
128
499
32
1437
1135
3589
741
264
703
377
271
351
1481
195
933
174
135
1281
111
2761
1256
1572
36
3089
187
1216
926
401
229
1666
498
1191
1401
423
579
177
144
2
909
2351
1518
369
678
2584
782
510
167
1225
1095
174
431
1194
1142
182
164
1337
95
1358
71
2660
92
421
689
1838
1090
283
2725
1194
3458
1806
409
1124
3547
1259
2691
2372
1047
73
1547
2827
377
950
768
360
1280
265
996
109
1395
505
115
491
130
438
2730
719
1274
1931
1754
265
2148
1002
974
872
166
3607
2097
509
360
566
1364
174
559
3684
812
2461
2771
337
1382
604
482
366
554
843
468
1401
487
3021
118
1183
5
1752
352
546
792
2382
1828
494
137
303
2364
337
3365
71
1535
788
1201
426
261
1275
1101
1700
5
535
459
1483
887
384
843
798
474
451
1039
1164
914
567
627
932
1236
173
3150
125
229
3072
1582
3112
2774
663
1063
170
369
2264
237
2126
294
1900
151
2415
528
1607
2754
1205
1132
3522
283
167
1257
12
5054
1463
137
546
221
255
1294
1825
803
861
1436
849
96
1482
1027
134
334
1049
1473
319
1336
265
732
236
2222
41
663
1632
496
160
1591
1275
119
4025
459
904
947
52
648
430
1398
521
682
1209
1588
851
255
706
94
795
2567
39
1435
1662
1858
486
784
3057
969
1094
1451
1060
724
968
366
382
434
840
601
7004
1642
1160
472
450
917
3495
3850
634
73
1148
2321
87
616
887
3493
531
430
1581
74
1055
449
32
1049
1881
51
358
707
309
610
867
1008
685
66
29
393
394
881
658
136
1250
366
20
342
1527
257
490
2323
2983
861
98
718
573
83
996
3624
924
330
2177
1393
746
801
482
1662
535
186
333
233
1334
307
82
2911
1875
263
669
585
826
459
1027
3782
113
3379
992
109
4584
2619
160
368
737
1376
763
415
1171
643
469
189
1301
1559
1131
1557
1819
161
149
2457
328
1129
631
1141
50
878
1128
1083
3366
3118
2587
1831
240
470
1389
30
792
631
376
2171
671
240
45
199
178
1491
205
235
868
973
1072
1469
226
835
54
448
745
479
374
4822
1842
435
216
542
1407
563
236
753
1759
167
1551
1133
1068
532
512
445
431
1272
3178
42
650
938
1246
481
2323
930
608
2320
239
1739
742
2820
856
2364
639
6
237
813
2044
585
1195
1377
344
417
334
1226
51
567
341
743
31
1966
221
63
622
1099
644
131
1202
701
731
598
187
381
323
1088
428
533
1137
879
196
4004
826
34
1056
2334
944
2135
1698
267
427
123
2203
41
259
342
2976
2304
601
924
82
3310
778
1359
2046
1746
92
451
243
4015
1068
445
1211
627
1615
292
669
138
1024
1013
368
1068
863
488
641
1477
935
384
486
186
83
201
964
1241
2334
151
1738
2016
947
1414
457
1067
1393
2400
527
260
308
185
157
1709
190
2900
1095
416
1565
2192
1478
379
463
2030
1230
2802
182
201
448
1196
3398
901
1901
660
575
759
588
1158
2905
3827
955
1823
477
1661
1107
503
1772
652
2659
75
1988
826
1070
609
118
670
3645
1668
2416
57
1051
1268
456
44
715
387
46
694
386
595
6302
125
74
3932
165
3100
2702
541
758
1738
5786
148
225
369
1365
752
3118
541
120
1813
1222
1076
1800
1128
1940
139
404
1108
444
996
3967
1838
337
1148
36
541
845
150
852
596
357
1345
2532
374
35
3878
1332
1020
97
47
1327
820
904
4401
241
1765
2597
108
114
345
791
254
3144
1118
1999
1567
910
1048
2197
1540
426
1940
17
1617
430
386
370
2184
355
105
710
667
1925
2579
849
292
278
1878
388
322
140
1396
2688
1505
309
42
1055
1365
2077
341
2187
2197
888
624
445
984
1787
1012
214
1200
248
967
259
590
130
2288
123
1438
106
747
700
39
1090
68
2251
1294
1188
583
573
1587
371
1251
905
2090
785
456
2178
716
893
57
801
181
660
1110
160
986
11
1046
329
1488
1215
2938
1090
653
281
45
196
584
910
1007
478
629
64
2031
463
258
1319
981
592
75
24
2133
1137
1500
275
656
184
498
737
160
122
1839
453
933
50
1088
3487
477
29
266
205
3132
460
1554
907
800
138
237
1168
203
719
382
3478
401
1253
1273
713
381
217
110
422
325
388
452
4479
151
925
520
1412
3028
1650
955
505
837
1899
1553
93
1006
975
638
299
109
167
1008
1983
888
548
273
275
2912
1248
672
3800
184
594
511
3423
51
809
595
406
2615
1371
95
828
1511
589
1876
2147
982
1293
1343
358
14
240
67
35
311
891
598
364
167
564
2181
2037
802
259
66
954
135
1678
1987
342
420
2641
3516
38
1163
987
54
632
1016
596
1209
639
730
549
238
1045
1264
278
222
228
1651
464
2239
192
513
1847
1280
2266
1506
459
572
326
2346
380
336
1009
468
894
2287
829
231
759
308
680
51
271
1260
591
1066
83
146
1509
889
1853
1306
203
558
830
2688
449
455
206
2227
1287
769
856
1341
1003
1073
426
1565
913
492
459
1007
474
1210
377
348
61
184
1026
2131
661
1217
1035
239
2333
411
617
607
1850
1507
431
463
576
637
5457
249
592
105
3
777
1589
753
3775
182
576
513
235
695
878
51
1855
750
1002
1151
300
3025
1333
105
4
171
477
305
2056
31
172
825
1923
168
2047
266
1717
156
462
43
663
41
188
47
2426
82
1685
1520
1360
58
1710
254
2455
195
49
360
1971
183
1527
1385
344
854
369
508
633
929
217
1129
64
1433
582
141
410
2086
522
323
1267
140
1032
556
3005
1097
1129
550
2005
11
466
1143
883
2150
10
1052
313
4159
17
819
573
20
1901
713
427
113
169
135
73
1502
220
557
2118
639
165
2996
227
923
626
432
166
2412
215
42
233
486
97
109
614
3024
2794
738
147
23
346
934
180
1953
915
2955
401
2232
2619
762
636
1615
2357
251
16
278
913
445
2564
219
895
1224
509
1369
1900
1353
2561
1225
251
717
115
2161
735
1291
159
1299
992
1821
843
1004
506
135
3323
416
1182
371
191
964
1407
92
365
1021
1042
33
131
586
1412
144
429
12
855
377
4
2184
477
2270
229
2066
355
203
3021
909
953
250
1475
773
770
757
2940
1054
25
1069
359
349
1114
228
23
946
229
550
681
1203
451
1277
487
1850
421
859
1563
2967
83
926
1179
129
798
185
773
640
2888
1158
1367
1142
91
1489
413
269
868
1487
3780
6882
735
1296
2230
1254
927
3338
701
234
1010
508
506
609
563
3775
393
2995
102
3683
1880
205
165
1068
371
153
2284
481
454
2
855
1316
2926
186
1101
1233
295
842
735
1119
2120
2031
2108
786
288
440
294
2599
405
15
1015
223
2331
88
811
353
505
626
1117
407
1238
553
764
212
439
1640
211
300
179
467
1014
1598
637
19
1085
321
1660
2106
694
30
1404
2536
844
2222
365
4058
64
780
263
18
2586
334
631
1140
591
130
1063
1216
529
2361
44
1576
2063
455
466
1926
2819
59
2415
1283
764
992
991
107
1129
343
1474
729
6152
577
128
511
1260
1095
12
283
1040
481
1870
2108
420
1321
281
3415
1057
72
376
629
423
2615
66
815
120
1079
45
1587
155
425
329
535
152
172
412
89
223
993
1569
2669
196
205
248
126
2149
783
2186
1681
64
1005
1516
1516
2031
191
511
1981
1441
2767
344
443
418
507
850
239
643
1335
661
369
687
1814
1047
867
377
256
1462
149
127
813
377
1297
264
352
533
237
515
557
601
218
287
2565
137
1587
6167
929
466
2197
1643
1813
2651
112
2212
77
1297
1389
686
137
211
325
287
2123
113
442
671
205
658
1982
132
500
665
779
1435
542
158
766
452
616
814
532
4044
301
1423
264
1712
269
148
972
998
1103
1366
299
2977
145
729
193
727
211
1629
126
42
1992
107
316
1597
2773
285
98
1165
429
13
2336
1660
165
1090
1064
741
1511
874
685
2791
2178
238
700
1884
40
410
589
1684
171
180
1660
1048
2873
813
1327
179
920
3132
695
849
997
32
70
165
245
3015
388
1176
184
441
271
128
882
66
985
1444
868
419
1809
1415
32
624
2623
1355
266
1850
1772
230
221
195
52
4823
2443
1208
111
1321
1040
638
896
218
323
52
350
251
845
810
1221
1788
39
6096
599
1788
61
159
759
1590
1260
147
2877
298
1767
2173
188
379
231
206
196
170
236
626
411
276
381
53
1101
239
953
545
2634
3815
936
21
747
1015
460
313
1348
1865
1931
323
392
1314
581
1046
69
472
176
281
1259
2709
4432
2116
42
2562
612
2956
1397
3554
187
532
1027
127
417
1162
424
83
1147
2709
1199
199
184
95
691
1032
1086
708
3295
445
795
2230
2216
261
725
1538
1965
1719
335
463
1898
4376
1402
876
543
606
2408
1237
336
1702
154
783
55
1455
4535
3205
2451
1286
1036
582
354
1112
456
355
1857
4066
1143
834
296
1382
992
41
446
905
86
27
598
104
1025
4009
1278
1441
1191
335
266
276
616
84
551
17
564
344
1409
653
1042
1581
3903
3093
340
1093
427
453
2008
4217
257
1601
245
489
9
1358
3463
595
808
1255
249
191
1138
144
33
1451
288
763
1163
33
1130
839
975
32
579
2133
106
262
1584
218
225
200
1313
437
486
100
561
1412
633
626
1044
144
117
120
136
146
79
2540
209
364
973
392
2531
601
990
729
179
2803
489
686
121
128
50
1575
453
458
163
2948
750
61
280
2230
140
689
494
118
850
742
1835
172
29
89
263
1896
974
1437
570
2618
2352
92
534
76
1202
179
441
84
1252
473
415
485
1357
1506
1121
489
135
69
3081
287
40
311
1552
572
114
154
1502
842
695
1287
804
881
187
52
614
1097
1694
2075
1519
1789
1279
1033
395
425
2981
2306
145
2693
3672
6954
474
3695
1058
1096
395
756
622
1555
765
389
295
320
4876
728
273
208
1124
543
279
534
360
1189
675
639
1185
867
761
279
1373
13
195
133
2193
1007
61
385
15
1579
388
5453
1037
344
391
291
895
438
896
1915
2819
608
599
570
368
726
2
899
821
358
761
896
4605
1048
1024
1980
1028
658
2371
30
2847
84
1691
126
1735
130
142
3
542
1497
194
2524
1581
1063
391
205
452
3504
2307
1220
1037
1796
649
389
126
531
206
346
1756
600
42
680
146
1176
277
760
626
290
101
1178
1079
1515
373
371
556
805
709
1224
558
856
1100
2443
245
848
1789
778
697
157
65
751
925
970
332
685
727
103
9
849
39
3941
414
2970
282
313
657
1293
393
36
58
1342
1057
1302
117
416
306
351
1001
877
849
1176
26
783
2665
783
196
1223
166
3335
1542
151
424
4345
995
784
3239
1753
2158
56
1910
1800
952
966
1810
671
122
105
1384
798
2108
161
761
134
1011
1677
2452
199
2117
223
124
2243
2477
1532
2454
835
581
761
2548
2031
323
1109
755
2858
1226
495
846
997
1657
7310
484
1214
2567
1310
793
1883
1595
614
383
461
204
2171
97
71
830
1400
1135
118
364
877
748
256
561
811
1380
350
673
638
3132
919
1037
385
2940
8
100
1709
140
309
1851
343
799
320
100
263
1156
932
24
1112
5817
120
1197
242
373
2970
917
475
1265
2060
363
304
52
693
751
1439
512
689
1809
474
905
244
1505
829
17
1610
1626
680
1896
445
1031
81
1846
3030
2395
599
349
1904
634
50
1322
1119
762
1057
671
253
1253
1258
371
365
897
1881
48
45
1045
893
711
506
1315
3763
81
519
16
1536
101
168
517
336
32
286
576
285
1309
299
2356
405
5
88
2275
50
502
991
179
118
1190
1063
473
1814
140
1222
2017
487
2477
221
1008
3039
960
456
162
743
64
3644
1190
143
2509
18
1840
1760
608
3697
425
23
455
2992
556
61
174
23
77
1361
2
313
1449
879
2734
669
48
92
138
249
1486
306
46
551
76
386
581
62
1037
159
168
335
1704
886
2182
238
240
175
34
26
5178
125
928
27
313
1073
3933
2123
3958
478
451
3898
2118
1053
463
1090
363
719
96
2156
237
190
1494
813
993
1100
610
488
1226
134
1859
1299
766
998
305
1115
3978
1633
409
0
103
1293
851
452
246
1347
261
2075
2388
933
202
481
2491
923
2095
1309
88
203
184
2909
732
1434
128
2875
1216
481
2240
831
34
1513
1341
465
434
192
153
774
1714
5615
536
321
1702
1113
2173
152
3006
1137
365
542
504
1702
1729
1044
96
97
459
182
1992
509
1426
1812
602
2488
156
2412
311
1239
388
1127
3949
796
130
1133
2101
878
73
1924
682
704
2528
189
656
2461
83
409
610
1035
538
288
42
1369
755
168
24
1765
243
812
639
1454
3039
88
1582
922
3163
1942
180
378
927
287
856
142
1227
347
895
603
260
1078
683
603
562
424
2776
3102
460
457
246
3489
1346
27
69
259
1753
438
71
2317
2256
128
62
697
80
688
105
148
430
2357
1687
842
1888
490
252
856
102
2741
6
847
294
651
224
390
389
17
4099
622
28
286
780
3148
428
475
966
803
42
296
547
129
212
1944
139
1790
24
1145
1632
1566
1957
503
794
391
1033
1392
308
1132
84
1842
4302
2847
1274
1070
1411
1995
574
2
3159
501
352
770
270
895
1065
436
1189
1280
293
5290
1032
1384
1898
2521
251
365
7
929
595
808
66
227
382
450
6
1361
247
2165
287
732
1053
178
1135
578
119
368
389
403
2330
359
363
203
502
1667
298
810
1581
123
477
752
503
289
698
1261
1582
806
462
797
1091
109
559
64
227
78
3
52
1102
162
1082
842
1045
1169
1585
596
4800
2423
442
1176
23
796
2158
301
292
728
188
1999
510
1219
320
469
159
298
184
25
350
1827
227
665
2091
1669
2093
723
18
561
1770
96
545
305
218
1457
485
269
246
2176
274
405
727
26
607
530
370
529
463
4033
516
1935
1799
848
4791
1184
1064
370
335
100
262
873
1168
734
937
219
19
2424
5807
1381
4793
3662
276
764
1090
73
496
1101
1936
481
1854
1825
2068
1103
1681
960
182
1011
1555
124
467
134
206
1618
208
1288
610
245
732
416
369
2613
547
974
16
689
2136
893
955
3219
168
193
1294
2045
1164
320
5026
668
727
41
538
1349
583
617
830
1597
272
624
323
1735
237
3023
2971
254
465
1327
515
1618
2822
146
216
190
561
118
302
1688
1805
1071
13
314
483
842
704
275
898
353
160
920
1339
124
313
406
2375
191
92
2779
1927
244
206
785
150
2107
814
131
134
652
1650
109
1643
7
1385
161
646
336
581
1564
539
1707
34
158
138
787
512
699
1114
217
325
1271
1228
3860
1774
264
95
286
1009
129
90
903
555
2075
533
199
1664
2310
1477
486
5
484
1344
412
1549
2143
2735
524
773
184
1582
784
2233
818
132
221
3653
40
21
1018
1309
437
4118
1333
2335
647
243
1737
535
499
152
1154
610
2312
206
422
1696
588
626
283
951
56
62
2005
707
1007
1138
596
52
65
781
277
1519
1741
307
123
343
380
292
2037
562
101
428
935
281
835
380
1879
715
193
1905
1260
3150
537
918
1915
1735
1503
895
932
51
130
756
149
286
311
302
4823
504
343
1910
405
2689
288
3553
1395
346
1211
108
1911
1540
58
469
759
3692
980
703
348
1610
1119
512
485
39
5
607
215
492
899
846
114
934
1818
1703
174
698
1736
649
3685
1067
983
1710
729
1825
927
2914
581
616
354
1339
2034
2980
2271
1887
4774
1324
1371
2471
621
192
1429
308
839
813
291
2847
260
428
1236
814
1885
47
376
240
250
622
3588
106
2105
293
1860
3146
893
2270
1173
247
669
637
454
2097
20
355
666
1150
1562
998
424
1947
756
57
182
1261
295
5
1314
11
449
81
1390
324
304
1738
2514
2182
2254
691
517
2001
1124
908
2739
47
2439
195
388
21
1009
1210
6507
879
19
204
983
361
320
856
602
42
469
3968
126
2628
158
20
455
5
556
485
2215
687
423
1084
1502
146
104
205
2633
1683
954
798
389
1272
95
970
222
355
1288
1021
126
3772
1040
1668
428
47
7967
388
338
134
423
1903
896
1949
147
321
1081
646
2610
737
1067
33
141
3218
281
2903
36
440
590
929
93
688
2631
155
1138
383
53
691
3326
1319
760
286
488
111
592
1120
1335
831
420
1142
83
818
749
27
1107
580
141
228
1242
3950
1173
3961
3275
513
2430
368
37
2023
399
985
333
1920
2986
844
435
2498
1462
42
1991
3525
2437
3401
99
475
381
466
360
228
615
459
433
1082
1197
4053
2863
1133
417
409
611
2081
1115
1113
257
760
1463
3891
1646
253
96
517
250
194
4130
119
736
557
569
1131
166
164
351
20
343
902
15
149
484
1536
2888
1992
1208
315
151
492
1765
1734
978
1027
884
62
888
1086
385
1462
2034
1816
2107
1178
1170
705
1035
1156
2101
1320
1206
1056
125
765
47
391
128
1983
660
1454
360
146
938
728
62
208
1682
3903
168
1145
4073
241
1087
315
71
608
977
411
1421
877
1226
461
651
4474
51
518
248
327
2197
443
1058
761
794
806
1062
1577
2564
134
1392
443
483
3064
1644
850
2121
114
1958
1511
656
99
939
26
486
1370
1135
759
1364
2637
467
286
983
1435
276
75
893
252
1590
628
398
149
1077
891
242
1476
117
619
2
129
1393
59
418
605
122
9
1027
785
116
3821
3344
26
309
127
1541
567
1185
51
539
1007
1645
2458
1459
131
585
747
1417
2703
100
2170
2307
97
345
1201
813
171
1027
371
1239
1886
2159
590
1370
876
133
3225
1335
1224
2749
906
198
1116
1118
1894
1686
207
611
672
1315
560
113
189
363
1258
2003
972
168
897
2769
1007
197
269
32
628
988
2840
523
2411
53
993
1729
1714
3000
489
937
1338
719
1504
11
1009
1258
600
672
188
