79
27
719
107
28
645
1134
667
91
951
1088
119
288
180
300
607
133
1420
269
808
476
59
115
1622
852
10
1000
588
497
2278
400
85
63
672
39
1298
28
183
12
810
1011
173
239
1761
395
452
2103
950
414
396
82
61
346
525
428
1228
327
156
8
191
104
203
1250
1512
2081
247
1354
64
188
680
434
1962
228
294
403
343
102
34
226
394
297
8
64
131
485
201
434
134
36
713
70
249
5
449
549
186
579
732
977
207
606
361
152
26
510
902
406
398
610
39
14
181
854
338
732
186
2184
105
291
210
1535
606
741
2416
49
786
287
217
417
212
1036
167
1554
287
18
550
83
1426
420
850
666
864
382
507
93
83
668
203
185
1258
414
388
789
1485
884
268
580
673
1424
113
131
105
558
64
177
1929
681
113
1034
11
70
1156
37
1307
205
27
439
57
253
22
513
88
176
599
26
535
471
128
140
336
477
944
784
542
690
361
41
110
405
184
66
341
227
53
25
329
309
346
289
250
552
313
973
452
274
937
600
75
750
323
707
250
4
816
109
84
326
1122
471
1508
139
466
1185
971
292
525
188
286
11
1245
429
121
41
367
321
189
104
673
858
41
43
121
822
1437
7
777
581
149
311
439
2908
266
384
60
853
1360
86
181
15
549
447
1416
1347
307
1014
828
285
592
472
582
142
1201
635
541
402
187
870
249
893
169
207
303
341
609
1530
1373
488
895
85
232
572
942
282
575
369
203
1091
949
503
420
686
507
2542
322
23
50
780
71
525
91
741
689
81
393
53
573
78
4
607
813
1097
135
58
1025
2
556
177
213
426
56
54
198
355
882
386
659
608
530
845
64
314
66
805
476
973
427
1406
460
658
25
1064
570
171
388
197
105
56
63
126
1023
105
701
363
200
394
102
363
1616
382
211
383
332
102
1411
895
366
273
226
164
1450
279
144
102
596
166
322
20
171
492
549
103
553
734
303
1492
342
420
1157
731
1263
55
701
429
95
370
208
780
898
397
1147
300
131
459
498
47
106
153
29
282
386
208
563
644
120
196
356
1042
71
295
27
138
210
727
696
58
13
142
1373
8
700
140
517
717
438
2048
314
20
16
123
59
919
309
191
101
78
920
525
290
355
212
78
317
280
328
377
1428
101
831
412
342
179
1809
2029
2018
45
693
251
350
18
440
213
38
74
118
68
202
31
19
763
14
