1606
262
2435
3985
1872
3226
2251
2690
1229
280
206
878
1622
444
1922
2185
47
1320
5
34
418
39
214
554
1791
1299
120
3975
240
153
1185
68
169
176
629
1266
473
601
73
501
915
555
1597
671
228
65
229
3265
586
578
18
817
3699
1756
2452
15
111
840
797
2220
53
415
34
119
166
134
1372
2398
1614
548
235
91
698
486
2559
1312
652
734
1434
430
689
218
17
385
611
1646
1038
155
349
577
152
2323
5237
1053
1092
2028
664
750
53
2027
580
1114
221
4083
2265
183
510
306
2427
12
158
404
41
340
816
120
186
78
1795
713
152
1260
961
241
164
95
144
222
1517
495
290
2055
3236
613
2396
1813
41
2013
1482
96
32
442
463
735
720
393
245
1515
5211
506
689
466
344
444
1406
185
940
375
633
2772
140
967
362
192
841
1187
1333
3509
1222
75
504
129
167
2289
500
587
4479
2470
383
805
7483
168
1267
872
8
640
1073
1879
194
156
134
894
216
116
390
1105
145
287
539
238
180
426
452
820
197
11
136
1950
741
815
490
167
177
3541
1839
903
316
90
560
5064
352
632
959
1991
2245
167
3915
3069
44
579
273
684
1186
669
930
2782
140
419
207
401
285
678
726
92
591
1115
393
216
364
1667
353
701
1250
2152
491
1637
888
703
82
1606
863
3860
1085
833
291
218
418
169
549
411
607
914
592
96
1184
248
1829
350
129
75
4082
602
391
1081
265
1449
2606
175
1240
767
106
140
1034
401
15
2834
958
395
1444
427
664
461
776
80
193
339
597
3964
2084
2351
64
714
834
217
53
193
135
3382
1584
760
215
193
336
3718
523
1427
907
87
635
98
1579
1821
849
275
1571
807
504
196
3192
558
58
2670
262
944
890
5337
468
335
915
224
144
3136
420
85
1944
1243
112
1811
1261
132
288
360
3312
3157
36
2424
1857
2622
204
215
135
5755
959
1046
1812
1286
1302
242
507
30
32
158
724
2268
540
677
1217
1442
1973
601
36
333
1757
78
479
1087
738
596
4845
370
5239
1769
1517
947
95
607
137
752
355
340
1475
514
1918
7575
284
2511
1065
211
549
1230
161
316
1933
12
416
991
856
125
1655
2782
814
238
2028
674
870
162
208
510
2009
2223
1996
1208
2287
1134
920
1253
274
569
187
2340
1264
3700
149
1059
940
19
178
412
1193
365
1182
1391
760
0
3033
1763
1423
390
529
526
1019
1369
66
700
326
1282
379
609
3529
1445
4413
510
3644
335
573
731
1212
817
288
439
1661
1075
1404
812
550
1805
404
673
498
1781
106
1463
2845
1798
445
1010
1384
148
338
82
59
455
926
1403
26
230
2055
1961
2879
2042
4490
1619
1247
722
1250
312
777
900
557
150
260
25
1092
1552
566
191
421
128
73
1270
875
82
1455
1985
367
159
525
589
141
522
319
285
1637
144
2665
222
71
453
740
232
150
1275
894
425
573
152
142
410
0
2160
55
1584
326
536
59
817
384
712
80
821
799
4257
1382
1326
3489
48
568
411
864
566
332
1534
2669
29
1788
1644
1778
617
1187
1321
84
10
606
844
1193
302
852
162
503
1132
192
280
2939
436
35
2294
1352
194
2081
426
167
1357
1135
226
719
1220
628
688
1396
2083
1644
1239
665
226
14
825
519
747
269
780
2773
429
3994
475
555
178
275
118
605
10
5095
249
580
1091
238
2520
4249
1442
490
335
728
122
348
528
153
611
250
698
1957
1071
318
155
961
619
269
532
1242
888
78
720
74
247
2418
242
2686
136
504
449
345
308
449
291
1236
828
199
573
360
246
286
2697
1024
1618
789
79
1901
519
350
1379
526
633
100
1112
297
488
1063
2005
767
117
1518
842
229
3650
785
164
2075
611
1464
1418
395
3404
1811
488
2099
50
214
323
863
665
1271
1413
687
479
26
21
1075
47
535
1959
103
1412
34
1946
3671
1304
27
3697
795
1648
37
498
3494
848
15
184
102
1871
929
2702
512
580
707
757
5050
2123
703
2093
2369
504
383
986
4311
271
90
2539
1321
288
1149
590
894
607
417
508
269
477
539
710
570
379
453
895
1597
578
2573
415
186
1403
642
3336
34
489
592
657
6
54
117
1602
264
162
50
801
616
707
297
2454
1152
562
658
106
492
2198
784
664
5136
76
762
622
1450
130
2048
3542
6
20
276
2265
1315
732
689
1710
1660
1067
475
1854
4329
377
121
1238
1590
3139
2509
122
594
583
225
1066
121
1677
112
432
462
2781
179
855
1432
1433
172
2007
475
57
287
834
147
2054
30
575
199
2435
455
1879
271
1257
410
380
520
2304
111
342
1341
301
1195
2459
1069
2311
429
1389
2430
825
1038
564
78
1228
987
42
117
770
121
74
535
392
2692
176
444
341
3606
1286
261
1038
129
1120
918
1837
1255
2331
1156
1287
837
1100
30
923
1434
403
2185
112
324
365
30
285
1122
295
818
1842
21
1275
1002
1426
28
579
511
701
1156
3354
1044
348
133
2069
1404
891
278
1379
302
1508
130
1637
292
737
76
1337
330
1595
1497
2027
1677
653
54
657
3
163
753
2199
603
652
782
314
207
515
1248
667
1983
298
64
134
3700
384
464
592
1588
211
519
121
290
1365
2265
1941
2248
53
1828
530
198
2213
875
291
1128
421
101
569
1730
63
5090
23
827
1109
461
1761
842
831
3576
67
589
114
4459
1530
1112
256
139
882
57
260
1873
1686
73
157
2007
3763
1973
1179
371
110
967
125
1255
167
431
481
902
721
2559
46
375
2684
340
317
48
1625
411
1494
705
395
589
555
1979
659
2154
800
2600
2065
4629
2088
296
1176
301
767
113
318
626
2602
3234
630
4370
38
145
137
2446
1992
5081
1434
811
3350
133
1913
1881
455
223
473
711
237
1869
773
387
69
2155
526
295
1103
601
1572
1479
870
90
339
1476
1188
1325
1050
2566
837
2156
1060
1229
6
638
1460
1529
322
378
343
589
747
317
1319
311
1699
1502
899
1017
100
1591
930
2137
5
696
469
619
2939
266
1712
1324
1250
2550
733
267
2184
965
1154
107
700
454
501
2910
150
3575
46
603
2192
858
61
124
2004
607
53
1135
1317
232
115
1566
1740
434
433
1729
20
550
2005
890
263
473
337
279
576
228
4777
23
210
559
958
641
919
3341
14
2688
1198
164
196
67
102
931
757
2
1362
916
52
372
390
458
188
893
258
1305
292
1835
275
11
1633
4514
1977
1025
118
526
150
159
139
2727
521
1044
1118
1512
1021
571
197
836
294
616
701
439
1384
1942
396
1103
292
123
1231
1930
902
797
228
293
493
57
1992
1463
5785
1190
617
605
597
2683
606
3751
1306
784
232
1250
428
2909
89
1412
2570
577
680
176
68
156
1370
236
121
495
760
109
491
1542
728
1751
2465
706
162
1846
90
44
816
20
705
568
789
1440
253
309
244
410
160
2173
388
540
3274
307
1134
1832
971
1160
215
515
1847
923
170
665
300
124
811
436
111
15
508
136
23
599
360
4604
557
1501
674
472
810
1052
158
2219
430
2197
15
561
787
1055
37
2037
986
72
467
799
1120
148
1429
416
180
879
4323
566
588
449
1070
1219
1944
1049
1675
955
605
1221
144
889
79
1367
379
419
673
676
1870
2927
4760
46
1118
557
1657
1543
910
2281
821
1198
1701
1339
910
60
921
1858
1207
484
667
2161
12
193
1875
933
575
705
158
3922
343
468
83
34
2301
1458
226
205
1026
835
3843
834
4141
28
67
94
1131
2422
171
140
21
1575
2249
496
555
1306
207
1502
1326
618
726
2709
2160
129
1110
947
2537
187
1025
941
254
1821
41
1403
162
1424
1623
833
894
216
471
91
981
36
2858
546
421
504
290
58
22
688
1595
2095
604
69
1988
745
2676
2
610
1264
56
1830
119
2257
1055
118
994
290
1683
1743
401
1299
2445
194
388
920
175
232
499
1227
1738
504
1068
813
3279
170
2608
1335
617
1055
58
191
2152
108
3419
1285
1472
57
1567
1845
350
356
306
561
613
383
153
1120
191
299
1403
182
451
2124
396
932
663
211
366
1419
41
90
392
757
420
496
488
2197
116
597
155
126
44
1791
218
901
245
1624
398
133
3296
147
1291
688
1955
1194
891
1223
632
1390
1670
1306
1910
357
478
935
276
487
3385
1935
1825
1982
1426
428
733
1374
283
693
1045
1643
1056
309
207
22
137
263
524
140
241
51
2420
1938
60
513
149
1133
734
94
335
122
1211
112
633
782
272
1393
90
411
1148
2162
1024
473
2238
1239
1696
1028
437
1434
433
1590
3566
60
207
1475
1678
1846
247
30
796
1383
465
847
2940
1917
2020
1155
576
1249
2667
186
1599
732
791
852
1452
90
144
1539
196
2812
293
1215
24
1204
683
406
250
362
718
691
1050
47
46
3735
929
407
530
806
5265
849
786
47
1769
697
1190
969
93
627
491
1490
467
222
863
306
225
385
2258
1606
159
1681
1391
1695
2007
110
235
21
76
2616
457
1047
261
491
4237
1765
158
56
363
1091
1630
3020
495
3333
649
491
1315
4269
185
3525
251
1471
285
3253
1212
3329
131
923
981
3328
1929
760
3348
7
326
270
151
1581
1975
1234
833
132
2736
34
2
407
1613
1342
1165
307
1274
78
253
642
569
2440
220
2274
1336
666
257
761
665
2536
396
148
501
288
1121
2131
1508
489
2444
261
436
1031
723
180
1013
1314
4192
4927
1344
331
731
1824
167
1922
356
985
2783
755
280
836
75
636
802
243
241
376
1358
696
105
445
753
540
851
70
562
159
1606
223
2030
1720
296
96
836
118
370
123
856
191
237
1982
2926
85
1645
1423
1566
350
2689
40
71
410
1314
69
1050
1227
806
1648
1694
1969
1617
513
4381
207
109
4
1118
48
5563
1245
3328
1063
296
822
1779
345
67
978
489
1140
22
441
885
1939
2371
613
635
200
463
1765
2728
23
1199
1883
84
496
399
3619
2950
2672
689
1138
26
1605
202
7
2527
1960
2044
772
671
186
1809
1896
4377
743
1626
391
381
1581
1664
151
384
513
1276
319
1079
2038
31
72
1550
1318
100
1326
583
484
825
11
1065
1439
2108
774
1100
463
4517
623
267
1310
308
187
391
210
2395
1208
1140
932
609
817
1363
422
184
1597
1815
1851
3127
204
57
742
724
2589
51
800
1715
1149
1444
20
370
925
295
198
350
380
1575
2906
139
1405
1074
397
100
302
231
139
462
165
1623
1482
551
779
378
3845
15
134
367
1491
523
1639
423
1189
163
2659
2236
360
74
943
808
1676
179
227
1356
1176
383
140
1389
229
49
1355
601
2918
299
309
1105
848
276
80
1933
502
308
257
757
674
3653
3598
692
805
28
5
440
81
272
84
312
1511
227
730
904
468
1204
228
519
4579
685
1615
47
1459
481
68
1025
384
3079
590
1792
1166
217
1256
741
1392
756
1876
728
108
826
1253
1649
17
1010
992
1028
506
366
1671
1261
65
152
172
31
1420
677
117
2485
478
573
952
1546
570
890
2147
291
1964
658
666
215
1553
1391
2122
238
286
2246
990
76
3893
4271
279
476
2492
349
775
1627
800
281
954
144
1209
1383
697
821
1516
1593
290
1364
129
1491
1418
95
16
216
13
859
1015
1909
916
408
968
914
7511
200
411
1301
1644
371
1281
117
953
1322
40
184
2195
2
2247
730
571
317
116
1168
2724
1416
170
950
1277
1203
1932
2713
197
1522
311
1525
684
364
587
2153
228
182
664
747
1308
1295
729
1815
379
628
48
326
2114
1984
1715
2364
293
1728
1299
170
103
749
238
663
3189
558
765
2862
945
794
1168
998
2620
437
1013
1613
117
2381
1751
463
28
1402
136
1158
2248
123
696
925
459
1530
146
104
1548
1079
771
732
1201
113
785
194
318
283
1116
127
1441
1554
1497
1228
86
392
1060
1023
1273
1217
214
2440
2046
211
16
118
433
2760
301
506
604
2791
950
75
857
2988
621
369
2610
87
164
917
307
673
2469
174
1283
431
348
316
1423
1007
366
3086
377
2158
2681
456
78
243
1464
3164
2766
748
217
543
3801
423
978
624
811
1166
3206
10
147
722
1492
395
267
343
310
56
483
1030
34
1187
982
1106
4368
254
158
1789
1195
3182
1133
280
128
30
210
300
213
632
2075
829
938
82
1049
1413
759
619
178
142
1074
958
2085
3432
191
2145
4757
4302
860
479
1440
520
1025
1362
676
1773
2583
790
445
1849
1210
1283
549
166
980
1620
166
1557
833
1421
390
2260
812
44
513
313
51
1424
289
4697
15
1716
562
929
882
259
907
268
2608
1533
380
285
1322
1099
5883
957
324
868
1004
992
419
442
643
1124
3115
484
80
1400
1303
127
2843
1877
586
2639
289
1890
478
21
224
1982
703
1381
1671
77
5184
3614
2684
1478
2825
507
243
1319
71
1397
294
689
431
1177
2258
2994
260
267
74
276
1084
42
808
78
941
1545
1287
254
1214
2117
430
2218
211
2613
12
909
1729
512
1591
4543
1091
98
1906
1283
2438
522
2194
1690
1882
194
1041
224
559
1135
1295
950
809
165
1414
1005
832
332
460
2195
597
3005
1688
1469
130
97
1420
1837
700
1934
2199
1115
3693
452
2697
373
246
1537
935
203
763
1751
816
1465
69
314
185
84
481
607
1988
126
2740
453
358
457
996
386
1505
847
3014
2190
916
771
301
658
164
1596
34
217
562
1749
359
290
1189
424
7193
41
1639
322
494
83
631
1038
1406
1041
660
1098
815
411
709
926
774
2039
1420
94
2077
57
1355
334
965
707
544
754
30
3357
111
3469
151
226
488
3092
797
675
2194
2634
2703
537
296
131
785
4402
208
1227
1748
523
239
60
3254
461
16
1426
344
572
1253
10
897
1296
137
1418
736
1389
981
751
2004
378
3635
2786
534
2009
269
271
1082
781
575
1694
176
484
465
411
1010
251
67
259
296
331
54
1194
532
52
894
241
1363
7211
340
729
515
264
1499
3219
1424
2019
183
314
1091
1116
561
1325
249
225
525
381
125
1734
1786
234
2658
6269
127
726
537
977
170
828
1473
595
2731
95
138
113
406
703
74
569
329
257
1570
139
1479
216
528
429
860
484
373
806
1196
114
844
683
97
187
131
619
252
832
409
1624
2610
1240
1129
539
141
642
17
502
2918
11
108
944
88
1040
3116
299
108
1401
3832
409
855
701
2342
1250
660
112
1286
359
453
234
119
492
186
754
2093
91
1296
114
1303
1366
127
957
1244
1607
476
1748
2815
34
1641
2071
53
549
1609
646
2307
1470
855
2161
686
367
2488
879
414
815
379
410
1453
951
306
137
825
1047
959
235
366
461
191
691
913
189
1738
667
737
367
706
1655
445
1934
1311
806
489
651
1329
879
165
4248
1122
382
55
346
1842
663
495
111
799
546
664
1946
571
108
673
1018
4116
225
267
3679
60
610
1348
31
1047
611
106
3088
1173
911
1828
494
750
170
2724
3301
1603
42
539
86
4910
968
697
556
316
1552
75
126
28
1148
1018
211
163
2998
27
1266
26
57
2806
1954
952
129
1985
1168
600
894
645
39
1184
1367
1499
517
1975
185
548
543
907
632
217
8776
999
1165
6326
220
1685
1358
38
987
49
684
3496
43
1596
133
1909
679
543
38
150
1578
2525
1947
405
454
3698
2137
1481
221
789
23
781
1331
1740
550
156
317
102
2813
109
839
1371
894
1103
1677
2456
818
403
1572
1232
174
83
268
1680
1809
342
211
1381
878
1799
305
468
839
1635
3842
1042
1100
1158
870
412
95
923
115
487
2012
420
3001
11
2599
4098
422
1023
1196
3399
5
2655
2772
2310
987
645
236
396
268
9
138
3319
1267
1103
2771
213
463
1768
8
598
1831
610
635
48
1390
31
959
658
362
869
626
572
1936
1619
252
3
305
553
387
1897
1222
214
131
281
252
399
2123
617
2121
147
335
323
148
575
851
255
2014
298
1209
1692
386
655
2446
372
2238
461
1024
1490
3949
205
2122
884
175
149
1500
1374
250
1629
919
154
1670
2650
3690
669
633
1336
210
2735
216
469
1468
278
248
607
864
1660
2903
2449
669
1892
1567
293
258
182
92
422
2989
1749
20
2860
418
13
1053
3882
164
880
1861
1334
3226
389
157
1554
1901
262
213
1254
1577
78
2338
47
184
42
62
2803
151
1569
1005
911
640
461
945
818
414
1094
3255
1453
794
781
384
731
971
1896
601
356
1331
954
213
53
1050
731
70
620
1472
1820
171
71
900
161
902
601
339
387
249
1899
1047
676
498
36
541
235
3365
1100
496
1451
84
374
718
184
84
2157
1243
1253
837
1824
382
359
981
2333
290
1111
1455
840
1195
1691
322
803
727
1671
628
1863
2090
1191
10
93
577
234
2624
590
1854
2722
283
959
119
691
327
250
405
133
543
798
1211
994
11
235
1284
671
659
2495
705
582
1397
119
304
1285
1245
1020
196
156
300
907
849
3327
1688
1984
1998
355
302
793
198
544
618
1937
597
186
247
444
2576
256
1477
372
26
2346
836
2016
161
1233
2837
182
737
294
308
1237
5
1859
107
64
1571
910
1939
1208
1052
377
2142
1577
2973
165
421
397
824
329
1103
2045
2910
1813
106
428
168
420
723
577
819
2969
355
683
2457
94
576
481
506
194
803
433
2151
2001
488
1705
1452
224
948
1547
1104
310
1143
1154
245
1039
960
3187
988
705
907
1508
1102
1525
970
594
967
432
954
1069
944
3115
493
743
24
948
187
176
1841
2856
2177
123
690
50
116
5189
423
72
1051
3474
782
86
596
1265
2594
158
1296
1061
1323
420
791
2909
487
580
378
1251
2509
155
1152
245
650
1863
364
3675
109
985
111
672
357
388
1090
522
1211
4646
994
1131
847
655
5254
502
2123
162
3685
316
157
3043
512
1603
149
1240
722
934
1798
247
353
148
269
2688
2350
748
1345
857
515
1037
214
1028
95
403
22
1198
90
376
683
25
81
4037
363
1008
2237
497
1229
528
4066
869
1687
210
1172
542
4528
313
2695
1450
1180
381
209
729
105
211
428
118
125
1869
4426
950
1428
859
2390
798
400
185
1546
80
450
301
2699
268
13
1515
704
614
1431
1099
415
846
2755
2146
394
2081
1622
712
1313
1379
20
357
504
16
140
2204
470
1604
359
117
608
91
335
1442
490
54
741
608
410
110
654
388
1308
1139
1762
187
485
116
15
1161
190
222
766
1256
1025
1235
531
150
938
2971
706
219
70
1566
485
264
489
1783
1096
1060
160
328
699
68
731
154
401
1671
194
923
563
1288
1346
177
163
171
338
117
814
568
4486
2027
181
1213
20
329
84
2113
196
1676
117
1059
1600
47
577
3211
323
1146
2245
1708
1694
37
176
375
93
55
1555
2151
5261
182
254
402
913
295
916
2022
3516
504
1077
601
3224
123
123
353
3645
454
2224
300
734
1692
416
9
265
255
438
429
1378
337
425
80
2633
4501
132
637
612
182
336
1538
55
740
242
1132
435
3053
38
826
1138
1584
35
1831
2838
406
182
1215
2273
1527
1457
310
28
998
1316
1195
1547
116
2258
2327
45
1738
1071
4230
392
1100
229
139
1333
474
422
385
184
480
1350
157
106
2946
118
916
707
18
58
568
398
491
746
2276
2149
1978
1474
19
1768
441
937
1844
1754
660
742
543
64
754
220
2497
765
280
292
4711
1870
1045
403
395
1536
1144
4475
59
262
918
362
1080
103
