629
315
582
882
1926
1095
668
846
1036
341
163
32
288
206
479
244
106
296
479
566
325
872
313
510
2088
34
90
222
127
616
175
136
9
127
545
571
711
1103
108
313
46
853
422
349
89
520
62
110
43
40
987
359
621
515
1307
292
724
1164
128
1557
276
1905
34
39
1606
572
483
463
1013
84
420
304
376
348
1401
104
261
66
128
108
456
1663
1
569
532
158
66
279
1122
90
332
642
551
81
127
73
223
1206
1023
1348
101
243
55
860
581
609
284
193
982
353
4
498
1993
1254
596
91
178
1322
416
699
458
1444
219
156
19
342
537
134
379
1268
396
272
1576
52
483
47
488
121
174
513
353
231
425
136
375
142
160
610
664
2351
1250
333
1059
145
182
155
1477
140
252
167
685
1094
508
1302
1021
301
125
21
1205
1479
96
173
261
282
660
222
184
120
708
511
596
2
44
2146
294
48
390
1027
138
647
41
512
26
1625
426
208
379
265
194
645
1065
1255
633
230
374
893
540
18
249
29
244
166
19
939
210
386
223
255
141
133
200
910
1057
99
820
245
347
489
23
274
683
179
1348
44
174
1
945
18
286
339
182
419
315
503
1676
297
163
561
393
3
75
267
48
236
155
166
149
143
121
1
307
598
251
793
44
759
303
370
86
1237
28
380
394
79
68
227
747
772
824
311
180
144
205
126
90
51
808
383
212
256
2276
1013
689
3
688
184
121
225
1005
480
88
699
597
261
27
488
419
573
607
493
289
299
324
641
1636
16
537
15
505
838
881
8
342
225
759
284
46
395
272
93
181
227
296
80
261
65
215
82
1014
1903
1220
887
133
1767
849
263
884
115
232
29
1
267
1002
1379
17
22
751
480
617
651
237
708
441
563
427
1281
53
52
97
409
136
424
225
133
822
1395
149
1087
126
1340
358
202
1161
365
41
61
575
145
1124
44
10
727
805
314
21
100
64
499
237
82
160
463
64
163
723
386
324
1076
450
523
539
371
268
1861
78
92
1861
1347
79
207
312
488
1180
411
968
296
1003
472
15
1234
292
13
561
426
362
1031
13
2017
707
173
279
602
86
416
9
204
111
302
153
281
383
88
759
449
161
424
14
1190
4
278
588
120
743
875
143
1136
1304
873
729
783
57
190
186
242
1176
1461
741
190
4
20
673
228
1404
2218
810
141
142
797
413
606
613
797
6
109
362
449
356
111
692
182
