367
46
815
901
1520
592
685
1508
876
907
155
166
72
136
152
105
41
78
11
1580
1700
128
649
1063
633
2885
226
725
24
15
259
1719
1551
287
1634
1035
674
795
621
627
1393
734
268
1877
260
1921
1458
215
1450
228
308
137
427
494
320
2005
185
694
1615
1783
3
1646
1662
1487
1835
49
4
1359
72
2433
552
705
3325
1325
1905
2761
1705
436
403
35
304
1828
3344
194
906
1205
1314
4149
9
1261
399
1191
568
1563
266
2096
646
107
644
2154
374
1327
1338
1977
196
84
23
1929
11
370
1165
1650
1853
1294
1414
182
367
735
531
1158
1256
52
47
1122
2001
57
178
1791
116
248
1996
2449
248
476
1153
396
1004
9
604
2598
503
2928
358
3416
1260
690
3181
40
1215
525
523
2457
3084
3981
2251
2143
1557
1018
75
205
1603
27
27
1698
4314
2498
822
4011
251
1616
649
1048
523
795
399
169
459
154
1151
165
84
512
1793
460
10
421
3012
1483
3759
1075
1334
1026
620
262
4276
2002
1818
405
359
2069
1839
228
1290
399
4900
189
53
343
750
335
157
367
824
969
750
220
640
4087
670
194
1095
1701
83
2153
21
332
358
671
315
527
795
456
545
1446
177
236
1353
228
1524
2138
3713
91
3561
1492
5607
1350
693
1194
4840
1751
765
1494
1824
2357
1169
1319
4646
575
2572
3785
586
289
415
344
2133
382
765
170
382
20
195
961
748
618
1335
1298
215
1699
1589
1043
626
885
210
4397
229
1406
127
1519
135
93
840
153
411
917
4476
1911
120
3478
342
877
271
23
274
33
5599
1132
1833
2045
1085
568
38
644
649
1516
650
508
1075
513
1103
917
5220
657
1079
263
229
2417
1622
278
1378
315
1993
2405
584
777
390
511
2858
48
1681
64
1534
840
913
1800
3258
2470
748
2900
1929
25
1473
137
661
314
589
986
272
2526
2787
203
2910
3416
202
1022
518
273
991
2131
1519
4427
227
1450
1199
132
1733
520
151
950
11
258
720
1216
2219
1191
234
68
1305
263
987
26
3038
36
96
452
1933
85
240
334
949
2118
67
1144
1519
3479
179
1483
4425
333
1740
150
525
1219
1516
624
661
304
211
1289
1619
853
626
543
304
813
1280
130
72
105
352
2038
12
276
301
347
747
1602
877
1200
612
324
1298
1
423
1522
117
1317
982
1635
2532
2094
1211
1139
2097
1077
2631
195
1529
1030
422
4409
188
981
156
264
99
125
943
146
2289
689
105
304
511
2204
2694
1089
46
465
29
2423
1047
1223
1640
286
345
90
133
1019
920
3536
1754
2513
276
143
520
3674
189
379
1143
1135
69
1723
1133
1
2377
1062
688
116
260
1750
187
1322
764
185
1097
1232
851
10
154
1297
23
480
48
581
1054
2023
1269
5840
1069
2010
496
323
1041
426
172
540
6616
902
189
891
184
1462
556
1399
435
4820
556
859
1139
1680
164
382
2866
4202
917
1580
1669
1445
185
72
1603
2678
1149
326
201
66
23
235
660
524
480
629
2462
679
2081
3034
854
808
900
1200
3642
304
396
477
1862
3461
40
3983
365
352
872
752
301
859
60
199
1511
56
374
1428
358
63
391
72
4898
841
1169
1026
1988
868
1878
130
101
968
275
63
66
1533
375
170
618
1112
2511
1269
35
2391
67
1399
175
724
1455
1225
8
454
2950
611
1117
170
1392
147
4933
187
3079
1126
750
266
176
1604
294
68
501
1070
1193
353
1432
263
426
971
1017
249
1052
1399
37
3086
2467
1413
1006
391
956
2545
595
605
719
3085
634
335
1690
1316
610
750
2823
686
752
288
5565
1868
50
716
3218
1
522
737
3171
193
828
227
2856
2022
1102
1033
444
728
602
533
1844
335
400
43
190
997
1912
491
1595
389
688
164
594
129
813
1652
338
2899
94
493
100
1149
28
2462
6
144
2390
1476
530
958
85
2493
845
1051
2350
318
368
76
129
4183
1590
58
206
92
188
1455
1277
508
527
2720
179
6379
1372
1169
1260
52
882
281
494
472
2257
1739
433
733
438
1507
865
226
3608
1483
2046
269
1246
37
242
1221
1433
680
44
1359
148
793
3419
921
659
530
955
768
1608
2326
177
1776
592
301
980
26
314
63
424
437
433
176
857
1175
857
1911
149
930
1843
158
852
1439
91
570
2856
606
3496
1094
945
506
2255
1838
2054
190
497
77
1547
1901
196
151
180
2287
336
835
124
704
23
542
241
2180
550
2267
57
1356
49
300
1908
329
311
3472
335
2027
1181
299
4144
1429
3046
2581
1253
2818
413
535
882
285
264
40
321
203
173
2996
658
39
1177
179
2219
686
474
859
142
86
414
7
889
4
1832
216
1736
1460
1471
233
322
474
1155
3062
2693
1139
1980
315
854
2780
451
2413
500
1572
962
889
180
103
762
2126
1347
847
1096
492
130
871
2960
648
33
481
1644
628
637
495
1827
274
1408
1120
795
2192
1744
146
1831
1093
117
207
752
1660
3099
2458
258
983
468
1102
548
282
251
1096
179
9
116
391
1521
1016
3964
309
2064
93
1388
304
3524
629
167
196
1062
1028
572
449
8
232
1521
2201
579
1020
1360
791
2904
811
710
57
3572
202
23
1457
240
443
599
1346
476
2245
128
308
668
1014
3611
1326
910
75
2523
1127
3338
958
723
196
601
2781
1105
3318
757
1261
179
623
44
384
2829
994
2378
693
441
2012
356
624
2116
283
37
3672
896
1231
1421
10
1572
527
2293
153
295
35
1707
2650
13
1715
3639
756
443
1376
1216
1663
681
1807
1436
2415
1189
792
2839
435
2945
3183
1037
563
458
434
956
1985
181
1286
35
702
580
506
754
190
1831
1121
12
1224
1678
771
2677
340
1190
1961
96
185
542
422
1044
1535
228
146
3051
1359
3126
2919
1029
113
4275
491
1842
730
214
469
458
2047
1597
1975
3573
1968
1637
766
2608
1402
41
814
19
115
249
1988
114
122
1042
1384
677
35
862
777
740
421
1320
112
1991
21
699
2794
137
805
2399
1028
17
372
628
65
2532
446
1308
77
3376
621
296
1420
412
100
30
781
2688
212
266
39
418
1229
389
568
1924
2237
1033
137
394
565
3624
1401
187
295
1449
521
361
677
1141
1583
533
907
33
87
100
297
1916
2754
213
6502
283
388
19
899
3150
313
1497
71
1369
214
628
2137
13
174
454
269
2135
388
871
647
374
1154
82
1044
434
64
261
364
539
5348
949
224
3683
261
298
666
248
594
536
2783
536
976
1553
1175
127
200
318
2259
439
1107
1005
879
1031
1992
508
823
1562
7
396
607
562
2942
207
233
200
228
1525
66
1397
433
593
1995
1334
346
99
1699
691
2768
666
134
413
2141
2183
833
1039
1069
1422
2695
2466
987
1795
905
1646
1336
1400
1345
1865
165
167
238
2362
1749
98
1862
441
1248
1414
96
195
1178
1630
1162
3211
1014
434
625
404
310
1348
469
1144
1860
1649
540
4308
345
282
657
1998
105
909
1722
2704
457
1111
904
103
104
1429
3127
4032
397
597
154
2215
224
1185
228
1583
1564
6060
1617
483
1109
1055
230
263
277
535
537
513
180
415
1220
422
429
807
664
4417
37
72
1414
119
597
1340
1069
2308
589
935
149
44
419
895
140
189
302
498
2493
718
486
2492
2976
167
379
3134
290
2208
2365
443
356
817
208
559
1480
2423
633
397
1058
1885
1722
508
60
1111
521
550
1568
1790
571
568
2581
3039
305
1142
962
1005
2193
1316
167
1306
1513
2465
125
505
21
2684
1360
5488
2047
105
2220
114
720
791
222
702
831
1952
748
21
138
924
409
955
595
2634
1122
623
3485
651
889
145
1088
2732
1030
722
2146
44
1735
1224
85
0
1885
1561
921
3187
836
390
221
389
1478
1325
54
1580
445
2895
417
1338
242
910
856
571
1251
2556
51
385
2058
160
267
8056
408
99
622
274
1213
438
131
1822
504
5
1082
1045
61
885
813
633
330
2438
705
576
215
257
1806
553
566
1199
86
903
528
2394
327
1046
46
158
341
990
1679
63
501
964
692
152
192
368
1180
251
110
606
1433
1732
841
74
322
412
188
865
1088
1086
2
1170
1416
3075
75
2546
82
366
163
668
506
844
180
425
1860
1182
1548
1035
3675
628
1016
72
1342
828
1970
1649
157
418
215
848
198
251
799
489
15
1105
582
2781
2771
1074
146
104
369
2079
4976
1623
518
1637
1157
264
2894
1102
2315
668
367
728
1899
236
545
70
1737
626
323
1105
2730
479
152
51
1896
552
1201
413
368
841
985
278
4236
1422
415
1001
2598
799
1190
268
1257
1508
1347
405
669
671
166
646
925
142
872
1075
243
492
4363
1
516
1347
682
763
1468
279
493
2029
363
122
408
211
496
634
1593
3571
81
2272
1701
6
905
1914
618
999
318
1309
1079
202
1111
538
87
4177
678
973
67
18
146
523
287
712
1324
786
737
2547
839
2582
1430
696
560
105
200
2026
896
625
4394
1000
118
246
994
80
131
469
268
1067
915
1712
411
1003
177
2782
1409
195
2875
192
1060
3
1796
1015
416
1011
147
571
1774
308
290
3595
3926
932
905
1651
1862
1436
303
1253
1271
880
428
1618
166
1226
2162
258
1900
1213
89
861
562
69
1829
38
753
1884
79
133
20
1292
498
701
1951
490
158
457
962
2110
58
210
965
450
42
562
733
3810
299
1191
1233
2032
71
1304
2003
1255
1751
94
390
324
974
1328
2923
21
195
704
66
3351
1927
1604
2642
604
4598
275
18
2837
34
2803
223
0
370
194
369
62
19
833
242
3565
1705
1925
372
629
240
375
239
1183
2121
1048
2085
1008
1034
3199
7
2712
601
3120
209
2196
982
809
344
692
202
674
376
269
632
1605
99
2169
156
371
664
432
526
404
1079
877
1242
2999
738
1328
277
460
171
1491
2259
244
4934
1242
1114
982
465
917
28
1376
2111
2381
227
22
953
1203
285
930
488
1322
160
15
452
1282
1966
39
146
631
314
677
564
2153
33
47
837
335
3146
563
864
157
448
1275
498
919
618
605
204
2947
652
694
1113
765
560
1570
3709
782
1965
1726
588
636
415
568
465
109
374
581
652
2409
1485
145
252
2346
1518
210
835
1102
777
11
310
4138
60
131
551
742
111
888
321
2985
1553
716
673
642
183
132
887
927
1131
777
1388
996
1305
2732
1379
505
552
255
1742
1090
130
265
1580
338
529
546
435
579
458
186
1692
1171
877
734
2179
405
345
2054
2700
682
771
591
511
408
226
1110
1227
232
300
313
202
1457
297
658
413
185
654
1452
146
7
3500
1796
1445
3736
1460
1609
1136
439
930
423
840
279
110
365
1172
1402
575
799
2662
185
648
511
322
90
160
1269
2794
1399
560
472
2252
68
401
3271
26
1426
1516
202
764
93
1260
328
2596
455
79
1587
384
368
89
452
1290
371
3
2564
703
1352
89
1103
1093
519
585
222
330
3894
412
281
68
1113
177
272
35
739
1732
259
2166
2553
2030
122
337
1127
1249
232
294
560
62
102
1579
304
665
1012
2873
1249
415
599
1034
3579
2049
113
29
291
2315
1548
1517
504
122
539
1713
30
1130
5931
265
2645
1116
1005
82
86
1543
480
757
1234
2408
138
17
306
1219
2419
5709
1189
2187
685
568
164
625
2405
218
1400
1355
1275
8
770
887
1866
1165
431
362
1406
2742
3302
2689
2042
309
2308
365
150
362
909
970
1036
787
128
142
613
913
1964
1339
931
247
47
771
5
1571
3555
558
74
2331
58
139
3164
788
1869
2345
1484
1699
1064
3299
13
609
376
577
117
203
4335
811
844
153
1829
466
11
246
933
757
1051
1145
234
1092
635
850
1246
952
3106
818
395
847
423
2116
2413
923
1804
586
1758
246
57
377
1228
128
57
12
737
686
2832
72
1260
452
509
299
307
737
85
275
2123
234
1049
728
289
1333
763
7
314
1029
248
380
495
1077
538
843
1107
986
381
893
650
29
2154
748
125
2391
504
43
2134
321
181
494
1123
1691
1734
193
131
1522
1847
13
1918
174
281
108
2526
223
1092
1498
118
423
1035
2259
633
79
27
1742
1564
311
58
1977
3235
360
30
1524
1695
943
1113
273
768
208
438
942
1612
433
479
200
2058
324
764
2439
539
1571
234
98
451
1064
134
208
663
1554
637
362
177
1020
88
50
318
102
500
814
3442
1976
208
1360
154
452
2336
382
1042
1293
2488
1490
564
854
1122
658
1077
19
146
1664
235
189
1796
929
34
3266
1166
431
506
686
6
729
183
2030
316
99
149
310
551
624
680
674
354
1463
92
519
615
1844
3113
316
1608
1037
1877
645
615
1090
2094
2524
1570
1182
229
370
803
2800
173
614
464
37
1688
342
444
1546
258
3116
1182
1679
296
881
199
1503
90
2348
586
1113
469
1374
104
642
2140
399
1323
1278
46
184
1450
985
641
131
1664
1534
1035
1424
150
352
804
1185
149
951
717
158
758
86
214
1444
114
1126
3266
1244
443
611
1598
1181
368
444
3452
631
970
835
1048
99
44
1109
2499
441
516
385
109
442
6
1660
243
350
2166
1729
1741
639
63
1663
626
1419
282
1673
672
1734
1733
2524
59
1046
256
183
1025
2608
379
1931
127
67
1031
1308
781
3263
1382
962
2736
244
19
97
817
496
1722
1182
217
469
329
525
660
774
1290
193
3912
382
955
916
1882
340
2191
487
34
2065
263
212
26
142
631
2207
155
52
14
500
1583
194
250
1385
2684
222
176
1222
667
2525
175
674
645
1631
258
2549
1977
2521
1727
613
343
1083
653
1564
63
4428
1941
1165
1551
149
18
2213
703
451
118
333
95
975
1080
721
108
160
2095
515
764
166
458
172
750
89
1106
356
169
414
1234
981
1151
2345
500
125
1726
529
2119
1933
560
1515
434
46
1053
234
289
1447
1604
412
160
1601
3410
1226
748
1085
76
1422
1947
363
1149
104
2292
2183
1362
1364
720
621
22
1017
1187
371
464
2060
1193
949
2103
1035
1193
146
939
708
809
280
346
1117
1060
160
9
3117
150
1084
1129
978
1727
168
211
221
617
273
427
1740
499
1686
860
1873
467
1504
246
1510
3975
2107
142
386
1012
16
969
466
1895
3054
684
888
954
35
1531
579
227
376
424
462
923
891
1752
239
70
34
1748
463
225
583
1502
281
828
2021
1688
1251
101
988
53
171
319
87
1925
547
753
1394
1273
397
2328
15
1390
942
716
455
227
288
115
88
100
1795
132
345
1148
1232
19
1027
245
364
72
1166
211
419
234
130
49
1271
1920
162
1650
503
560
1120
291
1509
632
1595
1254
94
1251
744
24
863
606
325
517
209
3407
354
851
98
3163
2027
356
66
706
52
2023
74
148
1340
4444
4058
2287
1987
391
91
40
872
812
658
852
2225
351
528
722
1257
101
278
793
201
282
166
2761
4392
430
4748
764
360
1502
1465
2918
56
1506
103
514
928
951
113
1004
1421
449
809
1561
277
2494
811
135
5949
363
223
1620
802
877
1520
1639
953
125
316
1807
227
4112
372
1348
2665
1380
956
785
67
4529
107
137
1402
2159
1399
3096
127
1521
1340
1042
282
2223
2941
329
1126
245
609
2524
860
2646
23
4094
486
1693
1521
2640
1612
575
18
239
659
506
314
1001
320
9
365
32
832
289
1459
12
191
583
1417
1058
722
1125
385
70
343
431
1299
32
1423
768
225
454
184
2271
1900
2178
367
970
3230
563
2892
2137
2329
809
162
2187
800
890
323
1365
100
1531
38
1129
880
194
3312
402
1157
319
2117
1445
234
95
1417
48
232
120
2829
1234
5009
320
42
2362
329
3
109
1664
638
426
2564
2696
1111
2147
290
2036
2064
3962
160
154
624
927
3375
561
963
167
126
1287
455
398
110
24
1328
1702
1693
612
1843
418
831
317
179
400
34
214
372
1303
970
45
498
1911
2482
411
716
555
981
69
865
550
1970
459
695
814
2517
208
954
677
147
1584
408
133
807
572
398
12
1825
515
1591
2431
1417
637
822
1357
3202
903
255
329
1685
1587
2134
207
1020
1142
221
961
13
791
1050
653
298
283
1615
1218
1030
21
227
3856
1074
917
22
130
1472
207
2516
1025
1065
813
887
655
1337
1990
508
62
564
286
1234
1672
1204
389
1553
6240
1385
3970
400
1046
32
1566
1727
969
1262
824
30
2512
802
2021
3985
743
622
420
304
579
55
2909
389
471
269
219
503
393
971
1453
1239
959
122
2557
684
355
217
299
2156
816
1855
696
1054
1306
321
45
176
65
483
1240
1573
159
139
298
959
648
1202
2676
1012
371
107
607
1554
955
1411
245
278
259
448
1412
949
565
148
489
662
1343
29
530
427
3232
2420
501
1066
472
950
70
238
228
27
1274
747
995
50
539
237
1100
213
288
413
752
1994
1311
256
4047
126
1287
8
381
2779
1762
3261
1792
189
144
385
685
920
1755
477
59
2005
523
58
725
280
130
1
148
820
1065
295
143
106
485
372
375
309
246
2666
41
612
1564
215
501
437
1201
1177
1384
57
340
2231
2173
270
414
712
3254
1935
822
437
451
323
1794
203
165
1410
475
1417
1840
54
278
1473
106
132
145
1870
322
130
566
25
213
1416
2271
460
1538
370
326
120
113
989
823
510
18
760
898
3071
1685
100
3083
106
2132
1876
3444
343
177
1059
35
640
288
1060
31
563
692
736
1033
203
186
967
347
354
564
467
2029
431
2397
1915
852
1472
345
222
875
299
30
40
986
857
3
42
236
724
10
114
710
815
502
448
991
693
1019
905
1784
1153
844
972
28
1706
2611
1331
1231
1090
1039
242
152
927
855
847
1443
45
208
53
1108
609
1046
457
51
319
1601
678
275
32
1187
343
320
2369
554
174
31
1822
664
2122
575
1019
999
1223
254
637
1347
689
23
349
473
569
901
108
1610
195
130
514
781
352
1248
235
1215
2159
347
1080
4633
375
9
632
387
1675
1504
793
934
2803
140
396
247
933
1218
710
1873
1512
632
1506
113
147
1105
634
357
196
832
848
1357
371
555
532
1331
346
519
505
3261
457
1042
408
23
313
2777
310
1420
1749
1142
913
2323
474
337
749
737
589
773
553
508
705
1140
470
1326
162
865
138
533
2489
110
629
139
383
16
1487
183
841
192
194
533
338
1687
63
162
280
1595
37
523
231
1144
562
163
5094
38
945
649
1520
705
4
1834
1582
2039
83
3005
56
496
678
421
2263
1090
475
1554
521
2806
1770
4452
522
2178
341
684
199
900
865
94
171
380
1889
598
184
902
215
2302
899
401
20
538
682
753
903
1802
312
649
3785
468
175
249
1091
159
420
325
224
329
80
1166
3036
672
60
729
1255
1874
55
635
1368
599
948
180
293
738
713
332
804
1607
798
677
433
237
198
927
772
5058
681
1850
191
195
273
1071
418
5709
571
4670
1356
730
1060
277
493
223
450
3545
1006
601
101
3357
1951
1569
2197
386
1182
2124
1017
2356
844
2546
405
210
2063
129
2738
2359
14
33
348
2675
536
733
177
377
1189
1863
161
589
370
166
1646
1774
267
2464
350
573
599
1139
907
1337
1083
2340
847
245
203
1785
341
822
3569
813
1756
1902
1025
92
597
756
1896
2484
37
1833
3091
29
161
808
415
1243
1712
507
591
5423
1103
2925
711
60
176
839
293
729
869
1192
18
699
365
3354
344
3535
141
353
1378
195
34
67
1922
188
2861
164
116
841
431
1897
1411
6396
547
1
1776
