421
314
393
555
470
115
419
366
535
583
267
711
66
913
3180
579
326
430
407
262
243
841
500
1178
562
287
2
56
152
19
651
371
154
130
322
715
1215
200
219
12
371
538
637
499
30
470
427
371
504
14
232
1303
425
133
101
883
347
559
170
105
939
1477
34
210
421
488
704
94
722
161
21
440
256
282
1119
441
65
29
94
521
436
1358
167
401
317
132
119
329
2934
211
304
150
21
1557
235
658
725
297
290
1490
915
1086
1612
1007
1215
1329
801
497
992
657
2272
233
460
848
128
58
500
1438
139
536
34
1004
398
433
89
472
144
949
421
1270
589
68
349
592
96
494
95
1329
961
153
325
648
11
182
84
1527
180
149
65
1194
285
49
383
8
471
443
689
462
375
70
359
169
243
582
317
638
723
128
67
178
110
87
540
244
189
65
172
206
722
179
19
209
289
394
101
1052
1052
253
19
511
511
1571
387
291
476
561
513
563
142
262
185
456
587
63
283
1406
147
45
132
1026
387
349
135
282
33
161
177
2620
23
96
736
114
1772
31
478
34
104
803
1616
26
739
481
251
312
67
43
155
135
865
161
195
224
475
269
319
39
49
632
836
410
283
662
856
362
11
372
596
1378
302
661
126
185
154
85
133
687
993
588
554
79
1300
35
1461
314
25
1577
68
157
32
378
72
380
718
888
168
55
892
399
87
8
449
491
723
72
835
65
1138
70
265
437
835
1041
234
189
118
340
418
752
291
252
85
366
549
194
837
381
1096
40
442
992
586
334
363
118
1410
277
168
244
719
115
204
422
391
26
42
468
292
248
273
82
1245
1023
120
46
160
252
738
647
89
419
164
205
579
350
73
11
280
481
112
11
1562
312
250
521
361
698
71
229
61
680
435
24
72
370
183
236
117
1179
76
464
1687
1006
69
151
507
80
325
103
121
153
1012
765
823
174
340
519
478
104
1346
244
253
355
218
251
1
878
6
152
658
262
490
826
288
255
222
120
388
707
359
514
1472
299
590
173
1304
437
512
757
2771
26
1060
253
261
40
38
330
106
955
622
391
10
229
178
1
2790
2213
21
1
256
455
225
455
20
160
953
628
500
51
2054
119
209
15
77
146
31
24
359
656
862
177
803
86
238
479
135
744
422
1290
279
77
772
38
1302
375
310
745
298
527
10
168
42
141
192
260
297
260
2118
3
943
73
