23
169
7
5
17
15
145
1
2
1
32
284
296
289
11
7
6
10
40
2
68
22
1
6
6
25
2
152
72
2
56
13
18
300
44
3
172
154
1
139
14
16
48
59
8
189
7
16
5
198
84
294
206
32
1
97
64
127
5
45
159
176
8
17
74
14
8
110
140
256
266
298
72
212
122
8
1
68
16
25
54
37
71
82
244
44
29
35
187
9
35
7
274
43
43
4
174
7
188
1
215
10
1
11
48
221
16
3
162
2
175
160
59
52
59
93
17
98
64
267
53
16
9
8
4
297
32
6
27
5
278
184
1
4
2
3
1
221
239
8
25
143
151
90
22
58
134
292
1
1
188
4
116
31
4
1
103
28
208
66
5
6
6
7
11
12
75
72
91
7
248
105
2
3
198
1
193
29
148
4
1
101
78
21
51
87
1
79
284
1
127
11
279
145
166
5
155
3
4
1
96
40
94
1
210
1
131
4
55
86
187
12
6
288
263
58
201
45
19
32
142
264
10
82
60
83
5
298
3
4
13
31
186
38
67
224
128
232
215
1
66
9
2
2
23
223
238
5
174
10
7
242
3
5
94
13
5
231
125
12
118
1
243
10
84
18
161
16
5
17
1
263
17
8
99
16
219
1
112
98
2
43
21
188
1
4
1
1
21
127
206
117
140
181
29
1
4
48
258
45
5
77
5
21
85
127
65
242
1
12
1
6
16
27
33
250
5
10
35
2
2
158
2
12
132
115
221
64
201
18
1
1
293
38
6
1
237
12
1
136
8
15
252
20
2
2
1
12
3
16
57
2
1
265
7
35
1
240
26
17
268
11
153
3
97
18
1
106
155
179
3
17
21
15
3
35
17
2
17
53
15
3
161
2
1
1
275
264
3
1
14
1
38
24
280
1
5
22
75
32
30
10
155
6
27
106
1
154
20
15
2
56
252
160
62
8
34
271
163
73
1
1
69
5
38
182
3
36
72
4
19
5
4
153
134
188
231
1
209
11
170
1
4
7
2
19
2
235
213
135
260
20
10
50
36
139
28
44
39
1
57
76
4
1
215
162
12
199
94
149
68
59
22
16
9
2
8
203
7
125
49
1
29
3
15
20
190
261
53
78
133
1
2
3
148
3
64
17
35
5
100
261
45
12
1
179
10
40
292
23
39
176
69
238
87
17
13
10
2
26
7
278
1
24
27
6
219
41
18
7
288
77
268
228
1
1
122
14
229
42
4
18
234
33
60
1
8
44
172
14
55
160
2
68
3
19
3
26
27
70
1
12
214
1
19
136
94
5
31
279
86
71
120
73
66
167
140
1
92
25
70
232
296
2
1
5
5
1
272
6
12
6
61
103
119
8
204
2
64
7
70
40
35
66
3
14
21
210
129
4
5
45
107
168
31
177
3
235
1
63
152
83
86
109
23
268
101
139
2
70
162
277
4
3
1
75
231
85
6
283
9
142
31
48
143
5
53
12
8
80
13
220
33
92
263
57
228
187
8
220
1
56
226
122
47
44
11
17
1
255
129
52
7
70
115
11
23
7
10
33
16
1
88
31
4
36
192
97
128
5
1
9
33
182
73
5
4
20
34
9
9
67
53
27
41
36
10
70
188
232
34
47
1
2
4
123
221
194
166
91
2
82
1
159
32
54
119
1
89
5
3
194
213
245
6
2
2
26
2
158
246
15
114
126
38
2
234
53
285
14
40
89
99
29
172
125
34
3
50
74
2
77
64
173
45
16
36
30
138
147
181
4
1
38
40
22
108
214
2
20
2
109
206
25
27
120
127
25
289
11
23
34
25
118
142
13
245
156
10
96
4
106
16
81
23
32
8
38
82
8
6
11
1
56
3
29
3
74
5
16
28
157
48
1
1
252
191
23
109
22
1
6
2
8
14
58
15
294
150
2
81
1
10
67
60
37
4
1
8
67
103
289
30
68
6
6
2
167
286
73
97
83
34
14
192
57
205
267
1
3
250
52
268
12
134
1
16
1
10
7
122
1
96
105
25
124
138
4
58
234
52
38
265
22
49
212
3
1
1
126
172
294
176
7
5
38
185
10
11
283
15
1
8
133
99
18
33
41
64
118
3
100
15
25
286
19
31
1
5
53
1
1
185
24
25
253
218
72
3
5
257
37
7
8
59
104
1
48
10
35
85
11
52
7
1
85
77
14
40
140
228
185
4
25
30
39
1
8
29
110
121
24
20
2
27
4
21
12
94
76
1
148
27
270
8
118
18
5
117
198
5
1
62
10
49
94
24
36
98
5
1
10
6
2
10
12
75
177
9
1
156
2
15
292
213
15
3
4
191
1
107
1
7
221
3
30
3
30
15
3
5
3
52
138
1
100
87
27
46
148
73
23
1
4
242
98
120
205
1
5
1
212
27
166
54
180
3
4
204
1
26
58
17
7
8
5
87
4
122
100
70
2
4
52
1
