273
36
23
20
28
1
1
206
91
2
4
209
30
28
92
45
3
220
287
2
92
9
148
17
87
85
3
1
94
3
233
4
2
88
262
4
162
91
1
1
18
1
183
56
5
168
3
2
12
2
6
147
66
40
140
9
3
3
15
232
79
21
38
25
1
22
24
4
270
1
1
82
6
119
1
24
2
15
7
3
16
19
155
21
51
21
261
1
9
9
101
244
18
3
79
4
39
206
26
67
157
271
49
65
52
44
263
39
25
104
32
1
33
2
17
1
21
48
16
33
89
11
283
12
80
56
52
80
135
6
152
105
240
61
1
138
97
124
63
4
193
2
1
166
77
23
3
29
2
134
44
129
292
2
34
16
198
1
41
3
1
118
15
31
15
1
161
257
73
5
156
138
189
6
204
35
1
20
109
33
5
277
1
10
140
16
218
107
163
137
10
271
208
56
17
224
188
137
1
2
6
270
137
32
209
93
44
5
3
8
4
5
267
2
160
56
283
1
1
118
2
152
285
11
6
133
10
43
4
58
158
184
119
10
43
36
11
38
13
79
18
9
2
203
139
61
260
1
3
169
51
46
27
83
4
9
5
15
17
23
25
125
12
18
5
10
18
15
67
6
9
6
12
25
8
10
23
4
18
48
208
31
1
25
24
46
8
253
125
286
48
109
72
19
6
1
5
2
13
10
44
1
27
236
13
6
9
87
1
8
172
9
8
197
1
1
231
32
8
28
15
46
185
17
40
102
14
33
64
1
2
6
39
64
82
119
6
16
4
135
1
3
50
3
121
197
58
8
15
2
4
2
1
46
6
30
1
62
2
37
2
34
179
42
2
189
210
1
266
109
2
164
114
93
4
1
159
97
56
26
99
16
131
1
2
292
97
151
154
3
237
1
25
2
233
11
31
35
9
8
10
17
4
1
13
1
1
279
110
90
59
69
8
32
247
21
81
213
9
112
156
3
8
8
128
222
8
154
2
241
11
131
3
15
234
27
277
8
55
69
206
23
22
7
28
46
7
191
121
159
22
132
50
208
139
44
68
15
141
2
136
3
4
10
222
250
284
253
271
3
6
18
6
47
295
1
112
25
21
4
65
3
1
265
49
224
4
182
133
2
3
19
230
1
7
47
126
9
116
3
57
33
207
293
1
15
25
5
127
16
48
30
3
66
3
81
161
231
86
106
3
82
11
2
171
88
32
1
162
5
2
235
297
2
42
30
11
172
16
169
1
1
26
66
46
3
174
81
89
110
135
82
2
14
7
22
195
1
248
81
124
135
2
18
20
11
290
18
10
29
1
24
168
52
2
9
35
26
5
36
90
4
8
216
2
5
65
48
124
74
46
1
18
18
26
130
6
94
2
98
42
13
293
1
288
9
161
10
1
2
1
251
79
67
9
94
6
28
227
10
179
21
17
5
3
8
13
4
91
1
70
3
6
4
37
18
106
23
20
253
2
1
202
2
143
45
33
28
211
104
14
121
249
9
35
167
14
34
93
167
261
4
8
2
52
238
192
25
207
123
146
1
39
1
242
4
6
275
9
113
52
53
6
16
105
7
49
4
1
1
3
67
7
1
26
241
3
133
3
3
1
50
6
130
26
2
46
96
111
246
5
9
30
1
1
38
134
8
40
128
199
185
285
98
2
2
1
91
163
84
26
36
35
9
16
21
25
23
11
37
1
90
24
8
91
54
93
8
1
111
1
58
247
244
201
14
268
46
22
1
98
9
230
167
97
73
15
63
167
32
4
56
21
1
106
78
2
2
1
5
98
28
12
30
37
6
9
191
37
258
166
122
162
3
4
68
14
90
205
13
42
3
4
8
4
84
48
170
46
22
171
26
118
17
4
35
3
2
20
35
163
6
105
23
16
2
20
9
75
89
2
81
39
221
1
208
41
1
1
53
72
112
90
6
9
33
220
151
27
202
227
4
11
282
81
1
44
18
1
73
4
53
15
210
118
38
3
11
148
20
101
106
197
286
124
94
94
174
102
1
55
15
18
76
1
2
106
7
31
188
106
1
206
6
18
11
1
65
105
214
4
6
95
215
168
43
92
8
117
14
104
37
66
209
36
136
201
276
4
10
76
42
254
74
11
99
34
65
1
24
1
37
98
209
294
177
39
8
6
265
36
161
13
13
3
227
125
10
35
18
2
4
38
23
156
14
2
1
2
16
3
245
229
228
2
1
3
4
228
48
14
58
45
2
11
1
4
10
1
85
106
75
199
262
68
162
8
51
60
6
299
264
102
62
2
67
30
168
272
5
31
26
2
24
11
8
1
9
93
54
173
132
1
77
16
9
207
10
38
1
296
103
52
31
10
42
19
45
95
19
55
2
99
2
2
151
187
112
1
197
202
34
24
300
48
77
272
8
207
2
5
1
91
31
66
70
15
4
37
255
6
17
10
16
14
9
104
21
6
132
75
156
34
26
25
