32
5
62
1
142
4
1
3
108
8
136
1
2
1
272
29
187
2
52
10
1
8
56
11
2
7
13
27
131
2
12
1
99
21
82
1
133
146
1
117
129
1
57
83
1
118
65
239
66
206
1
1
18
197
227
110
8
81
58
5
33
11
227
265
92
220
212
2
32
151
12
128
2
39
2
18
18
4
70
87
242
74
97
26
2
142
284
1
31
13
215
1
7
2
9
223
194
73
28
3
6
65
202
13
1
31
8
5
2
214
11
34
2
44
2
3
3
160
2
211
105
2
3
93
3
67
196
21
8
142
2
3
63
11
1
19
224
8
4
1
181
172
202
192
25
5
153
157
142
47
96
217
3
5
20
1
217
5
8
15
19
26
78
44
51
49
76
36
1
120
22
1
1
5
3
1
13
209
256
6
82
40
160
34
2
7
13
27
23
2
115
67
154
9
1
13
241
232
21
203
8
227
26
260
2
5
1
135
8
77
2
4
10
16
4
5
76
11
16
14
1
3
60
2
15
7
154
35
276
2
151
11
8
116
24
182
67
99
30
43
2
4
1
250
26
66
276
1
16
36
91
34
1
65
149
180
90
34
17
286
218
7
111
111
78
1
62
142
48
2
5
126
148
77
19
1
35
5
12
116
1
90
32
228
2
1
112
234
21
61
1
9
57
11
6
253
256
2
1
1
4
2
7
6
51
297
4
36
1
233
139
2
186
265
1
150
49
2
9
11
24
158
211
49
3
1
45
30
118
143
53
78
3
3
10
77
65
32
58
94
4
150
3
11
12
92
77
97
18
62
21
115
3
27
29
237
3
5
4
166
1
38
39
47
3
109
48
43
1
1
6
297
67
237
2
1
39
188
270
90
22
33
6
174
245
286
1
91
16
179
47
1
3
145
16
183
192
45
108
298
39
47
1
92
118
253
141
17
288
257
53
16
10
2
292
71
158
35
110
56
133
52
223
285
57
23
96
1
2
19
105
103
84
245
13
18
189
5
41
6
18
3
8
9
255
155
4
158
14
179
24
294
175
99
123
9
217
18
4
34
14
72
5
1
2
143
91
151
81
9
5
162
224
222
8
7
97
12
22
16
8
1
240
31
15
1
118
2
87
143
291
36
8
46
79
9
6
4
104
1
9
211
170
182
20
157
79
1
3
161
1
1
211
164
54
1
100
104
1
61
65
246
269
278
29
72
118
36
1
36
2
1
121
293
28
5
15
1
1
2
35
1
4
35
2
1
10
10
3
48
9
3
10
4
21
2
260
75
6
15
55
1
160
76
141
8
5
135
63
16
132
70
162
34
24
3
25
29
194
8
55
284
4
120
53
31
74
264
258
223
6
2
53
1
52
60
2
86
223
80
70
123
39
29
83
177
1
1
61
114
7
19
2
1
3
1
56
1
10
1
5
121
4
296
94
147
1
14
7
152
31
2
192
178
4
2
65
10
129
176
2
53
123
2
2
209
96
35
248
161
13
4
240
73
53
2
157
68
12
4
41
11
14
190
3
230
2
3
9
179
11
62
233
1
3
73
83
8
61
2
1
8
24
41
195
2
83
11
121
3
224
186
2
105
107
27
46
155
101
31
64
69
4
2
24
106
167
63
218
4
4
12
224
11
235
272
95
1
45
145
7
30
1
68
81
1
28
288
6
9
272
128
28
164
61
150
50
177
158
200
69
76
11
23
1
115
39
5
10
1
167
126
66
124
122
4
207
7
12
73
149
11
1
279
1
47
1
29
3
10
1
23
3
23
21
92
261
226
259
6
74
9
98
2
7
5
2
279
27
21
95
44
1
105
23
66
16
116
170
5
111
13
13
5
17
245
15
11
33
15
182
273
61
20
30
197
132
248
34
16
249
10
2
20
19
1
1
1
167
3
1
59
1
1
113
1
2
121
88
3
1
249
70
4
13
250
2
53
1
89
152
1
275
63
48
1
185
4
293
1
198
73
2
65
47
10
1
14
12
76
2
62
5
45
87
7
76
225
1
14
287
130
201
10
273
225
133
252
288
8
8
12
78
6
61
72
4
1
193
5
1
98
116
1
163
191
2
138
28
1
121
223
20
17
152
117
52
7
131
6
1
98
30
101
33
216
2
30
1
32
1
5
17
20
114
9
10
1
70
87
14
17
52
264
61
170
74
132
5
4
1
6
203
1
27
15
40
29
70
90
1
71
27
116
123
10
76
92
6
108
6
1
2
205
9
59
6
109
2
3
87
1
1
7
23
147
77
73
19
39
12
14
100
31
142
249
2
1
46
169
8
54
1
119
20
222
72
1
85
115
71
186
235
87
1
1
21
5
119
139
51
107
1
17
128
95
47
31
44
28
4
166
4
3
35
270
68
20
46
36
1
189
102
285
21
3
241
4
7
75
48
22
2
61
2
13
1
110
239
9
1
141
53
117
58
8
66
180
41
9
12
11
93
44
223
