2109
943
80
266
1952
4546
157
1197
170
1485
273
2542
588
49
1272
1661
2669
579
895
90
1267
19
1140
737
653
383
24
1197
283
1294
418
1391
308
3325
1175
986
618
1133
4697
1121
829
1264
2104
695
2406
553
1810
152
1162
199
1600
11
867
3143
1278
4810
721
1158
33
2207
10
3566
318
416
290
241
597
624
182
1832
2489
322
6024
259
779
1162
1010
5821
769
22
3270
566
2655
465
410
1524
139
1495
78
481
668
917
1117
3523
1244
471
306
1303
592
542
793
359
654
450
601
1531
344
423
591
837
945
853
22
735
557
560
264
523
159
325
763
61
992
1433
2100
193
1745
993
178
1223
195
468
271
88
2902
169
621
726
57
2946
969
289
2038
2659
2830
9
63
1142
241
372
320
1633
1925
10
4481
771
2244
1077
595
1027
260
688
2197
490
2276
430
2070
1357
724
2182
1252
187
964
2144
3036
716
2590
250
2543
55
1880
391
36
20
86
1054
1967
1834
3830
394
410
774
657
775
1724
647
42
2
84
2316
1817
670
1035
1037
421
640
349
254
384
100
318
2889
58
160
796
1137
324
121
1678
2034
226
237
1929
1566
430
1812
155
166
482
2632
2028
1012
1130
1052
826
1056
763
827
384
7
1781
216
819
1058
345
1515
457
730
244
1946
1858
1537
496
44
922
196
693
624
1032
731
242
324
2779
905
544
1616
240
2896
1904
542
1386
453
44
469
554
225
139
258
223
173
1669
386
93
659
141
365
2304
1764
1043
517
1749
1497
4054
21
432
3497
105
288
558
893
1611
1675
584
1407
370
878
108
674
897
799
113
204
504
10
917
158
1284
236
331
313
3408
846
1318
199
380
1006
1836
226
1196
377
821
511
1512
240
883
356
729
931
276
932
105
391
1107
864
2612
1811
6160
110
1271
1178
102
1180
560
419
541
518
339
1443
4384
1311
58
1416
1210
3066
551
1896
633
937
229
2288
2490
4365
559
326
887
1678
577
124
814
2912
2697
791
361
323
11
460
5606
824
1365
3037
1034
197
64
52
449
486
977
811
130
667
523
2542
1192
1028
805
2413
214
379
1021
527
2672
725
481
2034
7
732
294
1472
2276
747
1123
152
2401
285
2552
559
911
3179
857
2962
60
2072
1104
291
192
150
30
92
562
4319
549
1161
440
2614
984
3201
296
875
470
45
673
442
341
49
1056
366
686
243
1261
1720
273
1134
1480
48
842
98
767
789
1527
885
1115
368
192
1646
412
225
665
389
1126
2526
1389
2995
361
1201
1766
108
400
1051
1431
1295
287
210
614
704
253
523
6578
175
395
778
662
428
761
1570
996
1326
1258
197
312
1126
1432
631
784
3349
3649
1150
1134
7
19
854
1634
643
52
219
361
2070
2427
2144
47
866
817
31
350
203
1099
194
1798
163
740
474
404
67
1200
2426
36
595
552
1920
306
453
1487
160
2330
900
1295
417
105
33
262
1376
1224
1509
524
3383
264
1005
706
161
2241
1485
484
4420
1454
2112
243
1388
12
135
132
274
1046
499
1987
269
6230
549
264
495
69
1466
1987
1049
23
447
5
397
303
321
623
82
530
500
246
2237
783
2046
172
1590
690
373
564
570
3561
1629
106
3298
18
2794
2637
1038
215
1950
1502
122
458
32
523
813
168
698
1143
202
319
2043
957
161
29
1703
461
116
1232
525
225
2811
462
12
763
707
1830
486
115
396
994
1015
821
7227
212
151
614
23
694
414
122
790
1349
730
497
1814
508
1216
1088
1337
162
443
620
425
80
1028
983
1280
737
1434
102
1842
172
1300
754
700
751
2591
530
201
707
500
567
1298
1437
18
506
10
171
271
2035
1220
736
5400
2561
300
84
3141
1427
5031
1317
217
620
825
760
32
401
1085
453
195
133
2206
964
182
880
1354
3376
107
598
125
16
343
401
592
530
493
685
646
595
270
2057
350
199
2471
383
1692
13
508
1071
963
662
457
2120
4075
505
486
541
1104
956
1432
504
43
284
1193
106
105
19
36
780
1438
1058
2109
911
3913
4760
4214
312
27
38
437
955
363
3869
715
1363
248
272
102
1610
736
754
59
365
719
122
1200
2171
548
1558
705
861
604
382
403
1097
776
1211
1184
139
1349
2262
1485
1420
1530
528
53
334
807
3696
2265
331
1933
322
5427
703
111
785
673
2097
222
18
319
4693
724
572
877
918
2091
1016
2052
471
100
485
571
221
1647
13
630
1481
992
1782
2167
457
2014
275
2333
175
888
1449
1008
755
135
1386
382
1790
2343
1509
16
996
2768
501
1331
485
1845
299
1373
174
277
1030
1582
411
125
54
1373
1270
1
1714
241
1644
4058
2080
1368
742
625
4446
44
80
1532
232
1164
329
625
1991
530
804
375
60
1138
4614
1067
700
1264
97
1857
2668
50
1358
316
291
3616
1378
1903
120
1439
433
892
1641
725
2611
1153
168
780
1311
838
717
1287
762
628
176
374
106
991
404
172
944
693
1302
3849
907
921
279
2538
440
137
1144
186
1167
1643
1448
1365
1577
310
230
73
1942
223
2271
2315
88
52
155
997
1955
12
678
5618
314
511
780
760
1049
1747
1418
426
1320
2718
2098
503
97
163
39
354
2431
1901
2498
2735
771
271
2562
430
389
113
833
2803
250
2038
2420
424
2608
688
1794
1594
1053
2871
144
107
893
223
749
770
12
481
205
1645
128
264
2861
1910
662
2762
308
231
1447
2547
244
1833
44
2731
2309
1176
193
618
314
1467
1332
686
146
2324
186
257
133
728
112
290
883
845
2597
2013
1471
467
1729
275
3875
856
317
1094
1900
1057
85
211
1302
494
1397
