874
330
477
2700
349
207
1107
641
562
372
381
673
1253
343
675
886
1599
430
223
391
41
219
1020
435
757
3389
1560
976
1870
195
62
399
290
564
124
960
377
916
38
1385
127
587
801
1231
1449
1270
429
2418
1516
860
1757
3148
1397
1691
327
1467
538
712
1403
4779
112
1356
2839
606
484
1865
372
21
133
424
3148
141
104
782
207
375
512
466
1055
744
1700
299
559
547
1319
1076
1907
2009
348
1581
3072
1857
859
64
34
780
2770
111
806
59
2574
27
73
2737
831
352
39
69
617
76
57
341
62
531
1380
397
613
500
900
362
267
57
3533
1192
534
497
2690
1200
873
1216
1183
2579
1370
960
102
398
2386
213
1020
743
478
840
419
1400
553
4652
38
1224
261
825
578
2439
148
178
1822
137
244
777
1530
509
972
548
827
98
1918
369
686
532
1094
1054
1068
366
451
374
2352
177
631
317
977
1977
796
136
1202
451
1600
21
111
979
1686
132
293
851
3684
1068
164
1501
160
182
2
397
2356
281
2170
34
1569
421
1315
654
4015
982
1165
881
442
455
480
58
6
714
186
690
360
649
786
2315
572
249
69
220
589
2849
564
502
917
819
1339
512
357
1159
1261
5801
816
18
263
1315
637
1237
1561
172
129
278
162
1456
1402
160
393
438
1199
313
198
1197
1747
1361
1323
1390
1946
289
10
177
786
60
238
597
1081
1228
7
468
2968
141
1538
7942
29
907
595
17
1307
637
877
47
1174
178
34
951
699
1218
112
1736
813
423
2751
522
1335
161
815
641
598
915
438
3688
433
435
2158
979
841
2341
2295
476
1092
965
293
888
3187
796
248
61
137
364
1575
444
760
1148
1957
34
932
322
896
2232
504
43
1565
513
1015
235
1116
1198
2229
305
1775
1074
1001
378
2859
356
1317
2338
2515
443
306
690
28
344
203
415
1284
1679
422
328
767
556
502
372
380
1239
313
301
384
956
344
1992
986
796
821
3818
198
1802
1728
220
1707
2094
886
155
782
2648
462
2687
501
371
721
2206
1128
194
2400
1242
1587
1416
308
1291
1247
381
488
55
1961
1520
471
1402
1286
2147
1062
2066
259
450
503
1172
762
457
908
452
2009
574
1529
289
1062
38
877
590
678
3002
3252
836
1723
529
210
852
2437
2218
1164
463
371
42
526
256
703
4226
1436
1246
693
408
501
415
307
2453
975
1969
352
2264
572
717
628
755
211
1836
5
188
865
794
389
336
530
987
84
587
685
648
208
1521
346
1011
34
92
631
779
831
6322
1077
534
2149
1854
348
463
40
666
47
1526
618
589
849
376
755
125
27
1367
527
1077
1181
397
1112
3312
70
40
1253
1413
3399
1302
2082
281
1935
2346
426
2236
747
650
1220
302
606
1603
296
4005
772
378
1843
716
2417
92
1444
420
1648
42
113
1612
80
938
479
1236
2291
1973
548
423
1822
232
1184
238
956
1153
424
2465
1376
2016
978
1755
77
432
184
841
552
642
2145
1812
918
1829
270
1134
191
540
794
786
1034
1797
298
259
433
1419
23
352
438
145
440
3325
318
1706
899
460
192
117
193
719
469
1406
9
1342
773
183
300
586
969
967
139
350
2004
210
1393
390
516
650
1832
2019
1478
493
2900
79
343
364
204
105
14
1639
223
1442
418
6140
4186
941
2123
5737
107
87
734
1937
58
39
2588
998
2419
1047
1082
1060
2280
280
1650
1100
1868
1391
945
4239
408
587
1290
677
1694
1278
1820
555
1064
896
925
605
68
835
1452
80
733
612
431
232
813
642
44
1581
115
6
2580
1472
208
263
1374
411
2065
891
2217
789
861
1888
137
2539
215
877
977
845
863
88
186
2279
89
5365
1043
1191
2063
1147
3138
7
620
90
98
1751
760
107
1980
1077
317
211
1757
300
1491
621
2158
248
513
1350
8
2745
832
161
2051
3962
159
443
880
585
37
141
1843
350
857
911
475
1141
10
420
385
238
2082
221
625
432
299
1429
191
70
2123
399
15
665
1168
2374
134
2744
682
77
98
680
125
864
540
1078
900
841
144
1865
1713
855
100
594
912
870
668
8
36
75
930
3076
1638
108
1455
390
91
952
117
1003
293
218
2580
679
4423
955
1303
750
686
1239
85
606
239
784
843
890
1705
620
1021
136
188
986
1159
273
584
4805
641
293
459
191
3193
1159
2988
2138
139
1711
2890
255
1300
201
2745
1180
3007
223
1173
85
5833
1881
12
2418
829
623
1003
652
213
118
348
33
875
1770
180
188
265
4646
1457
115
1070
1023
721
301
156
79
413
1839
72
476
2105
617
144
403
923
418
371
362
1036
50
681
157
95
3071
32
136
728
742
1388
680
830
558
917
198
21
572
3254
146
276
679
1766
200
67
33
1163
559
850
1879
131
1566
1936
86
4941
2578
474
2716
125
793
1835
1868
4551
1058
1211
677
898
476
1703
960
442
3068
82
1155
111
492
4171
191
512
221
92
1242
320
84
618
2010
918
183
666
785
1969
318
454
210
240
3907
855
1262
4314
2064
345
1870
356
1112
35
1545
766
707
837
1099
329
3214
2436
182
1242
278
80
483
122
466
1854
1965
1570
492
68
1222
1673
3
95
3466
88
31
78
343
232
1302
2318
580
146
744
585
506
155
167
150
114
477
1750
3122
163
302
249
1280
969
21
4643
1104
481
668
170
2645
905
2309
1114
152
502
1174
1606
3230
1005
151
110
3236
631
901
1044
950
1358
438
486
1359
1302
5
110
3237
24
1257
1482
577
1425
1885
166
146
456
2022
195
701
322
213
862
2342
242
61
447
186
