1308
5
126
121
3614
458
2396
51
759
606
881
3123
1286
1357
902
284
1688
952
668
365
424
1424
363
645
421
1034
164
63
2752
633
214
6585
249
2040
668
1324
509
78
62
1127
3817
521
1537
134
2037
966
191
108
2882
10
314
540
744
1390
1551
91
146
1422
1077
2028
1943
24
353
148
643
322
491
82
811
1393
1012
1041
932
4096
489
1013
1720
3180
693
353
4438
2607
66
483
1300
2709
1048
765
2516
1423
2138
322
256
310
92
340
271
469
4548
1019
1646
276
1283
1018
565
202
2731
3
163
57
270
403
508
1163
392
1365
105
390
885
1079
237
1053
317
22
2309
248
160
806
2518
177
3230
1249
379
467
370
47
97
194
1022
180
401
384
341
884
65
362
191
185
1511
1700
1728
412
300
1595
714
89
486
21
278
1281
1515
1821
1505
1158
530
494
911
1354
340
683
334
1983
339
2175
3780
729
571
1189
963
762
401
329
8
1889
844
514
1286
1487
643
539
1641
491
407
1369
4898
444
576
532
129
2718
427
3410
547
844
1295
6698
60
1937
439
3706
202
1503
714
1140
215
1528
1932
1246
263
2556
125
3282
664
1234
1050
92
1616
69
190
7
150
202
1257
2682
2375
637
156
1594
218
2644
3801
685
1003
11
68
162
44
1044
681
41
388
1491
1563
154
1629
1214
233
729
1433
245
146
431
312
213
379
217
2298
82
447
211
1060
747
272
82
189
22
342
142
117
1098
386
232
2067
25
45
995
1059
1077
148
1321
1618
428
580
407
1946
2842
594
3093
5
138
1480
32
916
638
285
927
3985
836
674
12
728
3530
335
1403
23
1310
137
1668
1822
53
779
381
1076
600
345
424
975
1407
2765
499
1030
2101
566
303
263
3145
1779
905
189
1689
1645
774
1284
13
1088
159
1793
135
470
4064
68
1701
975
918
526
1534
93
329
342
1259
917
713
167
78
3839
1666
181
369
967
1779
1589
3716
729
37
688
1196
918
1148
17
3045
246
138
38
516
702
1125
1075
512
1063
4479
1000
116
400
4078
1086
224
1695
2340
3030
2325
23
45
112
476
53
722
856
361
863
99
873
694
1544
1034
20
851
889
20
136
3379
1239
75
2310
913
776
69
52
406
137
1038
203
193
2940
843
10
569
3844
5319
909
1320
109
141
991
42
134
1002
207
801
528
466
86
1231
1590
47
143
472
634
1451
240
284
598
411
509
77
1013
2704
746
736
878
1795
867
461
141
302
5043
921
110
177
577
2024
256
77
949
746
2928
1108
97
183
1417
1960
402
1145
211
6
273
637
1784
549
4160
105
301
344
1500
1069
813
109
2078
1349
2226
960
562
732
473
158
383
1363
957
372
1982
359
315
372
1144
63
57
1211
133
1221
165
1419
1276
1809
39
381
351
1142
1199
739
523
460
969
1468
541
1298
788
280
65
158
354
1700
394
73
121
2855
378
145
342
685
2264
639
562
2096
70
798
3890
261
471
2206
3371
1936
1712
809
454
425
97
615
903
820
116
2553
127
2751
824
352
325
2212
236
2214
200
1008
279
1048
2022
513
1531
2521
1273
27
1301
2096
416
565
3922
109
3066
984
966
446
452
1707
832
661
2150
107
322
564
2948
544
137
201
16
78
1009
23
400
535
433
666
70
4621
2334
427
1881
391
33
2381
241
210
1210
433
2227
391
301
1665
2847
452
599
139
958
3679
80
490
592
1886
769
631
477
1316
570
1377
197
1912
431
1159
235
853
2095
1854
2573
43
836
1430
1426
59
2319
454
384
1147
537
630
951
384
1360
11
3
2
998
1389
212
124
354
74
272
5832
121
983
805
290
1575
23
656
2875
554
1218
99
983
4
847
754
40
2769
122
124
36
1551
1387
796
1142
1134
523
3546
2585
1619
750
839
501
71
1745
232
200
791
1288
1244
301
236
3119
406
122
204
475
2383
486
116
2023
1167
1987
1093
2908
856
960
900
776
2937
1659
1725
130
1016
3665
519
2133
1040
202
736
2753
441
1530
280
379
792
2
909
1031
2319
357
1286
2302
151
417
1504
339
4761
452
319
2479
5127
231
436
1126
148
547
294
1547
7
551
137
1781
1743
965
144
2399
404
413
228
562
1685
405
870
137
1707
876
189
1955
944
164
187
1421
1624
215
49
2116
484
927
963
4039
760
3719
1895
1257
936
118
3114
1322
130
2746
139
1630
2351
253
1931
541
1554
893
3
440
130
249
1013
98
430
113
144
3
3513
347
1145
1324
1087
893
386
247
1477
2080
1291
1241
738
132
558
55
2896
1314
900
375
392
3555
1095
1757
1154
942
597
3252
800
1496
249
2783
569
579
1852
4022
269
1438
372
1803
562
589
211
395
1914
1606
856
749
4
452
2853
1880
870
421
326
1081
1709
24
34
535
1182
517
69
1066
1988
600
459
210
1563
279
131
862
1129
929
311
109
1541
733
221
2512
72
602
47
398
351
1899
1001
1109
712
523
663
292
879
586
269
1559
334
70
1117
1434
76
924
802
317
1004
963
194
366
610
3286
386
80
176
845
291
243
1755
25
3329
807
22
2367
424
819
2786
2511
395
1049
20
26
3393
229
91
3336
569
1627
594
2781
723
398
194
3226
1259
326
376
1512
261
98
925
835
291
656
446
2194
201
955
165
54
1292
762
907
163
317
954
3077
2688
3452
10
615
1448
112
292
1474
8
811
743
1253
201
329
428
740
684
1556
184
669
54
3260
334
1856
2157
2906
1130
328
729
3483
1635
2571
464
426
585
531
689
296
2155
1475
1027
2332
602
153
91
261
463
880
3339
76
5330
999
397
1027
1283
0
470
1841
