3
1
4
4
25
9
1
3
142
177
19
4
258
2
114
113
42
109
116
30
59
17
12
5
10
3
59
22
1
1
1
289
23
3
104
64
13
1
5
1
1
31
253
145
98
50
151
20
133
3
1
137
13
42
75
5
1
16
243
33
67
48
55
234
22
2
45
1
17
26
8
3
9
6
196
3
2
82
134
102
1
52
9
7
63
3
104
6
3
86
43
99
22
169
38
47
107
144
7
3
4
99
11
1
47
22
90
11
17
179
8
42
154
11
115
175
59
105
1
76
16
297
7
39
23
185
4
114
158
17
146
4
4
78
5
104
11
236
14
298
68
145
41
283
43
10
286
1
55
1
9
1
41
51
34
44
122
102
180
148
3
20
73
1
4
64
21
149
53
53
215
42
233
38
84
88
1
79
21
205
9
197
271
144
78
2
137
44
272
176
107
42
134
95
1
1
170
123
100
46
15
53
19
52
151
22
30
45
13
106
118
55
28
194
53
43
1
92
156
290
87
151
103
10
1
118
3
174
37
240
9
2
121
35
46
88
1
35
18
7
260
276
1
115
61
6
11
5
126
3
13
4
10
23
109
31
1
4
150
26
70
25
10
1
293
15
237
126
5
44
52
5
1
76
3
111
243
231
275
7
68
56
8
10
2
83
6
177
2
69
128
15
1
2
263
44
72
37
243
36
9
28
42
6
12
16
55
39
4
100
44
1
149
2
68
3
3
50
259
49
24
48
33
8
1
9
140
30
34
74
66
16
33
13
25
1
37
23
86
9
87
115
217
77
1
59
2
124
88
156
193
109
23
1
162
4
137
68
37
15
5
97
92
4
252
143
171
181
1
64
88
1
47
29
176
1
114
53
43
30
1
221
251
7
225
28
5
40
142
2
9
9
63
2
13
34
12
13
33
31
24
8
1
282
37
21
207
44
46
45
117
27
2
12
77
13
91
25
3
7
9
3
4
43
7
24
8
86
27
11
160
56
1
20
3
84
4
64
18
5
2
178
4
4
220
39
5
108
94
97
193
2
68
6
7
1
17
245
154
98
2
7
10
279
26
221
7
4
253
48
67
1
56
102
160
12
46
203
218
63
171
67
283
166
205
5
18
5
228
17
4
17
47
180
74
266
156
1
15
5
255
1
14
20
271
112
1
193
2
3
2
8
241
71
1
10
9
221
42
2
3
214
3
113
48
2
201
30
7
293
1
6
46
2
5
2
1
174
31
188
261
18
8
94
7
45
1
11
170
260
81
71
18
1
12
27
288
258
64
132
70
15
75
1
19
139
154
19
129
3
30
7
183
1
2
202
11
26
9
162
4
62
8
26
206
220
22
1
1
17
271
2
21
293
99
4
244
31
75
48
289
2
22
131
243
138
23
68
1
7
17
276
34
24
226
22
33
73
3
3
40
204
41
226
2
123
92
52
178
16
15
64
25
135
9
59
6
289
4
3
29
223
298
43
89
39
37
78
13
29
157
82
7
12
19
25
8
9
11
2
58
12
39
2
148
1
155
11
116
94
21
181
262
42
171
37
10
245
206
49
37
8
5
254
2
161
35
102
102
1
196
24
19
4
32
196
1
12
5
263
11
2
29
31
258
18
26
144
38
12
60
96
19
56
11
1
79
126
82
72
2
155
1
284
13
16
299
18
98
231
31
1
12
1
22
48
1
1
119
56
13
111
31
27
97
52
182
93
56
114
33
143
11
1
116
23
56
259
282
44
3
96
1
179
12
26
1
48
154
211
80
5
28
61
94
88
12
70
72
3
42
1
214
2
202
131
26
70
1
6
59
128
2
229
25
2
4
1
42
16
75
16
2
3
14
1
147
249
56
107
5
18
47
293
211
107
121
132
159
48
1
86
199
1
12
1
4
2
41
30
280
160
31
12
5
4
24
1
100
81
121
240
180
6
1
28
3
55
155
2
2
111
2
138
143
182
1
20
2
16
174
11
171
12
4
164
40
17
75
1
13
28
2
33
1
7
1
191
7
42
53
2
67
2
276
97
5
226
49
175
95
167
283
18
2
7
261
6
102
1
19
287
2
117
181
56
246
20
1
217
12
1
35
123
65
1
9
39
71
297
152
135
46
269
80
3
1
6
10
2
43
7
153
212
18
52
135
14
28
2
1
266
79
201
3
154
8
1
44
1
49
6
80
96
27
174
89
42
69
76
9
237
37
20
111
2
125
1
22
7
3
8
44
12
1
7
85
66
124
28
2
18
272
293
97
40
7
82
3
21
1
19
232
5
270
15
3
21
55
1
3
87
71
1
108
2
2
132
7
8
2
243
1
68
56
281
107
7
7
113
1
18
10
97
8
2
84
9
4
4
3
47
23
109
60
4
30
9
26
127
90
210
84
21
38
29
1
257
3
1
35
36
273
66
27
35
121
93
18
22
285
4
6
14
17
46
299
226
2
125
198
228
32
5
67
