1
80
20
1
244
92
208
3
14
17
2
51
17
28
1
19
2
9
2
11
146
46
62
5
74
1
127
10
28
136
205
8
183
4
35
11
194
1
22
25
88
3
1
19
8
64
6
4
215
30
71
4
16
5
265
4
298
8
57
11
46
2
70
1
159
1
253
59
69
22
157
19
64
28
60
266
118
6
34
24
15
1
9
95
4
6
75
34
6
3
14
38
119
81
1
189
180
148
249
8
10
50
208
10
43
20
24
40
92
2
14
79
3
37
6
3
57
298
20
65
10
229
241
65
17
33
23
271
227
144
24
11
43
8
132
44
76
2
24
6
32
297
7
82
60
6
19
38
69
24
14
281
27
44
45
73
175
21
2
229
4
5
1
15
20
16
7
2
95
26
5
2
133
5
6
137
12
4
42
78
13
43
53
61
4
299
38
28
22
11
21
30
288
87
139
4
276
243
107
231
54
12
3
74
2
144
45
1
24
4
6
2
126
18
213
50
12
86
23
181
15
20
5
245
35
204
76
52
18
1
140
108
62
1
227
3
1
1
129
1
134
260
95
186
5
124
24
22
1
53
5
100
22
12
4
5
42
102
109
2
11
4
64
1
128
25
1
133
222
46
39
1
1
87
280
46
69
3
149
142
29
12
107
37
89
31
1
62
25
10
20
1
4
2
28
108
130
172
223
5
7
6
2
20
7
33
8
33
60
140
2
1
186
29
13
118
3
124
59
245
271
260
76
109
6
1
6
224
89
35
6
30
71
22
143
5
189
148
1
2
211
151
14
109
208
6
134
291
23
160
29
182
1
3
14
28
2
25
7
13
66
3
36
27
80
2
181
1
6
24
118
50
7
86
72
2
35
32
139
70
18
112
137
2
247
2
162
161
26
94
23
23
23
3
67
89
34
93
54
84
14
19
55
164
33
3
132
6
38
71
14
32
24
133
62
171
12
22
18
7
23
5
2
19
11
273
3
46
116
1
24
6
94
2
34
2
5
275
31
15
14
5
2
237
101
29
73
9
53
7
13
225
95
223
7
3
39
122
1
85
90
5
201
133
34
188
1
219
265
35
250
15
168
21
156
261
1
6
201
148
72
139
32
23
1
15
127
199
20
16
2
294
4
263
38
1
236
78
35
138
77
210
214
297
155
33
202
60
109
195
120
163
202
9
6
103
111
35
36
3
235
2
56
76
2
10
7
1
29
18
3
228
7
3
41
1
159
44
21
54
4
39
112
76
2
50
10
15
26
1
130
131
212
6
43
66
106
106
47
35
107
141
15
8
6
40
22
4
266
219
138
3
1
85
103
133
20
7
163
29
8
2
45
1
88
89
1
281
79
9
4
93
2
139
173
1
120
105
25
123
3
29
3
22
16
10
1
16
1
56
1
59
91
16
1
1
289
91
19
19
1
32
9
9
25
116
25
78
48
2
63
296
1
91
150
5
4
3
5
1
87
265
62
12
8
18
161
64
187
4
47
1
8
77
16
5
12
3
28
159
260
259
15
6
162
59
2
30
224
2
16
96
206
272
5
96
92
3
136
1
55
4
52
21
12
9
5
209
300
36
1
67
2
238
228
230
191
244
41
170
68
69
81
181
157
56
77
4
45
219
94
45
50
197
218
171
145
26
10
91
10
58
43
7
119
76
267
6
140
15
45
253
31
3
187
46
48
51
25
147
113
20
6
13
126
9
18
102
30
125
65
1
4
56
1
169
6
1
5
128
1
1
1
85
64
26
46
289
54
5
122
8
103
21
21
3
191
51
262
1
14
79
15
16
83
20
3
3
3
21
259
290
107
17
108
233
32
38
242
180
73
185
232
3
156
208
1
1
26
58
2
3
85
207
1
60
3
110
116
67
2
48
1
3
9
137
6
6
120
14
146
12
2
170
145
111
1
41
241
76
35
8
84
25
28
111
28
3
50
61
251
228
47
69
74
2
17
195
9
11
14
18
10
1
27
18
55
159
23
135
6
44
13
2
58
88
25
2
7
227
62
22
148
9
1
184
13
2
215
94
108
31
1
112
300
10
4
194
204
2
8
9
236
24
2
41
94
1
2
32
183
2
32
9
40
11
2
55
2
2
231
260
14
47
144
22
8
243
3
116
6
100
1
22
61
77
106
280
74
16
4
158
254
58
2
68
52
124
37
146
54
141
2
28
8
191
62
29
6
3
2
179
61
39
9
29
6
143
4
140
3
263
4
44
58
235
242
177
61
219
26
22
133
6
165
87
97
148
1
2
87
16
1
6
6
1
3
21
2
158
3
36
2
10
166
1
3
186
1
24
32
2
89
54
18
105
29
2
156
53
80
101
5
5
65
4
1
28
70
3
191
3
248
8
40
203
5
6
4
205
253
247
7
9
3
4
72
168
79
27
15
1
97
3
1
251
30
124
16
164
72
2
4
5
31
156
185
145
170
122
56
199
68
19
282
