2
130
25
21
107
101
7
48
7
155
2
11
5
97
82
16
23
24
118
15
1
1
51
2
67
4
9
15
81
103
17
25
9
5
35
53
2
251
4
17
105
203
38
20
2
44
10
2
180
90
31
92
44
13
139
16
6
12
1
183
260
41
10
193
18
240
1
7
77
37
1
54
8
7
299
119
2
9
1
9
3
156
13
16
13
28
162
47
2
21
43
68
1
11
6
1
71
47
101
9
17
57
94
3
47
183
1
272
34
4
182
62
20
2
40
70
1
77
7
1
93
1
125
133
255
9
231
167
121
178
123
34
134
1
6
141
187
16
47
20
25
2
122
256
130
296
2
272
19
8
5
158
23
29
24
2
3
21
159
4
43
34
19
83
4
47
297
4
2
20
6
1
204
27
43
158
41
9
107
33
189
23
11
130
37
13
10
258
63
3
223
49
5
138
2
204
37
10
132
2
182
106
8
18
260
277
1
1
1
9
1
58
6
183
110
262
25
128
28
53
226
163
156
9
1
3
126
86
5
1
1
15
2
141
74
103
124
26
192
137
20
11
35
2
138
2
17
2
110
5
84
42
92
35
21
67
4
9
10
11
7
224
1
125
94
118
11
3
26
3
29
48
1
34
1
7
257
3
1
105
190
70
37
49
34
7
1
76
25
155
76
97
257
40
47
2
250
6
1
3
9
13
194
1
2
2
20
31
112
21
11
24
5
107
206
158
1
35
186
73
10
31
215
159
14
14
14
1
16
1
93
49
2
1
53
281
9
106
17
55
99
2
173
3
5
3
10
7
31
94
42
1
34
22
177
143
126
140
15
42
6
49
9
219
126
3
37
234
131
234
190
40
12
1
38
15
63
7
83
19
5
175
8
137
213
1
18
13
2
208
23
2
133
1
15
183
225
1
11
210
3
24
16
25
75
7
51
1
1
30
47
15
49
6
219
61
104
77
2
16
8
21
169
16
4
59
20
241
6
196
3
32
4
201
242
4
16
3
28
193
18
125
115
3
8
1
21
97
262
29
9
7
7
1
282
187
1
9
297
9
1
12
10
164
116
110
7
1
5
93
2
217
95
13
25
87
3
162
3
66
74
59
203
33
1
6
3
1
2
49
4
2
12
110
11
238
4
1
32
6
1
13
3
95
154
285
111
3
83
1
13
2
2
5
214
3
55
235
8
284
67
64
54
262
97
1
15
198
51
22
68
57
113
12
206
4
3
99
46
91
193
70
9
18
41
39
5
195
5
1
1
2
9
95
18
2
12
79
12
35
169
63
5
177
262
34
11
128
25
183
13
107
3
31
185
10
207
101
218
162
1
30
52
296
3
1
11
3
5
212
36
1
33
148
175
83
136
290
6
2
94
8
15
3
2
182
1
4
4
95
4
199
43
30
33
3
19
2
27
5
258
287
54
125
61
5
263
25
16
80
174
15
10
11
123
100
59
49
7
13
56
136
56
26
263
16
8
200
242
9
3
168
10
87
102
62
20
236
33
2
5
206
177
106
164
13
19
3
5
15
20
20
17
55
295
30
272
86
1
43
10
1
1
147
2
118
63
76
4
8
122
285
2
20
245
115
6
19
1
288
42
103
1
235
66
63
180
1
50
121
2
203
115
40
85
82
1
98
8
1
130
25
1
260
39
128
60
18
29
9
10
4
160
33
24
4
2
31
116
166
16
220
11
18
5
15
10
162
2
47
4
193
37
64
3
95
250
12
24
56
268
37
196
4
20
134
1
7
23
63
24
1
11
206
25
253
63
27
2
211
9
207
73
139
2
63
32
297
35
66
4
20
7
123
26
13
95
168
8
1
120
3
52
1
120
118
2
100
18
297
1
256
4
148
5
11
274
1
59
95
272
250
2
2
58
53
4
138
178
2
220
205
249
24
18
3
78
39
85
125
171
23
2
1
6
11
50
2
28
9
3
58
4
5
74
20
201
296
7
291
6
42
206
227
4
69
269
25
54
2
9
1
151
61
2
4
19
89
97
94
29
1
17
15
248
15
31
4
88
10
22
187
133
165
27
57
282
6
13
39
171
5
174
248
121
16
22
51
3
34
13
38
4
56
268
53
8
1
13
1
3
23
185
5
258
3
184
254
186
142
192
2
95
3
55
2
36
161
7
42
36
1
76
232
46
28
3
1
1
48
36
23
42
192
88
61
132
267
41
51
272
19
19
3
2
89
7
1
36
98
144
25
24
45
9
39
178
260
157
10
5
89
139
1
3
5
6
27
1
74
2
1
59
224
13
17
150
7
23
230
2
16
4
4
1
7
14
170
142
36
59
1
23
2
175
16
2
142
2
154
221
297
15
38
57
56
131
263
17
65
16
100
92
1
93
83
2
1
9
2
78
45
41
36
2
23
78
110
11
29
46
102
47
11
18
18
109
231
147
147
281
1
15
12
3
99
4
88
53
157
2
8
246
1
4
