1090
2045
530
220
222
0
34
331
164
1111
486
278
1800
173
37
106
1630
3462
1270
2026
271
2254
268
92
343
614
693
669
18
946
243
668
1559
2123
1323
135
864
821
1453
204
894
433
1293
2677
132
36
1703
572
1035
1149
550
637
147
606
472
519
1774
514
2871
32
485
95
966
49
3148
575
190
1343
404
2336
2
28
579
214
220
439
1290
1339
2152
759
829
330
2742
920
664
218
732
2906
810
698
1253
81
321
1010
746
488
1111
156
317
762
112
29
1360
1193
311
858
1374
1948
328
340
1959
334
292
182
899
1651
319
1017
417
147
1506
3431
668
2740
1585
2491
397
3281
21
412
42
2139
200
73
436
792
618
348
848
1421
239
923
217
2185
51
1339
1267
438
1887
887
321
537
1081
2134
506
477
126
210
431
76
1798
16
648
105
62
384
1819
1458
127
2040
953
1588
512
3538
272
2036
288
2779
1018
1403
370
261
1340
489
518
2034
1076
567
32
1735
1018
1683
575
364
167
74
53
301
61
1500
163
823
1010
1035
2553
531
570
248
291
1230
1589
184
1726
809
1180
124
518
1796
196
1082
1450
947
608
79
624
2058
1095
50
781
977
733
1241
643
244
34
361
1413
808
260
160
310
511
448
930
283
1720
56
1248
653
961
317
433
1414
2583
304
753
2227
1204
1228
3452
286
21
1059
981
1511
1229
769
1039
247
336
846
1026
561
554
4249
1334
185
89
1303
20
1043
1209
464
137
986
643
178
2899
3
170
2297
910
722
1240
472
44
1076
1950
3400
991
316
2760
347
843
408
1240
395
382
651
1733
1625
2830
71
149
1944
208
629
17
578
1396
171
1993
1099
269
61
2778
170
181
2843
690
1328
560
132
262
532
1923
1707
1033
108
103
436
88
250
269
43
1006
576
1168
1078
45
1599
1335
449
1884
538
140
2016
1240
464
0
1715
3370
1273
5261
1179
276
834
2540
487
180
683
14
2173
750
544
688
1070
470
64
1467
446
320
42
1827
298
115
192
54
48
957
941
546
208
685
201
715
365
280
349
337
366
3087
303
196
19
170
1873
137
756
627
145
1724
1101
2354
1196
2334
81
249
1270
282
220
829
88
574
633
202
3128
1163
2636
231
931
1415
374
389
3105
774
135
1854
1738
1549
2198
653
2157
115
1375
237
653
2155
1202
3613
833
205
161
30
1016
293
229
527
889
810
391
76
0
2012
1953
66
161
157
753
252
2108
483
2357
1557
780
42
1067
432
127
3952
17
385
748
245
849
411
809
1431
937
596
313
986
650
3429
3483
180
633
2239
80
5
516
2750
1277
1147
1815
491
603
6336
479
730
2353
278
472
14
4771
565
48
733
202
275
62
11
639
6
2132
310
3543
302
3911
128
222
332
3307
449
566
262
1723
652
41
2373
691
667
492
38
447
618
2741
201
14
1401
126
1660
2560
462
822
476
1586
518
701
122
5495
1021
602
751
1553
517
1413
385
3282
296
898
218
2896
449
394
543
555
426
479
2091
455
151
4661
4474
63
656
2464
2200
190
571
5935
0
329
771
971
577
5170
1094
336
848
1229
2309
211
550
4751
2098
287
753
721
761
444
512
3461
1238
1181
3198
487
1077
754
1331
132
439
404
2794
1070
845
2665
855
1992
914
156
2292
283
167
1733
239
80
199
765
400
1496
2025
83
4241
1364
1151
778
225
586
950
586
34
3205
1768
1314
2303
1095
375
1149
2050
1038
915
51
68
1587
660
44
435
2692
1105
1013
46
1304
3214
2471
696
413
870
235
758
226
1270
3678
1618
773
665
93
313
5681
32
710
750
136
18
949
1892
449
2133
994
969
1084
1337
1191
961
1091
419
120
1846
274
852
1000
1000
468
363
1215
439
276
299
3488
1230
36
2018
371
1434
764
2013
7066
2745
795
918
778
320
24
282
1120
178
543
1681
165
164
2595
2651
1935
3190
686
72
1559
953
215
1148
839
202
1508
606
322
2335
250
269
311
370
196
1834
476
1335
2190
767
362
823
176
2246
233
478
184
808
154
131
1126
1561
14
288
275
1599
667
152
3818
63
328
724
888
473
773
481
101
94
79
584
1045
360
175
154
542
817
391
417
1131
1096
198
157
1154
366
627
363
1114
349
844
1599
620
1982
152
2520
1400
1618
991
992
573
89
1901
2316
212
618
1324
1115
2069
973
674
630
89
1330
1347
839
1118
415
855
1332
1378
234
806
2291
403
5
393
565
1621
102
2718
1565
1010
1843
741
729
511
810
785
1117
1714
202
39
1657
46
1129
1085
192
214
260
942
864
1365
1028
530
27
2063
1420
678
1043
1503
2087
359
1098
315
1374
805
2321
431
58
862
508
943
668
1929
3136
1415
789
2257
1271
833
481
3938
1230
685
513
442
321
301
98
101
168
466
389
3175
3618
1367
500
1557
468
1823
2011
41
631
963
80
760
1578
29
1230
641
2660
241
59
740
41
715
2319
597
290
963
2451
1456
392
677
73
1606
30
456
221
551
714
1637
1949
801
1932
1172
1686
2
617
348
2516
393
106
81
387
1855
810
444
37
721
191
147
494
3039
950
2884
1940
97
618
280
160
392
865
309
779
1210
340
2033
120
1845
1648
772
3502
442
96
1354
208
2007
1534
356
1103
257
359
1230
1430
435
780
279
1851
865
3076
165
1805
255
317
1468
2344
953
1999
286
678
594
820
260
177
725
1626
708
1133
485
258
163
530
99
232
1880
965
693
431
544
2525
122
1654
889
1974
217
951
3475
726
1481
1495
861
803
3995
892
113
1203
938
7173
353
1115
497
436
927
152
311
36
1562
235
1491
