211
551
1946
72
1921
489
320
482
4589
293
678
52
673
321
1338
887
83
565
868
179
1830
177
1467
3629
1190
232
1359
761
1337
370
978
127
1239
551
638
456
1290
88
424
207
6994
451
101
236
5436
601
796
1614
173
458
246
214
1776
1440
849
513
1750
1434
878
2699
1288
328
1472
925
1601
696
137
496
2246
1928
235
737
1362
3954
48
920
648
572
553
298
25
113
1586
1503
1885
1453
1001
1872
606
1577
911
186
334
1606
316
696
374
1051
723
1803
308
1388
1391
1975
37
586
839
1860
1549
458
354
2735
930
2586
336
235
1844
76
3929
939
983
1074
1285
759
37
1031
631
319
190
468
1889
567
4095
217
474
105
578
286
200
3218
2204
231
455
1168
21
975
965
1
84
526
412
289
614
830
58
351
1772
999
2247
2038
79
221
82
1805
79
4866
1169
1492
1133
448
686
92
939
1329
467
732
101
5100
1250
73
857
44
383
889
3637
4475
633
943
30
1024
167
487
74
454
736
1084
2353
1251
181
390
1685
1446
325
2091
1256
1603
660
2421
1038
101
179
45
576
3124
2630
1138
597
1492
134
1536
850
2454
703
138
7
136
821
1146
941
1006
458
1145
237
655
338
229
1327
1492
357
525
4646
795
1236
4636
1080
925
2698
1459
1418
507
3625
3243
3513
1715
1
811
132
22
798
357
2199
974
430
296
786
1274
328
1180
1175
6
587
2005
306
423
765
473
838
5598
148
114
604
636
1237
102
1569
261
567
287
330
176
749
17
701
543
132
3333
2121
1047
2292
435
238
1169
366
480
844
908
730
3127
107
3594
2852
707
644
1020
107
529
2798
805
500
21
666
1048
2862
1465
3046
1199
1258
1148
980
342
1020
1128
1759
153
1946
2328
1158
473
1252
2989
627
1388
200
1644
1039
255
1051
643
674
1429
1378
1375
1553
455
2312
230
115
35
1044
399
1268
4071
2519
256
735
869
2465
592
82
1647
662
529
364
737
1097
481
405
3540
331
1117
302
1482
297
1307
257
510
3016
1428
63
1968
2349
1098
34
37
720
56
1299
87
366
136
1118
177
57
1601
2083
3246
1146
89
465
1163
1267
694
568
490
185
2166
481
1081
380
655
1383
620
2552
288
226
2284
994
3157
184
880
615
339
2172
141
1213
392
2614
1443
565
232
1371
143
777
1156
128
635
754
663
804
982
1051
11
26
457
813
1241
383
2049
2900
1239
1798
1148
867
40
91
1255
415
893
111
933
73
585
578
453
1252
2257
1390
885
373
566
983
63
674
24
97
1366
1544
183
29
212
1642
299
361
232
1936
1819
10
703
1689
481
1689
1767
367
205
1191
36
1315
1941
1423
1720
1209
1080
221
2059
1
305
85
573
194
128
150
1897
877
507
1026
595
386
649
1410
179
2515
1722
437
1106
513
505
257
378
1198
544
566
918
2798
1395
2388
594
1398
718
1136
1818
356
1780
3267
18
618
1203
2304
1978
88
685
1743
1104
3823
254
6129
314
194
215
551
752
105
630
909
72
515
119
274
270
921
1141
865
2108
1193
833
1839
823
1476
1363
457
1200
497
652
1163
164
457
2939
974
2368
3283
941
625
799
358
1204
877
412
319
221
912
331
311
745
976
528
985
49
431
218
952
2560
1152
341
301
274
237
219
1277
369
291
474
147
565
958
2517
1459
49
1639
362
990
28
889
131
43
77
973
1508
6201
678
822
1367
1819
91
63
766
2166
341
671
1063
922
1566
731
190
1033
823
22
1730
816
422
1181
1514
2157
398
160
1585
495
14
292
214
109
3739
378
1521
3911
604
372
358
3872
8
2783
379
839
787
234
1431
413
381
330
8
800
3290
844
4006
4470
1496
1565
10
194
2133
291
888
1751
795
600
35
49
1460
1496
3278
2899
749
901
76
1497
3470
15
31
441
140
2994
542
5271
2619
314
1251
217
954
1638
349
593
184
2238
2443
914
89
2150
432
938
222
3540
209
1790
207
231
403
1050
346
559
168
761
782
409
795
1530
319
2900
461
136
689
1900
4751
1321
1531
1576
1451
569
184
71
116
1205
681
1183
1341
23
3354
192
2370
3516
207
505
2485
215
2995
2605
3105
45
1486
722
480
15
1082
183
767
4022
1153
861
2048
2352
564
2727
751
30
448
1757
17
127
374
716
405
108
318
580
695
345
781
1033
74
74
934
93
69
338
300
2317
305
1265
807
1373
116
157
2181
746
389
1431
881
1735
676
154
202
1276
378
1176
383
1157
1733
2108
123
709
649
63
86
828
2632
1173
475
1760
1410
907
10
1965
364
315
303
718
365
384
424
440
23
99
220
103
669
1774
482
631
779
919
2419
1864
2282
431
320
2872
268
853
930
486
293
240
1061
34
771
32
3506
241
436
3207
530
111
892
315
612
260
684
83
972
2481
2450
733
651
786
339
795
17
460
1921
439
839
2032
1234
751
26
729
24
812
416
258
797
690
548
589
1149
1342
419
204
2725
518
323
1635
200
575
151
318
1219
188
581
1355
302
235
878
1508
328
512
1359
1597
2665
754
53
91
224
2629
66
2444
3690
579
98
79
75
893
1606
196
1092
154
190
626
381
0
648
3284
2711
1566
788
815
27
1877
2285
445
1237
1121
740
3565
1046
1552
8
186
1002
792
657
563
3652
646
1398
206
22
783
186
964
2631
550
813
2144
722
1087
14
443
822
1148
1021
4293
1513
2471
150
1415
129
213
2446
586
594
1557
597
2086
848
1015
913
217
153
1268
785
307
345
759
1187
1484
1309
3526
1942
431
369
1806
993
967
651
17
681
388
727
295
1200
79
1103
3593
422
2014
4734
2803
