1151
757
592
643
3318
3276
169
2550
48
792
750
1792
29
76
480
1841
1654
19
1192
2447
405
966
3933
2350
537
2168
155
239
454
6189
1031
1413
198
2307
305
947
702
139
1833
300
138
181
456
872
2326
3058
2071
1179
1169
1651
151
333
1333
15
3734
188
3722
695
799
562
1188
137
914
1589
510
18
624
220
2280
2175
421
526
1870
1739
328
318
3130
3146
3022
446
187
1930
1635
414
1106
628
437
850
2
1327
69
1
33
839
1157
2795
99
592
1422
508
378
1513
1958
3926
717
457
255
273
1974
1044
360
810
3887
582
575
1547
293
1194
1116
1175
291
294
2284
2134
807
1129
582
189
1127
2292
1841
175
295
168
545
140
455
8
295
2548
1007
445
1652
2706
1122
2288
1310
1161
542
168
775
2949
2907
1483
336
1682
12
849
3030
249
149
1230
383
1234
909
1119
240
180
1408
585
2924
90
438
5050
639
198
815
2763
1984
342
70
406
858
344
19
736
416
752
73
1432
14
4737
594
739
2095
129
923
173
573
196
23
129
153
3337
886
25
165
533
295
14
1047
142
10
784
1186
409
838
559
429
807
395
103
2649
481
592
542
1332
3103
1268
463
644
60
562
309
307
471
290
835
214
2167
743
2940
326
777
789
2768
4127
35
204
718
3133
48
538
2509
679
352
1967
18
42
258
1155
492
253
242
425
4547
52
65
162
1024
189
1005
1260
1717
59
1064
2632
588
1234
829
437
201
135
830
1274
2863
632
184
1608
360
1007
2424
251
2274
28
310
360
62
569
2483
585
196
356
1225
1115
233
69
2398
385
755
834
3162
1308
706
586
187
1335
333
36
335
479
646
1950
2306
33
600
523
4495
629
520
1721
580
2326
989
2452
250
455
1023
554
444
561
1237
110
258
556
562
215
48
821
82
38
1924
228
102
750
263
1279
1181
411
1528
2723
1399
901
509
638
535
608
2404
70
247
198
2179
616
323
793
223
1521
1726
1241
1173
1475
942
716
169
332
312
302
427
482
2463
1138
409
607
595
479
1381
1394
597
577
931
768
1452
1147
1042
1192
243
890
1478
2488
1432
98
2098
1179
1917
955
19
252
1315
612
253
965
547
80
466
286
54
334
1232
120
1973
2779
798
667
1103
3030
608
268
309
781
150
65
31
670
36
2083
348
493
1062
4469
359
624
604
1002
535
611
55
362
1866
1566
3964
2241
1329
171
253
1275
243
191
1269
760
1044
601
574
1342
143
483
176
1041
288
194
1191
2824
733
917
658
321
261
5319
562
175
894
1891
1266
1614
1379
584
725
1037
4319
303
1008
457
2258
2374
81
29
1
630
543
1055
158
765
42
3346
738
172
1827
717
143
3693
8
2119
306
261
949
68
100
619
914
131
41
1419
351
538
4689
528
367
162
201
317
70
545
3176
1392
949
64
147
492
9
805
366
15
35
1582
570
464
636
1004
851
367
459
1396
1351
319
1325
3348
3603
833
99
2769
528
2977
141
197
931
490
429
267
1953
1573
394
1219
1132
711
526
918
264
445
1259
23
1541
27
2701
136
432
2320
988
2832
323
373
562
1436
433
1172
2873
928
300
4159
1136
105
552
1827
305
301
776
1250
96
1223
926
1108
218
305
3219
206
2948
688
1305
502
479
3098
2941
1667
827
330
2615
4657
371
450
1066
105
474
295
875
331
668
829
80
3645
837
5069
2697
2294
1144
30
505
213
573
401
834
257
446
1449
7
42
255
522
537
672
1582
2184
163
937
1333
66
2837
10
267
675
951
1417
191
4513
1140
2028
2097
974
74
1182
1688
5855
223
1298
803
683
1031
662
1299
257
199
594
1384
269
1486
833
354
1238
443
3235
1475
432
304
899
765
88
251
267
624
842
2820
1284
3744
1084
1302
53
56
1268
898
535
4698
617
1301
2006
259
97
188
494
564
947
2472
349
2214
1242
1442
3108
1041
1773
1289
308
2250
986
364
474
1242
2099
530
1544
1666
1229
1248
1080
1037
876
1144
594
1141
627
1508
125
622
671
1054
779
191
535
92
1271
169
602
272
2112
974
491
832
93
842
939
1012
772
2548
1474
4
1295
212
496
2869
319
991
477
324
247
425
2
903
2055
230
882
1169
2573
606
1111
562
86
3111
750
128
1461
300
1235
292
99
519
1705
4043
1406
15
928
395
601
417
207
900
1754
840
1024
724
458
652
144
1017
257
993
682
841
284
1995
591
155
1428
1681
728
1812
130
659
728
71
23
1792
1230
1237
747
137
745
1353
786
1827
1638
1771
223
853
444
632
784
182
707
162
2214
350
1334
1129
1716
1634
126
3
1761
282
3392
911
408
167
260
230
12
474
23
1331
188
1584
461
790
2027
2890
487
2249
405
158
287
3020
226
1050
3727
229
814
1199
2126
190
320
1988
1030
65
339
1252
565
311
1093
955
2141
818
1259
2532
272
949
1409
515
138
1266
1764
1755
706
451
349
1738
1042
1519
80
50
1379
302
1628
1340
93
822
880
1654
2090
3
394
867
2305
400
378
357
365
1970
689
1132
43
20
1072
994
253
689
101
267
92
353
1329
1391
271
366
840
882
1110
535
1029
4340
1007
294
244
39
331
243
3614
494
630
1251
2055
1131
226
9
384
994
789
2695
1967
1127
1455
354
2534
1034
591
985
154
376
1074
327
388
3162
414
332
755
886
2429
493
48
688
510
43
72
57
854
36
904
325
379
852
670
417
1368
350
170
517
962
1559
84
2461
2083
49
782
1387
827
894
90
646
2
3357
684
1072
1740
522
1799
716
483
534
1406
616
4497
289
1520
1445
393
370
615
1536
666
569
3514
