13
9
4
134
23
1
1
2
9
111
4
2
27
202
52
1
3
127
95
90
3
1
9
138
54
15
23
7
2
116
16
2
58
222
6
171
89
4
142
160
90
1
208
48
34
161
31
127
4
123
2
5
250
273
9
27
7
144
242
76
3
192
119
93
25
51
15
270
237
1
70
9
294
2
4
63
1
1
1
3
95
5
7
6
21
200
1
260
173
5
23
17
42
1
35
68
3
25
1
68
1
4
37
103
5
1
10
109
1
3
84
1
2
116
179
165
10
22
16
2
22
187
228
239
19
62
158
59
12
48
2
14
1
11
14
8
1
3
3
215
12
39
7
219
100
8
1
127
69
2
5
40
195
65
48
58
167
221
1
3
56
85
161
29
48
291
1
34
5
213
1
258
25
12
120
6
69
234
98
95
11
7
16
6
52
111
142
6
33
125
1
205
101
3
1
34
47
274
8
79
1
8
32
126
4
3
270
126
1
292
10
3
14
2
53
86
8
1
159
5
1
3
225
23
76
60
20
50
148
2
6
28
152
6
23
4
116
136
156
40
34
68
3
154
2
122
1
12
1
130
4
6
50
252
5
2
249
1
23
30
69
267
44
14
3
151
200
13
9
57
79
15
1
140
272
25
4
1
3
99
118
6
10
183
1
228
7
37
52
101
9
170
5
21
30
50
1
6
15
5
24
76
275
3
68
80
119
159
25
9
118
45
13
14
284
178
55
78
16
45
103
10
243
8
1
17
2
41
186
265
18
7
14
60
5
4
123
113
8
228
2
26
41
1
198
4
3
26
28
7
111
35
79
4
71
27
9
265
37
48
10
151
185
101
4
9
106
11
1
1
137
245
29
187
22
27
44
258
5
21
7
2
154
115
5
3
2
92
6
104
6
96
2
12
9
2
110
3
13
1
38
1
97
8
1
77
179
22
71
2
85
101
1
87
208
80
10
27
297
35
3
189
32
2
16
229
2
6
94
18
1
73
5
6
19
5
179
161
3
13
107
31
3
4
197
8
1
294
105
292
183
11
73
2
71
104
30
9
40
69
14
16
16
159
300
90
120
37
12
15
10
16
135
246
1
3
154
31
118
8
1
7
1
71
28
6
98
21
2
69
232
18
78
65
11
21
43
3
279
7
12
4
27
52
2
3
152
134
1
79
97
210
1
23
181
36
2
1
6
7
181
5
1
198
211
12
29
57
256
48
54
4
116
27
2
5
101
263
7
250
3
32
90
67
15
86
63
286
1
90
208
2
181
1
57
236
224
68
1
41
4
9
2
1
92
83
2
16
4
161
74
147
245
101
1
26
104
1
5
12
31
3
2
30
45
14
5
124
49
245
1
2
115
24
8
4
1
6
22
50
82
181
91
13
129
188
126
118
111
268
269
19
153
83
2
51
16
109
139
36
269
1
8
36
40
185
36
86
86
253
4
87
118
27
17
101
6
6
5
30
1
1
41
192
98
51
2
77
41
90
170
78
75
120
5
10
57
1
23
1
83
173
241
4
26
74
55
1
138
49
12
89
16
1
9
91
57
1
42
136
5
173
18
133
1
15
62
230
1
284
165
19
215
216
81
44
263
2
77
84
33
241
212
5
12
19
63
13
287
209
1
27
29
23
295
9
11
152
251
3
17
50
73
155
9
5
5
284
242
20
29
168
217
219
1
30
11
1
1
2
146
106
12
28
2
146
1
93
5
264
134
26
137
2
107
231
78
131
30
1
10
8
1
11
43
2
63
24
3
271
21
10
10
159
15
192
61
11
166
218
168
24
28
16
7
2
109
49
11
4
14
9
1
1
9
34
182
4
12
13
8
10
290
130
15
71
244
85
7
32
89
272
216
180
91
1
16
2
186
2
15
21
204
271
73
20
9
146
7
48
35
135
4
5
17
8
56
13
6
77
1
78
36
36
1
29
13
1
255
16
4
19
29
103
80
285
243
159
22
8
163
2
208
81
160
24
3
279
30
51
205
60
246
213
9
136
280
300
1
113
6
235
9
144
205
200
20
38
222
18
90
177
268
5
2
120
122
1
9
49
11
6
23
14
26
30
5
10
31
67
267
6
28
19
45
79
60
62
35
3
141
2
65
163
12
163
1
2
17
1
217
205
15
2
42
113
79
1
2
33
34
154
10
17
105
2
90
80
1
253
7
34
67
296
2
1
284
3
40
10
18
272
115
191
64
242
23
115
244
1
259
8
6
64
229
6
225
11
9
10
12
49
100
87
262
4
56
1
10
8
73
234
85
101
157
52
6
168
205
5
5
41
1
1
244
1
247
15
44
6
1
20
24
36
3
77
1
33
272
106
62
13
1
4
157
3
23
62
29
176
3
1
98
26
6
295
160
204
8
269
155
12
15
2
147
29
5
76
1
70
170
298
195
2
32
6
22
41
20
81
127
1
58
34
3
6
1
187
2
4
2
92
6
1
33
