179
26
3
1
98
13
39
67
7
205
154
17
50
5
23
16
16
86
110
23
55
97
3
4
92
176
249
51
35
39
2
35
41
4
75
1
22
1
2
11
10
1
161
5
1
8
5
1
2
10
3
19
5
30
220
10
87
131
2
2
280
4
45
3
237
96
2
90
3
1
1
25
23
21
2
10
70
2
28
197
72
48
26
52
165
8
30
5
15
22
4
26
6
16
34
2
8
164
8
27
1
227
155
3
1
86
270
134
236
49
7
17
1
29
188
232
121
6
90
1
4
76
1
4
7
2
7
249
1
214
6
3
171
172
8
11
4
56
123
61
66
13
175
32
43
1
148
24
29
89
28
91
6
122
61
1
198
261
43
72
9
34
1
3
235
40
212
9
152
4
8
17
1
106
213
40
65
66
54
1
111
249
55
59
27
125
2
1
38
2
9
148
1
46
21
123
97
4
1
39
91
5
34
12
281
20
3
1
5
85
7
32
192
121
7
53
2
16
188
76
10
3
19
3
2
1
1
101
34
39
9
184
2
9
231
132
4
240
182
37
150
151
34
4
156
7
55
9
39
240
2
49
33
3
47
132
141
9
1
6
170
26
3
54
100
1
4
32
148
1
129
5
277
7
55
2
1
2
256
60
2
11
166
2
3
40
298
40
24
23
7
1
51
1
3
1
59
1
51
45
5
46
1
175
162
169
20
167
24
6
297
80
25
12
247
4
233
190
115
74
7
47
111
119
40
66
19
65
3
9
28
7
109
140
20
1
44
168
31
1
19
233
147
2
2
92
7
7
194
59
119
18
17
17
248
223
35
40
170
4
68
207
175
26
250
39
12
42
90
80
86
25
13
1
4
300
55
9
88
206
57
23
5
4
30
3
4
38
7
169
1
203
2
224
12
221
74
2
178
15
23
39
9
47
1
8
128
12
1
76
129
187
161
1
218
48
142
16
29
2
46
151
97
101
40
51
42
14
173
64
6
41
51
5
2
22
197
204
45
60
90
7
1
6
30
1
1
4
72
32
39
44
100
28
56
97
25
12
8
133
155
7
7
12
149
79
7
20
11
20
47
159
43
150
4
39
7
43
13
4
125
37
195
269
2
2
1
86
5
12
44
20
166
261
22
1
1
12
2
80
122
51
167
4
62
43
17
2
196
1
25
3
14
76
170
205
199
113
129
2
62
8
56
63
9
225
215
8
16
1
3
132
88
139
215
251
183
88
291
16
4
41
1
8
71
211
97
2
2
98
4
39
1
14
11
220
23
6
46
118
37
1
40
83
29
245
31
3
19
258
65
48
1
231
57
17
13
24
4
26
9
1
1
44
151
83
162
232
231
14
1
90
2
158
1
8
89
4
208
12
1
1
33
115
1
42
2
3
234
1
56
61
45
169
118
5
3
23
9
23
12
19
286
19
26
14
6
1
231
5
288
51
18
47
2
175
1
253
3
1
2
102
107
145
6
4
24
96
197
143
271
26
18
6
4
10
44
292
1
91
28
17
267
113
171
2
9
83
5
268
1
9
5
272
2
45
2
89
293
30
20
1
3
78
87
78
31
61
1
19
19
4
9
15
174
24
9
204
16
106
34
75
109
129
257
10
49
1
27
19
1
11
2
1
109
1
28
63
21
8
64
5
9
2
10
203
12
98
2
1
7
33
47
95
35
17
65
20
31
124
106
4
10
81
262
1
60
14
26
66
237
1
114
120
1
89
98
85
23
13
34
2
2
1
167
13
259
140
4
3
26
2
38
2
5
82
9
1
15
10
195
186
58
42
4
1
3
148
119
272
2
1
98
1
1
163
16
5
196
239
95
6
1
3
18
77
42
33
6
16
132
14
3
9
31
1
3
93
103
24
20
5
168
264
135
28
1
11
2
162
26
20
46
215
20
251
34
18
122
51
5
56
20
1
52
5
4
211
2
2
1
3
9
66
18
42
5
2
224
21
5
252
192
1
21
235
105
38
8
141
5
1
52
2
23
55
113
5
34
55
1
6
152
114
96
5
57
50
6
1
1
2
267
10
124
64
1
35
239
12
1
43
9
229
1
11
3
4
15
125
1
141
105
123
6
36
4
13
245
43
64
136
79
129
6
1
36
176
64
147
248
1
1
6
240
51
6
2
7
272
102
144
94
81
11
283
4
270
10
1
111
23
73
1
16
61
62
91
2
36
32
11
75
5
64
61
109
16
110
7
1
67
25
106
69
45
17
48
56
113
133
186
6
14
28
91
171
78
273
243
106
10
131
38
113
79
76
39
20
90
1
1
62
35
24
1
16
20
202
44
13
3
158
41
248
39
24
2
168
118
53
2
3
11
198
20
116
189
121
291
94
2
257
19
14
7
17
1
176
25
103
242
75
162
164
187
17
8
172
227
199
122
5
291
59
133
7
13
184
156
32
36
152
299
8
197
96
93
83
31
3
7
39
1
4
