35
25
15
20
56
4
9
144
138
4
6
35
2
2
5
73
174
104
4
221
35
1
3
11
10
86
31
165
10
49
1
6
21
99
7
90
5
100
81
144
45
76
7
21
74
5
158
211
1
8
2
223
147
122
46
63
5
2
5
4
2
8
6
4
32
185
7
200
7
113
16
51
8
1
15
15
21
36
1
40
21
264
130
252
31
2
4
237
138
1
26
94
1
134
25
65
291
1
57
1
247
34
86
11
4
37
220
8
209
27
192
254
3
1
71
204
4
3
119
173
2
57
66
175
12
94
52
253
10
2
282
77
122
255
2
145
45
61
1
5
5
172
88
7
1
1
225
49
3
181
24
132
2
193
95
1
5
38
18
81
25
296
5
16
77
175
2
11
76
22
67
161
138
12
1
6
93
98
12
2
1
1
12
16
55
32
13
83
113
37
15
32
2
2
2
25
12
69
1
48
8
6
109
21
27
1
162
102
279
177
224
15
27
282
48
218
3
230
172
10
15
167
72
8
15
187
2
66
10
17
230
7
5
120
286
16
172
295
5
19
228
39
8
27
5
224
187
54
34
50
33
41
33
101
67
3
69
122
4
101
14
26
4
87
1
12
65
98
205
60
22
38
5
2
7
34
7
18
115
1
47
5
72
19
157
115
108
41
64
113
1
54
204
114
23
5
81
111
22
8
55
65
28
25
8
2
39
141
18
188
70
99
62
6
13
6
15
177
13
63
10
108
95
91
157
63
1
10
6
170
2
192
49
5
23
114
195
1
272
2
19
20
218
41
6
179
31
229
1
39
79
1
129
5
12
48
61
13
14
11
52
56
13
153
133
1
16
28
174
108
12
137
7
68
242
233
288
53
6
249
139
29
113
3
110
6
3
23
173
85
5
251
16
5
9
161
2
1
35
39
65
55
190
1
95
11
92
266
127
49
64
49
10
122
2
13
23
36
2
10
12
7
60
19
38
94
140
12
43
11
41
188
25
52
69
18
1
234
2
184
11
6
107
18
2
2
1
48
5
37
4
276
8
1
153
90
15
2
182
291
269
22
271
24
1
1
39
97
52
191
160
60
2
136
72
21
4
17
26
275
192
46
88
260
62
5
236
19
8
5
141
238
82
38
3
134
129
11
7
9
160
186
60
1
1
31
86
204
91
58
3
273
38
66
59
11
23
106
60
7
42
109
15
130
209
1
1
266
269
221
4
2
96
94
177
1
2
183
3
1
1
71
43
241
6
118
9
21
1
13
172
4
188
140
94
20
228
1
22
27
274
122
16
81
28
176
4
133
1
45
42
17
9
29
39
4
1
23
276
13
30
231
20
238
87
1
192
66
107
219
83
1
21
1
17
17
13
14
5
34
48
220
111
39
60
63
127
5
82
172
120
175
2
3
40
41
5
111
111
1
1
58
53
235
1
48
93
95
1
263
22
192
10
227
38
66
168
1
133
2
33
4
1
127
4
53
1
33
192
7
15
43
60
10
32
1
24
68
159
6
1
1
158
1
55
3
143
23
4
1
3
12
246
8
172
38
4
112
4
150
27
141
58
68
1
13
75
20
191
48
2
92
94
218
3
1
37
115
7
23
25
83
6
181
20
2
1
154
11
2
56
3
117
58
101
71
4
83
1
8
8
69
76
8
104
2
5
60
64
140
68
168
7
1
1
29
4
1
42
2
11
91
127
1
290
105
36
45
104
278
9
9
1
1
8
22
225
187
156
4
32
36
24
109
177
2
35
13
254
64
26
188
20
4
142
2
12
212
2
59
5
183
2
256
4
3
2
1
209
14
40
41
34
7
19
21
1
147
200
5
8
33
138
30
21
2
90
32
27
58
1
9
1
3
11
60
2
92
47
5
50
13
235
163
1
163
2
187
2
5
141
296
30
96
3
281
5
1
157
11
31
6
239
9
5
1
2
116
81
107
243
76
59
5
1
149
14
259
36
214
34
26
176
168
200
6
241
2
78
38
102
65
59
6
123
1
4
1
32
212
222
10
172
29
3
83
7
8
10
2
1
231
196
175
125
23
1
24
3
2
51
85
11
73
55
283
10
49
242
4
1
42
26
56
47
221
63
50
2
1
50
9
1
1
158
101
203
1
62
187
282
1
103
2
21
7
66
31
10
1
102
3
3
88
272
32
182
71
5
4
110
33
8
21
18
193
1
8
291
1
115
87
125
3
24
7
52
1
6
73
17
16
7
35
58
33
11
2
202
130
2
97
1
155
1
155
1
2
59
58
2
175
53
109
15
8
32
6
28
25
1
108
129
40
57
36
12
2
4
277
6
133
4
1
18
9
95
152
7
92
119
26
124
13
2
4
1
1
127
53
180
19
21
28
6
18
221
172
3
198
29
26
2
3
234
5
30
27
103
286
113
210
19
1
1
224
1
62
34
10
58
51
20
231
49
152
5
58
45
201
99
293
31
1
211
