131
1181
69
764
404
513
1837
756
867
443
477
302
4014
3418
185
1405
211
1768
817
3080
703
6
979
2971
258
1302
1178
310
422
284
1633
612
339
200
134
971
98
538
33
1444
1768
243
1585
122
740
1845
2002
1475
880
175
6
83
37
129
2037
133
1436
2156
314
5035
1037
1066
71
270
275
1733
450
1577
515
181
5132
404
296
5456
1750
628
843
83
1851
1441
733
4419
4075
2632
2052
1165
1216
582
1270
2
1196
974
4137
3306
351
1028
448
1790
222
716
1131
799
744
35
1413
1095
928
700
159
1199
1083
1827
536
401
1071
205
3829
401
718
121
525
1
1875
687
2500
2299
3120
3490
542
410
897
79
586
952
2075
784
319
59
2796
265
86
911
3908
4757
3778
4
861
345
432
536
272
216
2121
312
2423
1323
671
3549
114
457
514
311
1681
1032
21
88
211
1299
106
1400
562
171
601
593
862
1284
134
2917
1421
646
1946
4068
37
2632
2417
1805
1781
52
212
763
1070
317
1142
646
2470
1028
194
1072
1540
115
438
241
102
168
1971
2059
173
1895
576
249
76
899
13
13
2112
4137
358
747
836
169
1482
373
272
1335
3673
60
45
414
517
82
574
3612
399
32
204
211
1073
30
539
59
429
1407
251
2122
503
76
2822
38
422
421
649
1266
1580
772
112
555
506
3219
769
2827
267
1488
1159
1338
1156
133
702
442
244
655
302
298
224
2549
588
732
513
1280
1708
988
96
51
1931
184
641
998
2576
40
5
317
1461
1766
4318
742
812
73
1175
539
88
649
1560
2515
129
668
813
67
507
419
3784
756
824
543
1590
564
878
526
1221
720
858
1979
962
358
364
64
483
201
490
293
1092
819
2011
33
994
409
27
5445
449
662
4115
473
817
645
1167
1602
2933
18
414
640
192
249
1187
1390
760
823
121
896
885
1448
1384
1229
873
606
1559
172
1093
290
746
1609
2051
2530
46
45
398
335
396
721
323
413
724
458
618
4991
1068
208
3929
2152
365
462
2919
1856
887
6846
588
64
1306
982
68
68
131
1769
2033
569
805
521
1260
332
551
5916
860
1688
57
2125
4026
1122
396
922
438
52
1652
260
20
838
1072
2156
85
461
2460
3739
3332
1787
744
173
434
895
1394
2737
1111
6
599
3316
236
1195
1460
405
2433
1142
57
2122
59
238
510
204
786
1359
39
864
676
579
222
3354
425
800
647
972
516
2017
2045
321
1740
817
2534
2344
1627
696
168
2130
798
3627
1877
183
1137
926
1334
756
705
382
435
528
1026
913
2772
2836
750
735
601
849
83
2039
288
537
1276
128
68
1195
1753
813
1080
251
166
3916
1137
427
1629
14
2075
848
26
1728
316
2905
1248
937
427
111
2070
2714
2169
4564
807
532
1075
436
201
1381
384
1074
357
196
431
637
1014
2723
71
154
130
471
85
2935
61
2086
1346
1244
2541
982
1516
954
1107
1845
171
3856
731
445
585
314
1347
1140
906
121
917
44
693
2785
1267
1361
91
29
357
2055
44
1400
238
830
114
156
145
293
1814
6887
2374
608
411
63
1034
1461
920
1185
1564
353
1003
2020
509
562
185
1267
967
458
642
738
127
1039
1322
1499
98
2945
4758
1456
3146
576
1088
186
883
624
2216
1889
1325
1024
1344
792
1560
444
2179
255
46
1875
367
1005
696
946
1160
525
2897
569
440
435
454
1360
653
574
313
1005
1835
49
246
966
369
478
445
347
146
637
33
1433
495
183
1711
1022
902
423
3954
2635
1946
5415
256
556
1028
413
170
512
716
627
50
973
70
1805
403
957
635
484
132
490
1296
1256
2055
774
118
174
1246
699
28
41
1501
1718
4445
1029
1756
891
112
1
715
2162
133
1883
240
2355
321
1
165
174
898
1318
1636
2649
720
1113
1798
224
1003
385
2443
461
678
45
1031
614
286
175
2319
61
1436
485
233
2610
87
858
2009
645
1417
5
2693
1951
1054
160
934
2105
143
606
1281
1
604
635
547
787
420
121
793
844
309
1716
55
64
279
853
482
312
472
1393
587
72
890
17
526
1159
73
337
240
221
1811
1362
60
665
1
78
27
27
188
2180
273
815
1412
104
2
175
1722
518
861
3627
2139
65
189
8
956
40
462
106
940
1517
1567
610
1220
1007
205
1127
1173
198
262
2926
169
1688
1587
241
4742
441
838
218
412
1994
2422
110
1252
1303
791
442
110
1029
67
437
113
129
1811
39
1884
460
57
676
336
521
2244
515
338
280
3301
1710
407
452
2161
59
1366
2437
524
1382
1179
901
1974
5683
791
689
245
632
3922
179
4618
389
1455
2769
350
355
1415
576
1427
313
1812
1647
147
3182
494
1380
492
2142
76
40
7709
144
1643
95
3715
442
358
1166
157
474
502
211
269
595
1114
422
1151
2728
1567
1190
519
3234
345
117
787
994
23
474
536
667
766
397
2050
1086
1069
1430
340
443
440
2804
445
908
920
250
863
2163
3080
199
1423
987
3600
189
99
25
169
923
266
667
1226
957
3013
2165
38
1052
570
195
1012
8
1779
3714
1072
181
310
534
1023
869
2563
112
368
16
554
70
300
1986
578
981
932
199
387
452
45
1484
189
81
10
633
1682
1216
3134
1702
140
1484
292
667
418
1212
609
1081
471
1108
777
274
7
53
647
2557
892
197
1373
1554
5426
542
1599
2745
3201
284
493
856
225
138
995
1414
25
1748
369
711
1987
471
899
349
171
4119
61
359
8
837
80
839
446
1186
695
902
1529
1094
206
471
3171
912
704
885
2307
1292
129
815
653
8
6980
1180
574
703
986
1527
1430
510
1033
