562
729
1324
78
319
1185
513
1388
1774
705
2652
1623
370
644
598
526
98
907
548
1978
1997
623
456
252
629
624
3732
1600
433
1001
565
214
690
3396
723
1409
557
24
78
1439
485
406
819
488
844
357
290
988
108
122
1425
2870
531
1904
357
948
415
1694
14
198
123
2406
1854
101
1070
134
390
2300
138
164
238
815
1941
1091
1185
692
3275
1238
558
2467
3458
2218
454
803
787
182
1317
2385
392
1513
324
480
305
539
278
2496
168
1620
577
1174
683
236
2271
824
7
890
202
1079
435
416
318
3194
563
1902
2392
1193
40
1410
102
1143
2173
151
1747
877
225
1712
228
319
627
1011
622
231
1931
184
1002
1382
1191
243
385
1981
266
3263
289
5
1121
904
2126
1622
940
1356
2338
685
1393
832
236
1089
200
124
898
1047
2323
727
1477
1051
361
946
3273
2124
478
470
24
1942
3093
1857
244
717
108
748
3020
672
581
1586
248
99
3132
1871
1150
408
2467
247
2037
387
3
626
535
1285
1111
245
912
1967
415
2054
281
403
546
452
1125
158
2427
2548
532
1785
2568
523
16
502
2214
2165
126
2348
132
1203
49
81
623
2764
2249
359
762
726
107
1312
3571
841
98
547
118
2529
1178
21
400
629
446
695
462
653
740
628
84
291
951
21
1499
4588
46
739
995
1200
184
173
945
883
896
755
1486
791
453
881
2829
1413
10
158
556
378
717
240
761
305
360
1132
1328
1994
537
1717
308
100
558
160
483
2061
3873
803
769
125
39
482
1223
291
430
1424
1721
745
2534
157
272
1299
22
461
876
722
507
341
2551
909
736
377
384
86
2118
33
1284
1415
1788
354
1564
4407
236
2696
198
983
3424
200
175
556
184
1298
126
1457
30
394
446
780
499
554
521
1344
301
123
120
183
740
183
1159
1011
548
924
2150
742
678
1155
143
1074
1747
143
1243
703
4016
13
1558
257
334
2397
895
1281
780
272
422
224
87
519
1045
573
605
623
1095
130
1340
1484
1229
1070
1151
647
896
88
364
1299
1324
541
103
532
1876
226
838
41
165
1328
678
1681
1103
84
976
1035
3401
914
283
2746
1678
816
535
1687
1214
1038
2206
867
1489
391
421
651
1172
810
841
155
6864
1691
92
462
684
341
85
210
694
504
1342
540
2286
2556
663
2162
278
696
464
4617
1639
110
695
387
350
901
575
850
1715
1119
78
141
651
305
375
1700
197
53
898
21
1680
190
1240
1657
686
386
982
3610
411
942
1972
2890
412
1620
602
428
5123
439
3276
1306
112
1798
30
6814
222
1479
1626
139
2714
1754
182
660
559
1293
714
1334
98
1004
252
1422
205
627
1057
16
40
3409
80
509
1302
833
3277
591
57
2120
2499
59
2261
449
971
1131
174
683
2079
377
1103
597
140
331
416
942
147
1971
196
1467
94
34
805
599
316
1186
2662
320
2611
564
44
127
313
1297
5348
956
2444
2406
3812
821
105
1531
950
156
179
1168
1848
209
2677
488
5
1958
893
546
781
151
258
375
689
176
76
1344
1001
212
2514
1529
309
814
771
281
482
260
1959
1520
568
455
1224
153
335
954
130
107
4152
577
258
3525
3588
1509
2242
1005
270
2218
663
2421
108
1007
1094
1595
1045
339
3024
1178
751
2133
1677
947
77
162
248
837
1217
64
1290
360
807
1552
837
436
719
121
223
1871
780
1833
6
331
1039
867
186
153
2147
2735
1161
38
757
884
1071
135
288
582
818
658
229
2615
22
378
520
438
166
3328
2286
22
527
1943
116
2037
1844
4978
267
1847
1143
102
668
672
3798
445
255
3001
139
692
287
454
2593
157
1076
251
817
94
797
854
3357
125
262
318
638
215
1322
250
1686
1482
486
371
230
649
233
791
80
4724
46
1641
1888
5115
568
613
360
303
454
195
1509
815
4227
288
91
1486
3284
1228
357
1743
813
824
2
213
491
407
392
1244
3541
1518
426
634
111
190
463
740
410
1373
1296
1324
1370
353
916
1341
922
153
1588
1439
132
1083
73
799
131
1658
899
1636
116
433
603
4656
720
2073
71
1019
2210
167
380
91
1463
637
821
1147
1660
758
703
229
259
3940
274
787
141
535
499
1874
262
450
3348
21
823
961
1132
347
354
2202
2006
1394
1367
294
1780
2921
1838
1124
1086
4220
97
1324
395
198
532
1620
4230
594
227
296
796
2016
371
163
133
550
5032
42
1427
819
7
42
878
1273
3363
3390
192
1692
1067
338
365
398
1007
40
2295
484
2934
2241
436
585
193
9
534
175
1575
39
569
794
1257
1286
1459
360
608
1111
2514
3336
273
317
157
26
118
667
230
778
468
596
199
1361
582
691
103
810
2102
635
461
663
82
914
56
170
692
439
1904
692
897
210
1233
1897
137
646
193
1023
1292
4368
1120
4151
919
2505
485
826
1733
3000
1553
857
128
2779
1662
22
726
1314
619
448
322
1111
672
1075
28
185
225
1594
374
1228
481
1168
1272
1263
482
1583
1569
818
210
2688
747
2167
1374
398
1668
106
274
378
380
1384
268
2144
932
1210
1723
1936
74
5138
808
370
416
7
1529
1178
850
89
1366
726
150
1150
1761
282
415
740
1624
457
673
71
471
1284
209
1060
911
169
46
1884
2002
275
1138
1440
1242
1202
329
673
189
11
1272
927
2840
532
185
1119
1589
218
16
12
58
1515
43
1174
3592
2419
4576
1361
899
1693
459
1699
60
431
661
801
690
762
348
1161
1223
1456
1847
3082
839
1621
335
116
600
320
639
556
221
378
930
1540
3141
652
1218
566
483
42
5895
2073
910
252
209
2513
1331
