2282
669
1762
142
3334
256
703
2332
2262
680
816
318
189
527
1449
919
525
2077
711
290
2526
194
5725
195
945
1677
266
9
495
1038
45
1474
898
3106
792
84
180
2551
173
1865
1060
3092
763
193
3302
930
263
1078
996
152
433
1028
4179
102
339
125
681
812
603
549
235
203
535
97
253
2517
535
806
1525
3361
364
46
120
249
569
162
2653
1492
4914
1591
74
196
159
476
300
934
926
245
2251
407
470
96
837
972
319
1987
304
1035
3609
202
736
1013
467
129
143
577
2848
933
284
61
132
2114
3551
395
54
1830
624
449
1273
55
2627
209
829
321
1218
100
1884
874
2432
311
977
625
2374
939
653
667
1157
322
438
440
1440
118
192
270
81
2716
1116
282
737
262
2073
805
131
455
54
2063
659
783
406
1114
670
214
683
325
1316
332
1133
357
653
1353
202
2465
2616
586
124
396
694
517
1598
998
278
735
869
3306
5894
2482
427
772
655
1311
82
782
813
1344
55
284
1017
308
2225
367
651
2021
213
1155
90
1172
1389
118
737
4970
262
1204
1348
983
264
1080
1396
822
140
7
1681
1666
39
733
294
484
290
179
2400
281
756
381
2978
2137
162
1513
778
192
477
183
401
2081
670
1196
2496
2627
1920
868
724
2764
1118
739
114
1687
399
1291
781
413
813
1163
67
704
4136
1205
612
1325
1167
98
1006
1096
1182
635
338
1233
138
826
233
84
2436
978
1963
420
371
237
2011
3427
277
34
449
390
401
1200
1235
2008
248
1328
3125
1877
865
2637
866
402
4944
1379
439
289
287
889
216
1607
245
1163
1056
17
549
399
623
846
1686
192
331
226
237
289
683
2566
86
340
410
545
1767
801
83
1537
576
948
370
1199
1488
1541
2756
1061
7168
406
95
678
185
92
1137
120
389
3470
916
3169
1253
250
55
671
815
146
3861
426
666
690
259
1198
1219
31
2121
782
227
69
432
749
600
555
931
2608
377
312
490
352
159
28
52
232
543
1719
1648
46
160
1008
5315
99
1013
797
903
580
1230
726
127
76
449
74
759
434
6219
553
1311
2301
730
954
123
1709
329
2018
1168
1354
1444
457
20
814
138
546
945
860
349
1560
144
1852
1185
306
163
426
85
209
171
846
281
516
2283
927
883
1187
2639
2206
1558
5249
624
233
51
974
624
77
1869
423
331
193
1492
442
75
1534
440
893
826
1495
490
17
763
496
2035
505
47
103
1186
2610
147
247
477
807
2558
1136
1825
675
929
3696
1583
392
362
647
133
3656
892
40
1696
383
494
698
1688
687
569
1707
1314
553
1361
76
221
536
800
49
568
1444
357
856
798
589
67
239
3353
375
4326
2189
122
1044
564
4
1317
1243
688
1007
543
510
1466
299
1115
900
319
481
117
1097
293
856
401
274
832
1352
1720
2685
650
233
455
266
119
1066
238
3026
887
19
10
826
84
502
1325
1504
3495
764
1354
931
1885
148
279
2392
867
182
168
1031
593
831
97
569
690
57
529
864
1678
302
592
59
285
2108
2889
773
318
2323
2143
78
108
7
478
1445
829
1131
1288
772
2334
536
1334
838
1247
2664
1942
651
2132
146
932
538
774
26
2326
25
792
1252
508
3248
972
1056
218
509
518
2109
457
85
948
1843
259
568
2761
478
276
695
308
785
3588
1655
941
1263
100
65
3517
581
62
66
1230
2591
91
242
470
1351
282
569
233
1114
1125
416
1348
102
1018
4662
1225
1049
1620
1340
126
1860
1667
341
2405
1517
75
2236
657
704
1089
2105
1205
4254
1957
177
1924
1423
1851
300
819
561
1924
71
517
2502
62
845
957
1084
218
2882
4799
523
5
986
1730
507
679
1002
530
1955
233
581
75
626
2548
800
1847
90
99
1132
295
8
797
1058
3880
376
180
606
2132
2043
4448
478
4536
644
100
132
379
1879
2225
394
337
32
452
292
167
120
2302
334
322
57
1865
373
99
461
701
2297
498
1071
930
666
662
790
103
32
531
516
908
1841
536
1448
1399
106
2221
917
903
223
2262
945
2122
769
856
281
161
672
285
43
640
5185
2224
575
7
1158
863
80
416
1984
855
177
847
432
935
1576
1283
1830
382
1087
508
2243
391
123
260
165
1033
3384
64
842
340
684
2224
459
936
2315
1950
3002
225
522
233
1477
431
1058
464
564
1831
226
277
28
951
3268
1912
2043
65
1303
165
1018
204
247
572
1619
240
532
1881
291
536
261
273
1756
1209
453
2193
415
1504
1551
1502
950
72
1466
389
675
507
378
1226
124
120
1378
623
2045
1704
137
128
212
2038
75
488
1492
1622
2001
1593
2342
1220
419
1494
138
4902
432
1463
3621
1348
1404
1361
800
3053
336
1081
837
263
333
2851
354
186
1375
1202
1473
1274
1235
2117
2684
2592
1479
501
3723
4153
106
933
1468
145
183
99
1182
124
158
308
61
561
1428
1190
205
548
1261
536
614
3791
710
3803
1524
670
1109
87
100
1531
2292
115
143
1071
1509
177
638
29
429
303
565
715
574
730
747
1037
465
163
1702
129
207
3833
1108
778
1148
1019
2243
413
638
371
1366
199
154
514
661
24
642
645
98
1610
219
571
539
2119
1491
687
434
747
402
4809
781
63
1041
2025
654
444
600
362
733
808
475
1387
201
193
1827
618
724
133
431
434
1094
248
15
615
34
1527
3638
164
31
520
517
586
10549
1415
352
9
916
484
1743
1873
339
1733
717
540
2004
2354
298
36
1192
1906
802
38
223
3930
414
5659
782
357
31
2377
346
2339
274
2461
588
578
344
128
373
496
250
786
