256
1
9
3
21
51
9
37
111
1
256
3
237
266
12
16
25
95
3
53
38
263
19
20
241
18
194
134
52
67
147
3
35
26
13
4
147
2
130
148
3
32
171
293
2
214
16
109
214
4
275
162
4
14
44
234
1
44
14
203
47
5
212
2
1
4
2
36
46
6
77
11
1
149
3
3
81
3
33
15
1
3
12
64
33
42
199
6
40
273
32
12
91
2
96
95
1
11
13
50
129
110
297
156
113
33
74
62
6
9
8
43
15
6
201
14
133
203
49
207
62
14
46
264
5
2
10
12
224
37
35
57
40
127
86
10
250
61
18
15
7
21
15
26
29
101
37
51
4
227
47
130
92
3
15
2
28
49
43
33
48
259
1
105
18
1
42
9
171
19
112
29
2
7
4
159
64
2
196
175
118
44
218
300
1
218
37
97
1
221
252
37
22
263
29
28
14
21
61
1
200
54
1
2
227
94
10
69
133
6
1
96
240
4
1
25
5
17
51
153
2
91
10
88
63
162
66
112
67
60
1
106
7
10
15
43
168
20
241
76
47
3
74
74
48
9
19
1
9
107
13
7
154
195
1
103
3
1
67
10
35
16
110
7
133
27
145
6
12
30
1
1
3
1
25
16
3
11
32
25
161
28
54
27
64
31
33
13
163
110
65
2
8
9
11
2
67
9
3
68
1
78
143
8
141
94
290
11
185
1
6
231
4
3
137
12
7
2
229
5
277
3
38
148
34
92
3
7
38
2
57
2
2
2
127
26
120
1
2
59
9
17
1
299
15
97
8
127
14
21
144
285
7
192
268
49
144
64
64
8
1
189
8
1
112
9
103
12
68
3
279
73
69
135
105
2
17
30
221
235
289
92
69
8
216
219
3
4
131
2
37
105
59
4
34
10
8
30
297
1
97
1
2
10
253
40
1
44
9
1
286
140
7
101
5
205
196
2
53
13
15
229
283
3
9
120
10
6
107
56
249
44
27
48
269
112
138
286
100
252
38
124
163
24
3
138
126
3
210
5
8
17
3
260
1
201
1
1
21
14
3
24
116
3
192
2
15
6
1
12
2
49
56
105
13
4
1
15
249
73
284
300
298
12
11
192
5
55
15
91
92
20
1
3
1
232
6
35
1
7
263
18
1
91
4
23
70
86
2
2
1
11
7
15
3
7
46
241
17
215
11
2
7
216
57
264
1
228
39
93
3
273
4
66
294
192
31
12
26
2
4
122
97
7
221
3
76
224
4
21
7
45
3
95
3
158
11
31
210
173
2
210
161
72
4
42
77
198
28
3
56
1
155
15
5
126
22
9
227
188
68
9
2
55
12
2
10
1
1
186
220
2
2
48
51
138
22
124
8
38
72
232
1
62
4
5
7
87
25
4
32
39
77
155
5
1
45
292
10
171
51
282
123
1
11
291
154
269
45
46
10
2
3
127
291
107
13
249
54
154
3
214
278
206
69
147
1
108
253
1
39
133
8
1
26
66
227
277
12
1
35
202
29
208
44
13
22
1
69
42
1
1
182
31
89
75
201
260
128
4
8
57
46
2
3
79
34
155
14
65
22
1
24
1
73
48
42
105
18
73
24
184
165
1
2
54
3
256
159
7
37
3
3
43
15
39
83
77
28
21
2
212
84
216
51
96
45
38
63
17
39
96
19
1
166
92
16
2
38
35
14
15
156
189
6
50
31
7
4
3
196
1
1
5
1
2
37
4
112
12
211
100
71
1
19
118
61
27
37
1
5
84
216
49
19
11
35
17
14
5
24
59
160
168
13
218
251
111
2
110
6
57
175
116
4
1
132
1
20
14
2
7
275
202
4
127
16
42
1
270
7
26
54
92
26
79
29
95
8
46
110
1
3
9
110
43
56
9
297
10
10
30
9
100
2
90
122
67
47
214
26
31
23
140
90
253
7
61
114
1
201
256
207
7
120
8
166
2
16
3
17
4
170
2
247
127
240
1
2
10
6
4
11
131
71
23
155
9
255
1
5
205
5
72
30
15
208
81
1
237
165
160
66
1
23
29
81
107
2
39
182
146
22
1
113
99
281
6
39
170
11
98
8
126
182
30
28
1
52
124
3
51
32
130
175
251
1
40
2
12
199
25
225
2
45
111
150
4
5
1
9
31
28
241
300
4
252
139
2
65
273
1
39
287
61
9
12
3
85
183
17
98
19
2
71
1
39
95
18
6
13
156
144
217
78
4
1
1
5
2
71
6
2
1
50
2
77
3
4
7
9
276
80
140
1
22
24
245
205
9
2
199
2
1
19
69
250
226
151
14
5
273
44
211
47
1
164
225
85
97
5
97
9
2
14
8
1
52
46
9
4
161
296
84
5
2
90
272
190
15
111
5
152
250
94
215
2
27
3
9
185
53
115
4
21
1
6
199
137
3
42
103
35
2
50
139
3
2
2
24
130
255
16
257
4
