126
44
19
233
6
33
67
81
276
98
287
8
5
25
64
189
51
50
33
26
10
4
87
28
80
260
73
3
208
175
2
2
13
283
19
218
85
109
1
54
58
243
60
4
14
3
2
40
88
168
2
269
7
43
80
1
1
95
21
11
130
4
3
63
114
13
66
8
53
12
3
27
105
275
51
255
66
52
226
1
10
33
23
1
12
127
32
84
25
39
32
287
3
7
4
145
214
12
16
137
26
80
163
297
20
1
153
4
12
37
74
183
58
16
84
105
36
5
33
183
135
35
285
5
95
123
16
65
1
12
27
68
177
53
4
177
6
47
1
6
46
8
4
39
62
5
113
15
12
11
6
75
40
47
78
73
204
23
6
150
5
3
1
235
1
47
167
7
229
129
161
5
1
135
113
85
131
62
126
12
3
142
202
20
145
135
3
4
3
6
39
172
207
5
4
2
4
2
140
9
28
12
35
230
194
4
17
2
286
4
1
8
33
32
148
24
59
9
101
240
20
16
3
277
48
1
37
90
15
236
9
230
12
64
7
98
1
40
1
18
138
15
203
285
12
1
14
138
108
175
247
3
292
23
2
3
19
1
282
2
99
41
7
48
8
1
192
105
194
248
15
43
152
3
46
105
17
181
147
9
5
17
98
119
1
2
8
17
22
114
170
9
20
3
8
40
139
75
52
3
145
283
4
2
6
58
9
14
259
211
16
1
13
77
56
1
86
6
47
8
93
260
4
285
201
3
76
1
3
2
93
20
104
40
14
1
10
243
49
108
25
11
58
3
227
23
299
10
55
15
7
62
17
63
290
135
82
40
244
66
10
3
3
27
154
32
36
66
1
33
194
36
1
159
185
6
31
137
35
62
263
35
4
191
77
3
5
93
40
51
3
1
19
85
294
163
133
48
8
147
72
2
203
14
1
15
69
11
1
265
32
225
208
65
105
5
53
148
164
79
19
10
14
12
24
23
2
1
7
222
62
1
65
133
35
14
7
31
105
108
294
121
285
59
78
1
2
29
1
50
182
62
44
1
83
3
30
3
12
87
1
5
5
1
134
17
2
30
27
117
147
136
37
225
1
195
97
36
145
83
37
7
44
279
2
173
2
119
203
20
55
193
10
2
9
100
69
10
192
14
13
6
2
3
253
53
105
202
8
68
10
26
21
19
132
16
73
1
1
29
2
260
52
135
179
77
16
2
75
46
4
2
9
21
19
2
186
27
113
21
97
113
73
1
10
4
77
40
1
18
2
43
10
1
9
6
126
155
156
1
160
227
1
8
9
177
253
53
2
128
1
71
25
43
87
24
1
36
111
4
2
191
11
56
64
98
22
25
64
109
3
189
1
3
18
1
217
19
274
48
138
51
31
36
2
293
216
167
19
118
3
65
3
37
3
5
8
1
110
118
212
105
66
219
59
243
99
4
42
78
1
15
156
223
10
2
244
126
24
1
1
241
11
29
236
161
29
117
23
2
155
1
1
3
2
1
47
11
93
1
5
14
1
3
281
111
234
187
17
139
1
3
169
20
3
2
205
5
1
218
4
17
22
16
1
176
2
15
97
53
151
159
36
3
293
1
290
32
77
147
133
4
16
257
15
59
7
1
2
1
109
23
82
98
3
28
23
60
16
1
111
3
15
145
258
212
1
3
190
71
9
251
19
30
12
116
68
184
2
65
1
50
136
299
8
59
2
6
19
115
63
240
205
2
1
23
1
55
1
1
36
6
6
65
3
62
3
10
26
29
28
2
1
45
55
14
20
26
5
143
3
25
270
26
2
15
15
18
13
15
9
3
118
9
198
171
10
12
1
75
24
236
93
54
79
189
10
4
2
21
4
88
2
90
88
24
43
131
3
191
12
1
250
2
31
6
7
129
158
198
252
1
24
234
43
5
23
227
6
3
35
140
84
300
52
74
2
288
5
13
135
48
12
3
44
15
1
158
10
37
5
6
101
43
58
5
87
99
2
34
197
219
7
222
108
96
133
75
100
188
39
96
40
28
11
4
4
228
132
298
104
7
7
256
7
235
44
7
20
148
8
13
41
36
4
26
149
7
99
43
2
33
252
1
61
39
57
95
1
7
105
16
161
3
117
67
26
4
168
22
182
135
6
5
197
25
14
162
139
32
17
7
241
11
13
102
279
133
2
70
28
9
2
24
297
62
33
2
18
13
62
33
32
132
52
1
9
13
15
5
6
256
1
232
210
81
83
9
5
252
18
16
261
56
180
33
1
3
17
1
25
4
154
296
1
12
1
13
4
164
253
5
30
2
3
3
3
219
269
37
33
8
80
59
81
22
300
131
10
1
46
134
2
149
48
38
2
75
14
31
171
132
140
170
23
74
5
35
83
5
6
5
8
15
1
12
1
68
60
153
18
29
22
240
75
2
254
80
28
8
47
247
98
1
55
101
7
20
1
1
99
163
298
9
57
