6
33
64
37
2
240
1
254
52
4
16
23
5
4
138
4
88
33
51
4
144
284
16
9
5
19
194
113
172
100
1
3
68
4
5
43
156
1
100
62
106
23
6
96
84
183
285
3
88
14
21
183
30
22
2
202
1
194
9
3
21
11
3
79
61
274
22
179
286
1
1
23
290
212
25
140
22
182
7
1
13
123
71
2
6
81
80
8
208
50
88
59
22
239
1
31
65
74
176
51
2
10
212
107
218
109
261
1
38
108
4
203
31
46
20
12
4
13
166
60
264
14
5
10
1
3
1
5
244
138
20
1
1
167
123
3
261
10
10
75
2
29
26
34
3
6
28
14
54
103
181
258
221
17
1
6
3
47
252
9
22
84
225
1
55
5
22
282
251
110
18
127
1
1
1
63
18
4
26
4
14
4
10
12
78
113
169
47
32
25
110
76
28
1
32
124
16
4
72
2
81
8
1
233
98
61
262
154
207
4
23
269
266
22
3
91
1
109
63
4
48
3
99
199
17
187
1
29
31
53
53
220
21
8
171
253
42
1
11
6
6
73
203
12
15
22
33
6
1
4
7
4
152
297
122
9
89
116
2
127
32
151
11
2
61
285
2
195
2
120
22
1
53
3
194
67
17
289
8
2
86
185
9
296
13
163
209
5
124
1
1
5
21
45
8
22
114
19
4
9
8
17
20
5
42
3
27
40
61
171
282
21
9
217
17
106
34
31
10
26
14
71
48
1
5
44
33
6
46
27
259
20
175
26
5
1
22
5
1
8
4
1
10
62
5
3
33
77
174
49
1
6
9
48
149
2
244
14
65
23
5
228
5
2
183
218
60
270
202
169
28
1
147
23
4
2
9
82
201
22
51
1
54
6
193
238
75
18
203
100
278
46
106
1
178
12
58
107
16
6
5
25
224
1
85
75
15
78
45
207
72
8
284
53
2
74
34
49
176
9
63
105
10
25
5
1
2
64
274
5
7
237
154
19
102
124
4
6
10
28
5
1
106
244
16
6
135
271
1
153
25
252
88
34
19
181
1
45
1
146
10
1
84
2
97
3
29
60
25
38
200
1
22
70
1
10
1
48
4
2
200
1
270
65
34
1
5
2
1
114
31
91
11
232
55
4
6
25
3
4
8
40
1
161
1
267
13
62
1
79
19
47
45
2
32
35
261
26
4
103
1
10
23
241
2
14
78
69
209
2
172
163
191
27
77
239
128
269
1
3
42
221
89
2
66
266
6
172
2
1
28
282
6
94
8
112
28
19
7
2
141
137
4
5
1
20
35
41
287
107
151
32
10
35
31
284
63
37
126
78
26
13
3
198
1
236
53
2
28
130
1
22
111
37
1
1
213
26
7
21
36
3
72
82
1
198
3
79
1
100
7
59
1
258
2
126
87
15
1
94
29
74
99
2
185
279
207
156
9
77
12
263
156
111
233
165
23
294
81
93
1
215
12
14
21
24
33
196
10
12
18
60
55
5
71
74
119
14
9
135
8
288
95
40
106
172
148
1
2
229
39
8
4
74
4
136
40
13
94
16
15
116
14
130
55
146
126
12
5
2
14
104
18
4
165
40
264
56
282
57
3
245
48
4
42
3
157
33
8
5
152
66
1
1
212
207
5
62
281
3
281
33
66
63
86
204
12
1
1
54
21
12
83
2
269
187
77
1
7
29
10
166
14
132
16
14
23
1
272
1
72
4
104
1
56
30
30
4
5
62
299
36
297
11
4
40
61
197
172
10
126
15
34
39
300
3
18
6
18
295
151
7
211
1
18
7
7
11
236
3
247
2
3
212
23
103
94
8
151
134
12
6
283
49
142
73
11
6
22
286
139
14
190
74
2
1
1
1
96
112
12
200
24
115
224
6
39
18
72
22
2
32
89
16
24
69
10
122
27
124
1
2
7
89
80
1
8
108
25
139
125
3
192
231
172
8
195
229
143
111
29
60
197
2
1
225
97
183
201
5
7
213
3
3
237
174
9
7
11
9
1
1
57
1
3
207
1
291
12
118
112
216
90
1
156
210
178
8
26
19
2
186
99
31
3
1
5
9
47
277
3
20
52
1
1
1
285
3
180
72
1
47
133
10
3
138
179
8
16
243
107
184
33
4
161
19
4
158
11
297
6
184
170
15
1
118
2
34
1
242
296
112
2
119
3
35
50
231
115
21
127
7
1
12
3
2
1
7
124
23
2
42
5
97
235
86
172
54
10
45
65
74
8
242
33
1
2
215
29
65
7
7
136
85
44
17
209
39
26
9
259
16
233
101
206
1
56
52
11
44
27
7
18
1
144
16
99
35
29
155
229
17
25
212
3
29
48
2
126
4
2
2
4
74
5
30
5
46
1
44
16
14
24
208
46
30
39
103
3
6
15
141
4
6
65
162
40
171
27
12
72
260
12
97
4
127
31
1
24
3
36
6
32
16
47
