5
91
2213
1
506
87
322
277
374
1695
525
124
1638
367
132
333
1965
722
1091
84
71
210
3459
217
1669
166
567
432
155
493
60
803
578
537
68
3130
2179
76
229
476
133
617
327
722
36
1975
642
1222
280
258
265
182
1975
264
413
102
413
136
678
259
479
4049
2179
873
1712
553
305
55
293
190
236
1638
598
458
2185
844
2099
317
1087
935
216
6
932
54
1749
704
81
168
258
1139
723
3834
1180
1226
1461
1434
625
1
116
63
1484
279
2518
851
2877
1340
1197
260
1050
897
431
327
272
1613
791
2040
1230
191
463
682
520
1321
11
326
2386
1187
549
1504
504
488
1369
182
474
332
53
334
864
1772
893
954
350
1425
976
275
1482
741
1036
2416
314
838
403
438
3730
3825
133
359
63
1327
701
137
530
520
313
928
228
750
2146
1925
109
1328
344
989
460
190
1903
943
1460
116
3087
2711
1036
1690
710
37
564
1567
532
1091
935
4
1621
1247
235
217
99
338
12
244
2987
826
228
1131
671
2367
10
387
1207
618
2703
1249
1911
1045
944
315
1840
418
1499
659
1400
1480
2416
1026
161
645
365
1210
1134
102
98
2501
242
246
370
103
900
78
852
417
66
1744
1485
934
838
253
1187
170
261
3053
553
423
2828
2326
1255
868
421
861
57
1076
699
676
501
476
3104
278
403
1862
1782
475
1359
2473
91
675
1438
16
3017
1166
233
1276
725
1637
88
22
535
0
1025
3320
273
150
200
391
96
692
720
505
2285
366
1774
579
559
1728
418
3271
78
2487
992
1092
142
131
215
342
3408
676
308
2044
1033
43
324
334
2582
951
630
2751
437
330
1481
1732
1549
5601
305
627
400
71
1970
443
86
1057
1276
792
1126
1109
296
1755
514
2389
2381
1013
1090
953
49
1067
2154
1682
565
1432
2123
442
691
438
338
241
1266
1266
534
530
215
445
196
288
293
1754
499
608
541
636
298
1257
796
2965
1605
3418
728
469
215
914
189
2097
1957
558
139
3176
992
342
215
2131
2932
392
1089
67
251
915
160
52
343
1799
75
193
3911
345
831
53
1470
211
857
793
34
770
1175
123
1602
2886
690
1538
1064
2824
7
530
182
873
4805
543
1044
225
331
14
450
178
212
393
1764
486
2104
1818
197
3074
1527
71
189
22
3285
2063
324
947
497
1186
3787
1708
534
472
2672
1062
1919
2972
4125
628
4934
1534
1391
459
107
399
100
2726
345
378
1371
902
312
31
380
334
1385
136
106
946
687
499
1264
2124
377
88
833
3965
230
44
142
749
604
868
532
527
1515
3852
647
278
335
350
936
1441
37
706
2180
253
1568
2334
1105
3419
90
697
2960
97
52
3612
223
205
1195
779
1829
2538
858
2451
3
1269
599
708
1867
1114
1387
290
468
384
2153
1192
739
176
694
1093
384
218
59
2451
439
1384
704
2245
5733
649
3955
1082
1134
4
2314
970
2122
1310
234
725
1461
191
927
599
1107
884
341
1201
585
1204
1757
356
822
590
907
538
3085
1275
1408
655
400
331
1106
691
716
1190
95
3264
1802
1075
1364
10
2257
1223
598
250
2
924
394
444
677
1406
2227
144
829
678
318
92
1134
4107
6
1707
2872
1367
1614
305
2
2985
464
534
846
1662
338
1383
529
114
1269
136
195
2452
403
1070
943
309
22
338
320
226
1017
67
831
2217
146
1095
265
1498
2821
7
465
1460
1923
1597
1922
2724
1568
725
150
504
245
693
6
1004
52
1183
2846
608
1557
1110
297
265
52
1543
86
1562
1979
343
1258
2208
3043
1597
1984
5509
3209
227
14
1090
890
253
45
500
521
1433
85
1854
394
400
1544
909
743
157
3438
607
598
984
5045
110
2248
1644
401
1592
2532
447
321
296
700
196
1452
457
2879
472
1304
1237
116
806
797
2105
21
455
365
700
143
736
56
621
3873
1525
3279
1426
291
1305
1344
1640
1245
1453
842
4740
1013
569
1478
49
2297
2057
205
1308
59
604
1231
1801
549
361
610
546
78
587
1461
2363
1535
192
886
1052
409
187
2226
620
21
1109
1410
432
476
449
217
5
248
312
1564
549
1515
228
842
1349
364
2163
52
326
2002
294
525
155
1301
913
87
452
1272
233
1609
272
76
642
3326
851
1196
1189
338
3360
665
31
298
50
19
440
860
1174
121
202
1698
926
564
1254
705
3681
703
865
606
170
1591
360
539
556
1192
254
191
96
4715
1403
339
701
615
1510
197
1729
462
675
895
2808
204
647
1689
1009
1793
2071
210
958
2373
1382
661
505
1806
1557
781
696
230
531
2826
301
479
103
1115
2255
621
106
3752
516
166
1519
926
1365
530
623
278
725
3049
2776
311
837
522
182
501
2053
1466
915
1924
693
11
165
541
86
4886
397
16
5351
502
1752
624
703
282
1569
1164
873
699
1252
685
410
938
866
323
2341
756
830
159
2373
1747
1053
1281
651
984
102
29
234
1103
1617
422
339
220
56
1589
1010
339
593
2370
174
831
1037
2335
245
333
312
399
4963
2281
47
1653
531
851
465
66
1703
1375
420
670
567
31
2118
541
1082
165
714
2517
619
74
314
341
42
279
2367
817
1076
543
1032
440
865
859
2518
329
4878
3978
629
727
1307
248
737
138
4365
2338
651
450
1359
181
1046
1823
2573
1020
645
229
168
2295
3412
887
439
457
957
729
1398
1310
424
95
1024
170
23
3464
297
482
365
483
1297
1505
1078
62
848
28
555
3697
4828
1316
404
826
778
2331
1027
3820
427
2817
568
1635
300
1742
646
973
719
281
1088
322
96
1241
42
561
1192
1590
268
715
