394
55
867
212
6197
177
1127
2424
586
1348
640
1796
1172
972
2166
322
601
152
2357
386
628
1989
695
1841
1997
709
1408
6409
348
88
1246
812
854
402
339
1609
1312
1786
61
543
990
747
756
652
3712
2860
474
270
1522
1593
3834
2338
365
211
35
298
564
449
2982
152
171
50
1221
41
0
62
1661
1443
1256
570
615
291
1909
1668
1707
54
444
680
880
1544
1492
1507
326
786
711
149
1714
133
223
1920
934
620
1332
71
1977
1506
444
3116
74
2044
1620
1534
1872
69
240
1056
828
1528
1491
1773
871
264
322
1828
1324
39
1262
425
736
529
1395
681
14
136
288
175
890
341
601
191
467
1166
106
614
1501
2191
1924
133
220
94
2551
864
1038
176
325
804
844
2300
4354
2059
3713
252
2019
4487
1225
341
4330
2057
313
1292
111
10
903
566
595
196
195
289
744
1730
429
60
397
1137
679
1195
727
1325
784
2251
376
476
301
675
685
523
1961
426
757
1307
294
428
4231
915
747
653
2692
2554
174
2665
343
254
288
564
371
2922
1609
129
733
1305
80
217
2563
657
1344
121
662
107
779
2398
1835
1355
136
49
833
361
1224
766
19
180
201
200
183
849
1991
932
540
514
3251
32
60
964
99
305
2472
1026
178
606
829
1116
567
291
1819
1604
536
373
315
526
2600
296
113
389
978
2904
542
3236
1866
45
280
61
639
1392
2040
790
1364
692
3035
400
4565
660
902
1098
107
1478
318
1262
70
731
1591
339
1249
1335
163
1594
259
102
1210
127
422
358
121
839
654
1097
835
1683
926
1137
1874
27
559
292
337
1466
347
134
1347
237
1567
318
1837
640
496
1825
3323
1085
3210
126
1747
185
713
83
1684
438
1340
201
435
175
1235
545
1155
49
196
622
208
1068
165
80
242
692
966
577
1457
517
347
403
1746
4452
221
2444
2625
127
2143
1021
1532
1310
645
232
2339
40
3100
1121
332
1568
3690
675
524
1699
3611
267
435
496
593
1144
2962
1500
1637
160
742
29
1352
1263
911
565
98
3055
871
754
821
549
813
621
12
426
2207
985
380
586
621
983
2132
637
1073
280
44
80
681
1146
2274
460
837
1701
323
866
323
1550
903
136
34
23
9
651
1177
1041
584
183
350
1576
291
1922
1118
317
186
345
2185
191
2059
3527
369
444
87
2196
549
886
589
73
1309
2175
1034
1221
134
95
1536
137
1112
4223
130
281
517
978
176
104
1257
1641
1505
4795
525
353
225
41
963
1234
468
413
232
1723
0
1799
1408
1057
271
2417
23
331
371
212
292
333
1056
1199
596
316
998
1776
611
288
2060
1380
1371
3
1187
446
1776
44
813
2082
8
1000
3586
7
2546
2632
1301
303
2257
171
844
190
360
821
1318
2500
2719
426
912
1036
1164
1068
112
129
561
234
660
1491
814
369
251
314
292
875
590
350
1492
1871
1062
288
93
954
566
394
767
3145
323
576
553
2822
654
3037
407
340
285
146
239
402
34
3895
276
2618
526
810
3092
534
656
590
861
72
2073
123
248
643
1031
450
1572
806
176
1110
1364
183
910
1329
618
2060
124
364
321
802
237
300
226
1348
181
931
413
2875
1567
1735
797
420
62
81
335
688
967
339
186
1014
292
454
219
533
2887
785
607
343
1533
1524
3592
550
218
302
295
1166
2968
4057
773
266
497
752
1471
1189
440
2196
380
1506
1290
2924
1046
523
438
487
2260
1028
644
543
1099
674
1869
466
117
320
101
476
1462
952
1175
714
990
1843
3895
81
1996
2024
491
1174
1183
586
914
836
132
1907
1070
182
84
662
2574
4978
5885
517
3361
115
1910
777
1077
1903
722
678
1684
731
363
2770
849
3581
387
1584
2865
948
65
125
305
2717
1447
1443
679
1265
1136
1632
280
1839
922
976
1525
199
137
877
1029
230
276
2342
551
467
877
643
939
1444
589
1097
343
1848
538
185
113
236
3077
1100
2743
563
1253
2996
648
446
73
391
1962
1608
1878
1221
1625
708
929
205
1173
861
353
451
865
50
218
1244
810
1933
739
247
442
2102
373
669
336
287
1285
2349
940
990
156
1890
324
511
506
872
395
1033
27
201
2722
584
1736
711
1983
1300
4123
607
19
1728
120
1668
1476
141
189
1947
624
762
100
2081
114
607
341
1128
427
516
112
1282
2141
286
194
1026
363
1423
1459
130
2688
566
226
1023
3638
155
1314
114
219
467
698
282
2219
808
698
946
100
1886
61
542
2018
537
817
247
91
851
73
2229
133
601
673
398
1207
61
187
111
3113
417
211
333
3113
1367
182
1004
1002
773
256
874
477
1373
696
2072
604
761
86
878
266
49
132
1715
741
218
17
2088
518
314
564
1668
704
63
42
52
581
305
1001
1658
2491
108
2345
132
580
1598
721
434
1705
811
245
395
497
430
551
1661
925
407
60
4738
2484
465
381
17
787
96
346
138
766
171
648
567
280
3991
174
1600
838
1900
467
1014
344
706
767
2455
950
1155
939
1219
87
1491
1143
482
209
720
501
4687
165
385
429
601
717
856
524
1623
59
61
564
526
2149
386
49
40
664
1089
1687
1288
938
89
135
360
6
949
780
1183
136
1631
202
1299
3575
346
1073
271
290
392
1120
2249
584
449
1179
353
6417
2358
54
476
111
657
619
2143
3114
1965
1866
8
4019
2523
1951
1618
362
585
495
2478
188
30
1791
1012
567
51
405
2139
440
1050
1351
1150
141
703
928
3207
195
41
275
380
2995
880
2541
1175
2733
635
613
1485
602
11
548
2797
56
566
144
82
280
1970
1363
3163
1030
