1278
560
4391
298
123
3097
286
802
478
385
1773
967
918
3373
1784
329
3177
141
302
456
1922
712
1419
620
293
4063
1061
82
690
130
84
642
288
277
143
4537
973
546
2158
968
1153
1462
1945
1286
1499
1031
2099
178
345
607
492
495
117
712
436
1774
823
742
819
721
492
564
31
315
381
643
658
336
1185
1
285
1806
1396
947
238
562
1961
587
6547
190
340
1045
1093
674
608
1081
601
2191
1315
650
232
238
709
1852
911
458
452
126
254
326
14
215
350
1213
23
485
38
4227
615
241
1
338
651
1101
396
1260
572
913
946
605
1002
103
839
4
308
861
942
3282
2063
561
125
195
1770
1422
433
152
412
1259
395
180
3063
776
516
1114
2574
1170
2336
2717
648
399
469
1140
337
2160
640
546
308
1224
1203
342
2165
85
153
357
135
208
793
1687
692
16
2482
295
98
1113
1687
348
804
1442
31
621
373
337
3365
1687
3363
602
498
1193
344
1599
1266
2501
951
84
248
347
833
981
846
1328
253
326
1301
716
383
2297
409
2047
801
1807
180
760
581
17
292
12
621
711
7
323
1740
1427
414
218
232
1607
305
345
5
1798
681
103
3422
2877
2576
328
129
507
164
431
140
925
1309
198
465
483
729
720
357
130
375
990
260
1771
2327
1669
145
1122
715
169
400
183
1262
748
1990
1638
1553
983
585
57
477
1583
596
578
2407
2152
111
675
113
1710
261
889
1771
3024
1910
2918
110
416
794
2856
687
1788
524
2529
1245
1195
1236
1354
594
5104
7
666
2665
1402
53
189
1311
2898
1364
2072
1411
813
1280
668
131
358
830
4676
2330
1442
1249
1268
61
373
680
339
2489
461
1231
202
354
2058
6
301
61
2995
1241
527
1817
42
639
734
2385
6
692
733
788
306
490
274
708
1473
284
16
840
47
1705
68
749
618
174
263
26
706
2014
782
100
540
304
1148
1281
1174
776
2049
344
311
347
711
1028
122
549
400
177
971
260
620
1441
1618
2037
147
379
471
558
203
8
276
584
2790
80
797
615
501
1979
820
1649
93
555
508
127
82
473
454
171
155
1256
612
1279
248
1016
141
500
826
978
97
1141
1774
3062
181
2
1409
1744
1272
467
48
437
379
1710
2006
903
310
3189
1568
966
1196
2343
40
1276
439
2113
1587
2699
1663
1104
210
250
2867
1539
123
785
300
273
157
3934
1735
1171
1109
1657
455
334
819
1385
1431
1076
2103
222
28
360
462
638
183
471
237
563
1796
696
1310
213
172
1948
1989
889
2029
1325
824
2532
564
333
375
241
280
2118
314
2128
1045
398
1852
2759
1071
1070
1013
388
723
1228
218
320
1637
661
611
2822
2571
14
2731
1888
94
654
499
1418
1974
108
19
642
431
1290
15
2592
20
4675
36
1369
2951
467
696
260
19
353
951
624
192
1364
930
2080
115
131
49
329
1379
494
447
437
818
4143
859
4
1522
973
164
1963
457
1452
551
246
508
141
1236
713
1246
103
1416
3126
348
90
571
944
767
1128
1942
2171
70
491
384
4062
979
563
313
1882
5403
877
314
2271
1758
2064
4195
1436
679
202
1301
604
79
533
360
2337
807
122
1261
1252
58
321
332
3240
501
796
499
263
767
606
27
120
931
1223
593
806
181
2143
640
2004
2707
1274
1521
601
464
1523
189
101
1148
372
599
858
1261
777
195
1982
1847
1485
3
2029
1030
3801
3342
2123
2119
1045
614
1775
1028
839
375
334
463
1724
2135
297
994
14
1281
145
1599
867
188
2601
356
207
643
84
85
975
178
15
2177
992
1540
102
709
815
607
1357
2500
1345
1963
1144
1333
2888
998
875
1303
567
41
372
1008
626
1904
903
359
149
108
543
322
69
48
277
588
435
277
1767
2179
927
384
519
1686
1661
1269
900
347
536
684
67
534
1388
1964
1971
524
358
216
1343
930
1734
681
1243
420
17
1622
13
855
97
1679
1786
2091
993
275
1147
600
1790
1167
2549
1204
787
2117
1962
402
42
463
111
1094
461
6699
643
1211
423
26
1020
2339
1493
932
880
1234
1468
931
384
276
1797
398
1228
1869
1259
918
1654
388
215
299
78
3303
1727
269
1222
4048
259
355
2614
426
363
125
52
2269
764
586
1246
1362
1812
1151
450
317
376
676
2210
337
219
2533
952
35
308
1189
889
127
192
5732
283
307
405
908
2376
517
1645
803
9
545
883
614
682
1719
286
3834
546
1751
814
390
1064
84
601
723
58
3774
1785
557
970
966
1187
1710
5648
139
110
959
819
536
967
771
396
1187
1006
1505
1193
562
3893
519
979
1814
908
189
304
183
1128
106
1180
1056
46
3661
211
35
546
200
746
240
1333
750
729
24
1952
596
523
464
1942
1306
2987
220
252
79
913
2810
1093
598
900
229
327
557
117
3604
130
368
362
276
895
1619
5627
45
443
553
206
478
2085
1431
1966
722
72
872
2118
163
475
879
262
2666
1645
240
314
1583
78
32
516
528
2303
2100
761
2085
442
448
1073
49
329
65
359
328
108
59
1237
2289
277
1692
379
760
1561
3058
575
3003
2119
1363
277
405
579
4079
737
436
222
1015
151
450
252
3847
13
119
792
1173
214
14
198
659
519
653
288
1
623
236
69
287
1926
1253
3717
757
1566
2130
4239
111
442
676
51
990
382
782
801
1069
487
1015
674
1359
819
1072
1064
112
696
38
1558
2463
467
577
2398
98
2692
394
403
699
1615
1217
256
632
1610
630
1034
850
908
1485
504
364
926
1902
1226
124
15
287
1492
1149
1086
742
7334
736
2296
643
259
83
964
