4
24
1
1
14
10
13
23
25
128
21
77
3
40
1
96
113
23
11
64
61
10
192
25
8
2
2
178
55
37
6
81
49
76
14
92
86
86
2
4
95
171
21
242
5
51
17
61
41
232
218
155
107
30
5
167
5
240
237
57
56
2
2
291
29
256
35
240
4
4
82
257
34
11
285
238
12
115
239
1
89
16
4
77
1
3
49
2
2
141
56
105
232
35
13
70
4
7
116
11
125
68
70
3
146
21
25
12
9
65
58
36
25
35
249
190
20
154
235
20
1
21
25
191
40
1
25
230
11
88
17
2
114
1
12
27
21
139
252
3
19
79
70
193
165
1
3
1
65
29
40
3
12
29
80
250
132
72
84
5
61
89
6
30
5
1
25
1
3
99
9
90
2
233
60
15
53
38
7
282
6
1
1
139
2
81
11
6
17
47
12
259
29
47
294
11
133
109
91
120
14
2
12
12
20
271
12
104
19
239
2
9
131
125
41
29
15
205
12
104
135
131
5
28
21
17
10
7
5
66
1
2
7
13
236
194
7
7
176
143
15
41
153
10
1
101
247
5
1
6
109
76
157
195
24
109
8
36
18
8
29
1
7
113
24
93
29
29
42
79
281
275
6
48
30
24
2
13
29
8
12
66
140
133
91
29
34
253
1
9
1
193
214
3
1
13
1
38
176
7
25
28
197
119
78
62
1
9
94
1
2
207
81
240
183
7
47
274
3
6
47
3
133
1
5
7
2
230
6
34
108
1
26
30
174
209
28
62
89
3
32
1
29
10
264
5
25
2
57
1
71
120
9
34
48
3
8
21
56
147
244
5
80
2
2
10
14
17
4
137
3
11
115
218
201
33
201
53
29
47
55
111
29
116
248
28
26
64
103
153
44
1
6
2
1
294
2
91
8
102
158
23
239
78
5
153
8
89
13
12
1
255
23
77
40
116
4
4
189
39
2
284
1
137
9
7
64
4
85
149
44
187
2
1
7
63
11
188
207
11
67
117
11
101
1
4
118
4
25
190
12
31
10
21
35
13
13
241
299
166
1
246
77
132
80
70
18
54
97
13
110
142
6
29
84
4
31
150
277
1
168
11
3
178
10
76
257
210
262
1
2
56
141
11
6
2
61
1
117
65
3
173
17
1
112
3
18
7
2
4
86
4
36
67
23
26
192
252
83
63
55
11
2
32
47
1
3
65
43
90
81
6
5
196
152
66
8
126
42
12
4
4
9
12
1
10
20
4
6
11
56
44
208
43
222
85
31
274
4
198
1
22
156
21
167
2
27
24
127
152
22
10
150
21
216
13
5
105
133
166
194
132
13
2
217
1
28
19
139
120
161
6
1
135
94
34
225
5
2
25
8
9
138
151
147
211
231
4
1
112
6
16
255
208
11
19
57
98
195
5
13
156
32
85
59
6
177
29
33
110
63
267
45
4
30
5
23
6
160
28
58
262
71
63
2
9
112
281
41
13
76
26
163
234
16
79
8
141
32
11
2
262
226
2
18
7
15
125
20
14
5
74
231
144
2
1
16
43
92
11
62
186
161
3
158
1
163
246
15
271
171
9
121
1
111
4
282
14
29
22
3
6
30
2
45
24
5
26
18
157
1
142
3
2
6
3
21
151
126
39
82
7
109
49
37
99
69
1
6
2
49
19
67
143
73
3
94
24
223
86
2
15
200
235
263
151
245
37
10
174
69
108
233
24
253
15
2
4
3
2
5
39
62
123
65
12
11
251
20
29
16
114
93
1
2
10
1
180
135
9
2
103
56
3
61
262
5
8
10
252
90
1
5
183
36
4
4
107
2
20
145
222
35
288
160
9
21
241
5
118
225
4
66
31
25
262
4
17
246
130
10
4
216
2
10
18
118
59
46
231
5
1
206
183
170
26
235
143
67
118
3
1
1
1
162
9
251
3
251
211
215
240
291
1
26
1
12
14
203
7
59
283
9
1
12
9
15
140
249
138
52
2
88
192
3
5
3
36
1
13
14
4
240
10
18
3
73
3
1
71
6
4
72
136
31
103
9
252
161
36
12
11
54
255
3
115
59
31
163
31
54
2
5
247
80
246
1
14
1
1
20
118
230
107
14
1
106
44
10
91
15
21
57
2
2
106
14
1
51
21
186
2
9
106
110
139
29
31
40
77
3
279
1
1
4
8
27
9
18
46
188
131
257
199
53
146
42
5
166
5
1
111
49
294
113
148
9
7
1
42
212
5
192
157
4
79
59
222
146
13
189
1
18
6
2
32
5
240
1
21
11
1
50
1
8
229
183
198
193
14
249
140
10
9
5
59
7
66
44
9
131
19
1
63
68
50
4
4
6
129
276
27
27
107
6
11
137
2
30
58
1
49
83
94
11
114
158
24
7
96
119
2
122
53
266
28
208
30
226
8
7
54
109
2
81
9
5
16
101
194
160
6
166
143
13
