4
4
228
151
40
5
234
1
1
29
8
117
1
16
39
2
1
5
17
2
38
8
1
1
50
182
286
7
18
153
214
255
24
5
172
47
52
25
18
26
8
177
47
200
108
17
21
68
28
85
12
64
1
27
153
10
1
1
45
223
2
51
268
1
263
252
249
17
66
280
1
156
3
244
183
3
3
263
61
60
24
1
52
20
9
99
6
269
37
86
17
242
3
7
89
1
236
38
187
25
18
214
1
23
277
100
10
251
2
1
8
21
179
98
234
9
68
3
9
3
168
61
16
58
20
226
50
52
46
21
12
28
51
5
12
219
2
37
22
4
63
11
192
162
4
31
7
79
8
2
20
3
5
4
38
4
263
131
13
86
20
4
153
214
10
30
36
51
63
106
9
3
110
165
37
136
291
229
3
112
51
143
15
5
29
4
235
139
3
8
1
159
29
5
269
242
286
189
255
10
7
2
4
242
26
28
25
250
151
149
108
48
15
19
24
1
5
1
2
1
134
18
14
40
53
172
67
71
69
129
61
1
6
2
11
3
179
5
95
27
38
2
6
1
2
2
1
28
1
12
169
86
3
10
179
10
37
12
34
12
144
2
228
1
76
22
8
4
4
110
259
61
5
1
9
207
23
98
4
236
173
143
14
5
30
1
54
73
4
10
1
206
24
1
107
83
2
49
8
42
12
160
4
161
1
26
89
190
5
23
191
289
1
25
15
71
33
1
42
72
160
27
10
38
1
72
121
20
6
20
31
14
43
203
1
154
45
81
14
58
10
294
189
21
1
100
92
1
13
2
188
167
9
22
2
7
3
155
4
12
126
94
52
112
52
44
20
36
40
200
1
14
10
14
179
44
3
10
47
6
184
233
176
195
8
1
63
2
94
2
191
42
8
198
122
273
170
23
4
1
5
70
67
5
225
5
139
83
86
1
87
203
230
175
1
24
74
1
67
6
153
1
206
178
162
198
10
55
10
4
8
10
1
5
4
2
225
14
17
10
140
140
283
34
89
98
185
9
7
55
10
20
2
121
8
176
19
299
129
274
34
7
8
37
3
1
1
1
39
14
181
13
3
30
2
1
12
9
8
249
60
2
188
32
191
55
11
258
82
205
14
211
216
7
236
1
20
28
99
112
7
14
240
66
174
1
75
96
69
13
2
123
100
190
12
15
1
6
199
35
7
1
209
78
71
19
1
158
32
2
5
169
14
134
15
22
22
58
20
2
4
273
3
1
3
6
137
13
76
1
2
48
20
13
3
212
136
226
141
1
42
2
1
89
48
29
6
49
1
96
211
220
269
2
2
90
227
76
30
59
121
2
6
10
44
78
296
98
69
127
104
27
14
54
26
74
58
56
16
252
222
218
157
73
13
12
129
81
159
210
61
19
9
234
27
4
10
2
6
12
4
62
132
95
294
13
154
15
59
267
233
11
28
39
7
167
27
1
197
36
212
1
3
4
59
31
110
153
1
154
18
1
2
1
10
56
103
231
28
5
8
191
168
33
2
41
7
32
4
31
1
146
1
51
175
79
6
54
18
43
139
135
31
77
6
6
38
6
12
5
49
240
93
16
3
66
95
172
1
9
18
158
24
27
3
2
1
262
167
250
71
16
83
18
141
3
7
18
150
7
133
3
280
221
1
72
34
122
57
1
67
269
15
29
21
168
34
36
187
2
14
283
2
298
31
250
23
189
287
51
20
203
115
237
6
4
1
10
92
60
98
145
190
4
2
89
16
1
2
69
202
7
109
1
203
294
134
38
38
14
161
7
100
257
150
12
299
78
77
1
40
116
1
88
14
72
4
2
293
258
32
29
2
17
263
10
15
7
7
9
3
28
1
241
104
233
13
275
15
4
1
4
86
39
23
155
5
103
99
35
12
170
1
3
5
13
11
1
158
23
4
1
89
8
181
129
1
128
1
291
2
1
28
7
218
90
5
120
48
83
42
6
169
129
6
161
230
183
36
13
5
7
300
3
1
137
21
24
53
6
74
124
292
6
240
48
4
57
31
29
206
12
1
29
58
24
55
12
15
9
20
3
38
40
59
85
15
56
1
143
9
1
100
8
47
55
253
160
116
147
5
62
1
164
63
237
5
2
122
57
2
2
33
10
177
49
2
8
40
1
68
13
290
6
26
214
78
61
16
95
1
2
54
6
197
219
15
232
33
128
26
98
175
3
104
56
82
97
202
16
89
10
2
73
32
90
16
157
56
274
37
29
4
5
136
1
15
3
104
172
1
230
1
18
1
258
41
105
3
162
154
55
62
81
109
14
13
4
22
9
91
195
2
26
293
90
25
1
17
7
14
63
8
10
55
85
4
91
26
10
228
206
1
8
37
11
45
23
75
5
28
147
33
2
50
69
9
1
30
69
273
21
147
31
179
3
1
267
56
137
34
62
2
1
86
62
228
10
19
120
13
133
159
63
8
