528
156
811
477
1612
27
441
595
387
325
48
1294
25
1259
594
719
687
1885
61
1248
881
1532
117
2
218
1779
1435
286
1261
1780
2479
333
176
3307
489
3133
151
634
319
1765
1023
818
549
239
2259
1027
303
591
2603
577
376
1384
299
1591
829
2705
12
507
534
49
859
933
827
476
61
588
2890
411
489
2092
1289
1058
1555
164
339
462
1066
530
304
555
674
119
461
836
204
125
1339
2513
1846
1167
51
1000
1160
313
2363
3260
815
160
1365
51
616
194
662
2636
432
1492
1012
98
1211
1493
1
1082
329
639
2238
286
437
2228
3456
1400
362
1574
1164
495
605
1608
35
172
1304
541
622
538
220
1321
1975
1134
2425
2104
926
420
147
36
1054
1125
1124
2559
460
372
2090
1089
3106
424
917
865
618
1603
827
1314
534
654
163
385
3390
2028
143
43
580
197
581
1924
1526
978
663
2439
142
881
1308
874
178
442
1793
27
690
1983
1194
439
335
526
544
51
600
547
724
1245
729
3388
545
949
70
91
741
434
750
619
1446
3
690
513
4515
605
559
750
794
1575
143
1436
1136
1348
546
599
31
438
980
80
1386
211
831
1391
3131
1842
1371
421
1136
3692
61
543
439
5613
169
526
816
35
756
2141
112
64
650
2148
251
496
760
114
2488
207
817
582
984
431
1346
412
1147
300
845
1
320
1576
231
76
651
864
136
134
123
430
72
2817
5709
1
304
641
1502
1056
1523
102
1206
759
2
427
183
99
582
610
752
22
1377
433
264
360
254
379
2084
2520
4399
249
215
96
1895
1609
416
702
3004
5942
4248
523
89
63
440
345
777
657
1463
544
2413
819
2692
777
490
337
812
2231
4054
3522
1102
91
64
548
103
565
504
350
816
79
2021
242
9
1665
771
88
6
486
317
777
112
1567
262
1191
563
797
1729
326
509
1420
2068
1134
156
1006
1549
147
695
2094
13
808
766
246
195
253
1267
204
1876
312
2119
619
2936
467
1115
68
1453
4225
988
3091
321
366
1790
704
87
960
362
483
2088
92
2866
1667
1808
1426
1037
133
509
317
287
88
592
772
485
462
892
511
462
736
72
3807
530
661
1992
106
10
1153
571
773
90
2317
1258
675
120
46
101
3
1919
56
184
889
899
732
342
280
4978
523
86
28
616
1195
1950
61
592
2714
539
1277
1174
467
730
612
1252
112
1183
237
1012
1477
2949
1102
478
2167
1536
1447
949
1699
660
1238
324
1871
61
1665
383
357
3803
2194
51
319
1028
794
490
686
607
1997
1104
5226
67
348
976
742
813
1978
150
77
82
992
841
504
895
336
1102
1250
845
910
94
421
188
1340
625
199
719
70
902
999
545
439
305
1356
1229
57
508
617
156
998
495
164
1244
586
225
49
2102
432
143
267
411
3560
539
2257
475
658
428
77
103
5157
941
29
68
232
443
858
466
1380
167
136
1512
252
200
368
1315
78
131
115
758
1285
2741
1501
381
804
102
1595
559
256
704
268
405
1985
1939
313
48
2247
703
884
558
445
2253
236
354
5624
1265
226
826
1934
498
614
1439
669
1586
214
3011
1368
94
36
26
1148
163
1564
1854
2748
438
468
591
98
363
792
2073
756
3946
1328
1662
1154
136
1066
671
972
50
2866
362
756
2188
711
1426
1299
346
119
827
4332
1066
1829
669
1877
605
220
742
354
101
806
73
1023
2343
1247
18
117
1453
156
12
599
489
3256
896
49
1711
8
2080
9
529
3239
230
549
1511
3070
1318
191
137
1437
339
164
1209
3149
595
1414
2834
398
3710
889
1770
839
5826
1890
745
1589
2540
712
978
1437
975
1384
1525
175
1528
541
715
29
363
702
291
722
2960
1385
94
607
1195
382
279
57
228
527
5647
1175
88
494
2814
317
8
1702
675
14
211
41
70
903
3000
408
1448
1733
225
5683
1497
423
286
331
1085
621
90
33
502
96
1468
2653
456
695
1000
224
396
546
653
1395
287
107
370
1163
2084
886
1829
1269
1564
236
17
2707
233
885
1439
6313
245
1619
1026
1425
921
1288
543
499
2031
1279
1611
236
385
1262
244
102
100
952
1124
243
112
3410
1243
2955
324
805
101
542
1201
394
4003
1409
4275
639
224
1720
1847
953
609
608
274
647
50
406
2865
1342
1183
195
355
153
159
12
1380
1257
201
2063
2503
898
1963
1353
673
568
149
89
356
323
3402
923
602
1633
2982
466
609
223
1090
9
1780
1027
882
392
672
485
619
3714
549
299
701
840
358
1983
319
111
1380
2268
2008
119
44
2155
3308
402
238
1122
46
1483
259
667
144
190
1093
448
44
382
356
104
1676
776
880
361
2483
666
3255
58
1098
1644
691
588
2754
645
12
144
469
306
1151
111
1509
157
275
1489
1866
1167
503
491
565
227
3093
1983
245
213
225
51
480
258
432
92
1220
450
935
2085
53
113
432
1736
871
1087
157
4856
295
228
119
531
2370
82
2092
1487
242
864
1088
197
454
539
31
4
1347
950
888
1098
578
1778
628
282
315
3575
1779
1321
918
1659
3495
1121
550
1276
547
658
1067
70
1245
298
1268
21
39
112
777
685
2152
300
702
450
1234
4455
1889
248
1499
171
359
82
1841
216
3224
146
2101
1615
64
348
410
1698
233
15
2152
1105
582
606
74
1116
2708
1319
177
438
125
2316
2185
377
317
931
46
2028
1615
989
168
145
564
466
38
463
1398
31
2046
268
2573
784
1275
485
209
1020
37
277
1933
150
1980
3258
799
925
215
522
175
1016
664
2991
987
1246
3282
741
267
348
2834
836
78
