126
1062
1335
220
1985
778
2970
1450
2629
1274
1726
640
94
1162
513
780
880
3490
701
213
2335
516
1774
313
13
753
3918
439
256
1459
1129
173
3917
1618
1102
1148
56
318
179
1354
2373
94
278
758
1706
363
1298
1297
885
2178
1977
121
71
1670
1738
347
1870
30
1870
2084
1236
359
1150
32
130
547
111
1172
94
71
1403
2221
1212
220
90
4192
295
312
913
624
216
1986
554
20
1043
641
1844
1209
162
1307
509
227
93
1264
1015
917
1044
406
2538
28
173
2515
3110
493
946
5256
258
740
672
1102
2862
283
529
26
2269
1327
224
414
990
875
37
2252
142
956
577
132
450
1138
800
1135
1876
315
27
311
179
404
17
263
3870
834
4312
755
2209
5976
323
251
2089
568
4225
3217
780
1844
1714
582
1221
150
473
2168
1160
515
486
2267
423
3199
3654
448
641
1543
1704
9
971
940
2025
1207
471
124
3171
2070
182
1248
222
1516
244
547
93
1353
1177
557
955
341
1342
216
164
57
606
1537
2
928
1048
155
1151
591
1210
4
1474
394
1323
230
161
160
4115
36
2087
2242
3671
579
1607
98
442
572
899
905
69
118
722
244
1212
1558
532
678
152
591
2021
397
1210
2371
1467
405
316
1573
534
2174
1915
324
455
318
530
1386
148
683
2602
96
1830
623
1013
493
1195
1772
1637
1655
2582
299
452
543
1106
940
586
1146
337
79
962
400
209
982
884
209
1130
1280
2577
565
34
195
372
455
1547
1554
20
2407
1264
183
983
90
3510
523
1732
868
67
2273
230
1184
1257
101
152
2423
2228
900
2083
229
452
237
1658
2185
607
1202
1184
173
894
898
179
387
3942
61
109
873
222
1346
2462
218
762
752
340
731
1333
1027
173
226
195
754
361
447
85
431
1282
842
1075
323
524
1546
46
1239
1162
1899
2048
1058
315
282
515
414
1674
1405
147
1259
125
1327
377
1415
287
1227
804
689
360
4183
716
2161
744
1295
1615
978
472
490
1563
169
357
4575
777
1617
853
1869
2089
323
1712
22
5
1102
1274
1025
990
2376
808
741
218
1237
1
215
1318
1636
566
557
200
298
235
177
1948
2393
789
425
2486
2720
691
1110
749
645
146
1406
910
1011
249
156
660
632
14
425
63
1269
540
377
983
746
734
560
116
176
1612
716
1805
222
395
1492
64
587
605
27
510
1407
2560
367
2488
1593
1730
648
283
2894
1140
1203
231
1522
686
7
1892
55
288
341
3113
1211
5
90
3885
244
913
950
287
343
2288
937
188
1574
577
3298
26
1018
316
612
699
289
1321
1260
3528
1413
842
816
1652
245
2196
536
82
561
3277
157
342
1496
1061
733
807
979
1827
525
236
1412
94
3297
1442
105
1028
366
146
338
1779
794
3106
3223
280
37
46
4674
4198
2384
407
16
3368
1839
34
553
2470
272
153
904
640
2103
535
682
1283
358
2478
930
2148
649
484
801
289
2433
1072
1150
75
5003
207
2609
2195
154
991
55
2905
2730
3070
414
247
1357
402
1720
61
1902
358
2314
3173
713
89
1016
741
1125
885
476
1096
2597
544
132
659
721
599
1570
4516
73
1354
820
1492
411
548
687
1138
507
2342
61
1518
741
127
1754
436
2031
84
426
522
402
93
1132
1490
415
464
1964
142
966
74
297
325
345
2895
524
609
1527
2219
102
1942
3399
143
243
737
331
1806
180
1982
2584
195
605
1911
1556
836
3088
47
1829
2868
242
1730
1332
975
1221
1281
273
1052
1098
723
170
1633
881
131
1151
330
842
1538
779
909
1303
844
302
3291
82
18
4471
4652
3571
89
1189
84
5049
80
1550
191
628
344
371
1702
80
837
365
200
374
464
280
405
4534
62
321
527
1293
883
1305
2048
97
783
956
161
1480
93
1419
200
1451
400
1943
859
17
1400
116
1629
277
5972
1548
2558
162
186
19
2377
49
727
713
164
449
339
355
1096
522
583
49
410
693
297
1130
788
1131
704
1308
161
1327
152
1335
148
2110
206
241
234
516
617
589
756
133
757
792
748
278
1451
2035
8
2
2967
563
591
1647
1276
1246
133
855
255
453
1267
431
3863
305
291
545
1393
3336
436
784
422
643
4842
1083
136
69
466
30
1870
5671
855
1679
313
57
1308
1382
78
414
289
1451
815
788
907
159
65
1472
121
2
184
134
1548
1057
3833
485
1159
3745
2430
5393
152
71
725
1482
1572
174
125
80
2314
891
2952
1915
290
1207
81
3244
746
248
429
620
733
1254
771
212
1573
43
600
527
1189
312
692
254
136
200
43
408
103
266
10
306
1025
1326
2062
280
207
4074
171
1856
381
22
412
437
788
1605
1421
136
303
1443
192
525
623
1358
1413
461
862
1300
914
2738
535
429
72
2476
316
1777
205
1276
410
100
252
3109
284
272
944
454
649
580
421
449
1711
903
1050
1661
382
327
2091
741
1077
8
210
2670
991
290
684
2401
352
862
244
312
2089
426
568
1057
884
275
3257
169
2534
1249
1951
592
1817
593
1938
1012
1606
2125
2791
631
169
1334
1944
619
190
394
95
3034
80
147
590
1176
78
79
1088
294
708
1841
622
853
1016
901
94
820
1362
2140
452
856
600
1381
2480
1166
18
1441
818
1265
891
492
2325
397
24
740
4996
140
882
530
19
2675
67
572
3568
912
3215
1155
853
552
74
235
272
4438
690
856
67
2322
673
977
1420
823
1063
1146
545
110
243
1552
900
17
125
2160
2221
2711
1398
3314
1517
1667
697
55
28
2
3097
1772
97
135
381
314
985
1578
2027
153
108
1531
885
230
512
233
12
1526
555
1147
13
367
236
