7
15
33
93
183
2
2
140
11
18
202
224
245
1
6
100
104
12
3
8
71
2
276
18
189
6
72
284
47
295
81
1
241
2
25
69
50
219
34
13
36
67
281
4
133
5
2
117
216
84
11
200
287
50
1
3
31
1
85
64
70
148
5
1
17
90
270
276
106
4
9
2
168
89
4
235
48
127
271
166
142
1
15
165
13
6
5
203
31
3
93
1
8
11
9
37
196
13
1
83
87
120
3
1
4
1
20
109
14
148
4
28
64
46
1
6
251
60
41
191
11
66
32
10
107
19
116
8
39
114
4
83
73
1
3
2
2
1
51
43
53
24
162
144
288
1
175
10
166
3
27
1
78
269
5
31
87
42
47
238
225
5
79
22
6
74
109
5
2
202
2
89
2
118
31
125
88
1
1
59
28
20
284
3
4
64
17
246
86
26
11
6
3
9
52
1
34
2
3
42
34
179
16
1
2
72
43
20
69
11
6
213
59
49
181
202
228
1
25
13
81
4
6
73
24
161
39
1
17
152
1
2
70
47
19
12
139
1
80
3
234
1
1
121
271
74
42
41
89
1
21
237
12
12
219
267
1
155
38
284
271
1
208
47
8
1
36
6
109
9
160
230
259
6
6
167
19
14
29
119
206
2
57
5
16
3
22
163
2
16
27
1
2
5
11
15
39
135
42
7
1
142
2
260
1
13
7
1
26
2
37
7
2
97
1
11
246
38
199
11
151
5
4
2
32
1
174
32
50
47
31
3
1
6
2
52
10
138
1
5
4
42
1
5
106
6
154
127
126
1
9
16
14
210
1
148
237
22
32
75
157
273
297
10
184
223
87
35
7
62
155
9
70
70
123
193
2
1
50
185
28
8
24
1
3
105
2
2
83
92
73
4
144
192
4
111
112
155
3
14
1
130
192
55
10
76
61
126
4
3
37
91
32
69
50
3
78
6
34
4
8
16
190
210
197
1
19
37
97
1
9
1
3
14
75
30
153
11
20
97
203
1
22
19
267
1
22
47
48
1
6
23
6
4
60
11
2
2
97
77
95
19
2
20
28
95
192
107
3
40
230
2
4
39
26
3
15
59
23
4
2
1
110
240
61
22
6
119
238
225
88
7
104
4
103
238
29
178
145
2
43
59
15
3
235
7
66
104
39
167
9
92
9
4
4
1
10
259
27
66
90
26
5
25
148
11
2
14
1
29
114
3
172
148
3
44
13
194
141
239
210
1
32
2
16
2
7
1
32
1
216
15
71
6
63
45
210
2
4
79
1
68
16
47
1
21
86
19
96
1
23
153
253
297
5
2
154
3
256
214
47
88
46
4
152
1
97
221
223
274
16
233
187
14
3
53
1
12
2
5
2
41
2
183
121
254
282
49
139
10
199
183
1
182
110
164
69
56
110
7
35
109
126
65
4
89
125
157
3
1
82
153
90
151
29
147
9
65
17
164
72
6
243
48
7
7
51
239
11
56
291
94
73
33
3
63
1
267
2
91
46
60
86
278
1
289
141
154
1
53
14
7
61
89
72
102
26
92
270
101
18
3
6
33
29
1
24
1
24
9
93
80
8
4
42
38
1
6
3
246
238
34
165
35
1
70
67
94
3
73
14
3
7
3
95
5
225
16
3
2
11
87
65
183
10
250
30
201
10
25
223
40
244
21
126
57
1
11
1
72
2
3
178
202
29
15
22
32
2
1
164
41
9
78
24
244
152
47
18
159
265
136
52
9
131
3
1
131
15
296
16
114
80
1
130
27
122
287
146
4
66
7
23
2
4
142
37
50
116
1
272
77
184
54
165
37
93
67
28
11
274
8
208
258
18
28
158
71
170
3
17
12
159
135
60
11
136
15
1
274
118
135
7
1
7
56
70
115
165
2
24
150
10
1
195
10
7
1
48
56
3
40
53
14
1
15
29
163
3
4
6
3
24
2
1
147
30
63
1
107
16
87
14
205
121
2
5
14
26
2
279
205
104
34
4
1
14
8
259
188
213
13
77
4
100
6
51
179
6
7
8
9
39
215
64
149
73
10
64
270
25
179
164
15
6
82
128
284
14
29
1
102
1
8
6
1
4
16
24
15
58
250
13
274
8
25
74
210
16
110
2
44
79
2
5
11
211
234
12
74
4
6
180
51
295
70
42
251
17
3
6
4
172
80
278
4
43
268
20
1
30
55
111
5
172
7
159
59
7
8
16
3
2
4
1
31
2
144
160
104
46
1
1
279
226
140
9
3
77
7
26
52
2
18
81
92
16
1
11
1
112
3
282
19
109
1
19
13
142
36
11
8
200
142
151
1
12
46
62
4
21
6
116
74
16
9
19
234
28
97
110
36
34
150
12
126
1
173
187
3
20
1
1
8
289
13
5
77
25
78
5
76
74
2
1
230
12
211
42
65
1
38
106
28
163
1
151
6
108
212
7
7
2
21
5
