85
4
163
18
154
37
4
62
26
28
4
38
105
236
22
193
32
7
7
23
259
2
213
28
259
6
7
161
6
188
153
1
88
5
211
38
77
115
15
46
162
4
201
215
1
13
90
13
1
2
2
35
1
10
9
9
5
265
1
5
53
13
18
2
6
3
70
22
1
3
1
63
148
241
85
215
78
9
19
1
3
260
17
12
12
10
107
6
4
44
23
20
218
93
17
101
290
107
32
6
138
21
33
281
1
97
136
4
109
193
2
30
9
231
136
75
6
1
11
13
1
32
213
116
12
19
20
36
26
108
43
153
231
9
124
1
121
2
37
148
167
1
1
13
2
1
10
9
26
250
30
17
28
3
26
166
1
38
77
1
115
6
1
26
4
10
21
197
40
36
22
11
19
1
176
5
267
70
238
29
25
6
146
2
40
127
110
184
53
272
1
33
6
21
49
63
204
67
109
6
96
1
81
207
115
105
25
31
35
46
14
5
239
7
296
3
14
54
144
11
1
101
56
1
5
15
12
74
164
25
4
191
120
1
51
18
280
9
5
14
2
11
112
6
11
1
171
191
2
24
195
175
1
1
2
119
96
1
1
1
7
129
25
3
184
37
76
51
8
179
2
53
16
27
1
21
85
5
157
99
23
24
295
267
3
155
100
267
22
6
2
8
183
221
1
6
4
6
2
56
16
2
7
3
35
8
23
13
47
199
7
284
64
2
15
10
250
3
9
176
136
189
1
31
240
8
2
40
63
1
5
48
1
131
146
3
51
127
28
91
2
9
5
201
3
243
24
4
56
2
1
2
11
251
5
7
162
64
16
1
163
249
83
134
265
19
7
11
263
1
248
1
101
5
137
30
6
5
203
73
92
19
99
175
102
39
33
19
3
38
9
155
12
4
47
60
37
1
197
13
185
124
3
61
19
87
41
63
10
12
204
1
202
149
1
9
1
31
35
58
21
19
231
15
13
7
264
94
28
1
124
3
59
17
14
28
191
286
264
2
8
146
50
9
158
8
110
160
2
19
213
1
232
43
1
52
2
103
2
234
2
18
7
33
82
41
119
209
197
2
59
13
25
1
3
1
120
1
73
27
2
260
23
265
1
292
113
210
223
77
46
47
4
37
175
45
13
2
166
272
2
56
222
81
159
32
265
8
132
11
19
6
1
227
2
154
197
15
1
33
2
106
152
20
1
2
59
3
6
5
67
2
123
160
24
8
18
289
3
39
31
5
101
1
36
251
1
10
100
153
104
128
192
27
5
119
49
68
68
4
8
40
75
1
31
16
2
185
1
119
3
10
56
81
79
35
1
9
50
117
2
98
2
19
17
130
16
260
44
268
104
8
58
7
195
1
6
36
31
19
5
149
240
69
15
1
1
22
1
45
105
2
1
205
2
2
4
8
8
36
84
201
113
43
4
65
5
3
33
37
24
218
64
10
1
283
1
8
8
1
222
22
15
13
22
143
159
79
34
8
201
168
1
61
210
134
92
79
2
3
1
42
22
266
8
1
93
1
145
12
289
11
18
60
4
26
4
22
79
42
6
7
67
75
85
8
17
2
92
146
103
2
229
84
5
1
163
178
52
9
8
244
6
1
81
1
3
7
11
1
76
100
39
16
34
169
41
3
57
204
163
3
57
259
187
26
8
113
22
32
43
5
265
84
20
169
1
81
63
22
7
16
82
3
13
2
14
50
57
48
14
7
29
5
207
123
4
4
14
258
181
1
2
6
67
89
2
216
13
285
7
14
87
217
267
33
1
26
101
102
2
33
5
91
1
144
158
205
201
29
89
29
30
12
15
124
180
11
91
32
100
18
29
172
250
195
297
204
59
118
3
5
40
99
13
7
2
4
76
82
4
3
10
2
1
28
47
137
66
1
56
70
1
43
289
72
140
1
72
22
6
227
31
4
7
130
1
27
259
14
7
8
1
287
76
33
1
275
8
4
1
42
6
13
4
3
5
2
9
4
2
33
53
41
15
2
138
122
10
115
10
2
108
2
109
6
2
141
115
14
76
38
74
124
16
66
142
22
1
1
2
18
44
39
3
69
3
79
35
71
31
6
35
5
4
24
39
4
2
13
45
15
10
121
152
3
103
57
6
221
33
132
4
285
53
8
84
34
20
95
5
18
55
65
8
81
35
45
75
10
292
12
124
1
14
72
19
2
74
23
2
243
10
2
23
106
6
142
28
145
20
5
2
24
138
277
9
82
86
30
57
16
17
240
95
253
53
70
7
132
1
38
277
116
43
96
1
8
2
9
72
5
34
188
202
3
2
1
248
36
92
138
107
4
10
253
203
145
26
56
6
7
1
202
248
155
1
47
197
52
19
49
1
13
105
2
1
2
6
14
28
105
206
134
44
2
38
137
54
18
1
5
100
1
40
33
3
263
1
17
53
1
51
133
11
18
138
11
12
8
5
161
56
162
77
