154
62
100
37
17
243
10
260
88
20
30
11
3
19
19
269
18
3
272
200
3
34
281
66
299
2
13
2
208
173
165
49
25
27
52
22
46
4
172
9
7
87
42
55
15
126
136
2
25
7
10
3
100
52
227
13
16
4
60
19
177
2
13
30
1
3
6
2
259
1
44
80
176
1
113
47
13
37
12
1
19
13
95
206
25
3
5
7
6
22
23
1
3
33
16
12
69
4
162
31
2
1
22
24
103
154
19
286
1
151
1
7
7
36
4
8
5
88
25
2
1
70
246
44
1
6
4
95
44
51
9
1
269
67
70
65
186
3
2
1
134
6
200
29
3
25
162
2
18
136
223
2
110
2
57
197
182
4
94
1
37
30
7
15
12
5
1
22
20
1
114
281
30
29
68
2
8
11
16
212
300
115
3
22
42
166
80
31
21
18
43
5
4
1
1
1
2
134
109
118
147
1
82
59
1
38
8
13
37
145
51
220
82
1
1
93
119
1
29
11
259
12
293
1
178
27
130
81
3
2
222
9
14
105
212
2
173
9
63
63
1
83
213
14
50
207
4
1
3
74
5
14
77
49
9
57
177
18
103
37
247
26
77
221
77
24
217
29
5
147
11
14
296
57
18
150
1
47
19
273
231
88
1
80
158
71
93
138
6
25
4
284
4
9
2
52
19
7
108
4
2
2
29
51
16
32
20
1
42
6
259
2
285
116
68
4
132
7
169
109
249
215
71
28
12
2
213
2
140
35
27
118
9
5
27
19
238
230
7
3
7
10
4
4
81
269
42
189
33
152
11
54
274
7
1
69
275
2
235
7
34
261
128
38
6
129
2
4
5
24
222
7
217
2
6
12
59
10
40
73
1
131
1
194
9
138
4
16
6
42
2
1
18
2
57
252
204
267
2
127
127
16
104
143
120
241
30
2
290
197
125
9
164
35
6
10
2
22
182
9
5
6
279
9
3
60
93
66
28
182
1
16
79
2
1
3
123
39
13
59
251
2
139
61
59
88
21
174
10
104
3
12
286
1
45
5
8
236
204
167
36
50
212
264
18
95
6
41
198
3
14
1
209
3
4
149
1
218
9
178
77
8
240
23
23
241
17
58
136
26
39
49
3
1
2
63
10
66
84
250
2
3
252
277
58
164
16
108
56
223
233
139
7
19
46
64
241
6
263
33
44
26
19
117
247
16
4
1
265
243
3
168
1
1
1
9
122
19
299
132
68
9
1
2
4
2
29
187
15
8
1
86
30
1
21
22
165
121
2
24
285
13
96
154
139
16
202
21
2
1
44
238
27
148
4
7
61
99
44
150
47
11
27
40
57
154
61
19
1
4
113
159
122
88
27
98
3
4
1
172
1
8
3
1
46
7
142
6
100
30
41
36
119
5
20
37
157
167
16
4
3
3
196
1
90
14
84
242
19
255
222
57
18
81
122
64
3
1
33
20
174
2
6
4
7
1
66
33
86
46
2
7
24
146
7
4
4
83
204
3
54
5
20
14
145
224
6
59
44
173
117
77
3
5
2
2
121
27
101
1
136
172
199
31
4
1
4
232
108
46
169
1
1
172
219
292
288
38
2
50
170
170
52
26
233
13
122
38
121
222
124
1
10
299
42
92
110
135
1
94
49
108
7
4
25
2
4
259
41
250
23
190
1
2
22
129
86
3
188
143
7
32
55
102
1
1
3
50
19
84
2
11
115
31
99
102
2
12
222
2
64
37
5
98
62
27
1
2
1
154
265
55
67
114
229
21
37
16
121
108
1
192
77
19
27
172
2
284
141
72
56
98
9
1
14
6
32
1
272
188
56
28
70
32
5
52
28
13
96
22
26
1
40
7
29
54
77
95
168
85
61
72
2
262
224
1
121
40
9
134
18
170
101
287
7
4
1
175
9
248
17
2
215
1
159
13
197
8
80
230
1
2
7
222
10
7
45
65
92
36
35
11
8
182
104
291
1
34
9
20
1
270
54
90
1
1
1
7
3
8
117
4
8
34
15
2
210
1
239
32
4
271
186
54
39
8
3
24
149
69
6
233
4
136
2
187
217
160
12
12
7
60
10
4
152
6
31
19
113
36
71
41
58
153
14
227
104
11
119
186
247
7
29
114
124
3
1
74
69
60
211
124
248
32
1
8
3
91
163
9
42
47
284
21
6
54
175
11
5
1
4
8
2
7
254
3
116
9
1
123
49
64
106
2
24
233
229
40
67
1
56
124
185
2
10
13
2
108
57
27
4
211
13
1
27
277
78
23
22
30
192
36
11
96
44
193
30
187
2
10
5
4
1
95
1
10
4
163
54
7
23
3
1
59
132
288
10
84
44
32
295
9
3
43
7
39
137
298
203
25
11
128
126
21
227
5
30
79
62
104
116
200
1
7
1
25
1
1
174
295
100
221
17
18
5
37
102
87
30
269
13
21
67
75
283
