1950
2737
1165
2364
30
96
414
558
1565
293
1014
256
1511
139
1053
975
1020
253
1109
1217
1733
37
119
882
2455
3716
148
313
40
1003
99
304
2045
66
2037
3255
129
1076
1931
1099
1822
20
2171
26
1619
404
474
748
403
506
350
374
2803
118
1629
16
1865
588
517
1372
218
326
586
52
33
1404
266
40
1151
707
660
699
1329
55
900
746
3074
291
82
327
427
327
1563
1423
1079
3350
399
550
555
2424
598
12
1322
727
404
373
604
53
2345
534
1086
387
222
583
2518
3573
613
1327
1263
1707
2394
88
521
2584
890
282
567
1437
390
1110
806
1061
3345
994
66
1826
1593
1599
347
1080
104
333
593
2337
1764
2366
1129
231
305
687
628
3343
2355
3406
412
2847
89
991
195
666
644
1242
1477
1552
166
200
1841
269
455
966
3027
442
70
277
1908
280
1371
999
726
197
5714
1989
184
801
568
390
654
807
997
860
378
464
29
579
1418
2403
236
1744
407
51
2992
2843
125
3492
22
185
1127
55
89
159
6
1093
622
1936
211
1644
1441
4321
539
272
797
359
265
1210
563
652
1213
1137
1421
735
520
505
596
117
171
3372
23
314
824
2073
885
1969
2728
1196
71
87
663
1199
98
157
395
1696
254
608
991
3173
451
182
64
337
1385
1936
591
19
518
350
1476
1347
105
1442
407
1067
3139
695
469
23
46
35
15
161
517
2126
17
809
622
666
499
256
1581
1052
1596
85
308
694
823
37
2551
604
942
936
248
422
175
1257
353
510
849
407
274
651
768
1590
1177
2
761
1158
1091
1676
1445
439
3097
1423
2350
531
1832
592
300
379
1140
1290
858
505
3088
319
1150
1274
262
769
470
1379
1191
355
2476
109
2001
98
589
1438
298
1538
201
323
524
666
2500
391
2354
252
486
524
157
205
2655
1452
846
1717
1091
353
395
1197
922
2565
1859
1603
374
1982
288
383
2047
167
864
412
396
173
474
627
1486
733
200
1001
91
937
278
269
8815
512
224
1371
1061
1793
256
117
735
197
934
786
380
801
418
2500
478
802
1057
518
90
141
2381
1530
588
55
1153
222
522
1415
3239
1081
992
106
383
855
2270
392
12
946
1930
1240
539
1311
1445
770
303
463
307
1615
562
358
307
2497
9
1178
2312
19
1575
19
279
661
296
2654
916
451
172
1956
1208
2166
710
1005
133
2502
1525
7395
852
713
952
311
57
113
71
3307
607
2416
2248
564
834
1425
461
416
283
9
1188
64
178
457
889
3596
569
1704
2502
1987
728
0
1079
135
1924
156
755
294
591
477
3530
629
276
1329
1156
2104
218
1581
1953
239
33
2517
1961
523
97
523
177
910
1037
752
1630
1993
378
229
3199
59
181
227
149
401
1042
255
398
1521
489
258
272
1339
547
328
114
1011
1504
1407
903
312
15
868
3912
354
2317
2254
1365
388
127
603
733
82
717
2672
1346
501
475
883
473
705
1878
2285
493
1279
31
2459
754
1025
2317
587
930
163
271
557
55
254
2867
971
731
5431
149
1742
328
1531
467
788
314
903
858
45
812
1548
2133
3805
339
1894
497
1025
705
2020
1151
694
1888
156
524
1968
314
1434
480
1022
1968
546
309
2214
577
796
3018
494
3551
62
279
361
487
91
506
905
345
40
1742
666
2079
1072
543
831
1981
91
2395
2450
25
1414
166
127
512
334
322
1028
103
17
178
375
878
1109
813
191
1315
704
3647
299
612
6391
122
95
469
943
2094
1994
4107
280
504
727
223
798
406
1197
278
3057
2079
275
30
4219
2388
1337
400
5292
1502
973
1557
177
162
1728
1995
274
20
79
3815
825
97
475
628
1125
528
4
893
1483
1906
361
1507
745
713
763
431
4610
319
751
977
42
1304
1409
918
225
1304
938
2413
837
892
691
1289
1200
56
1493
907
396
163
161
158
2544
693
195
796
284
459
366
93
357
1207
571
345
15
1407
2157
642
1411
169
131
189
3063
419
1326
1139
38
3266
75
937
563
1190
265
508
516
751
490
214
1030
100
237
63
1909
340
90
937
780
1114
1169
1122
869
365
1464
1674
601
162
1203
313
3237
16
68
375
3103
371
762
92
314
2634
410
117
108
755
406
16
310
219
4389
986
442
372
218
2007
806
67
41
99
594
558
580
308
988
273
302
2526
477
310
80
791
1134
111
1775
347
35
2174
8
534
724
649
2511
1108
946
665
793
696
536
540
52
2054
10
647
279
947
1119
1262
6094
505
1327
823
395
229
814
1132
310
1329
430
1020
119
714
44
312
810
1658
842
87
110
1244
1527
110
34
724
1048
1810
1324
1513
140
82
428
123
1635
599
5243
965
2690
960
87
275
2804
2211
946
3351
954
138
984
60
1276
1123
762
4856
113
369
182
387
2107
1004
1246
407
461
1231
172
637
53
1644
2940
357
5905
778
933
852
115
272
1649
981
1831
106
84
2
644
445
240
46
300
1514
549
210
211
617
6
125
26
1068
1681
1158
955
50
231
2002
458
848
284
349
857
103
893
1028
35
792
159
2878
2894
956
2214
104
35
552
533
4218
631
502
2043
387
42
1615
716
204
1726
1794
1001
1185
1058
741
88
4498
393
433
527
111
3685
1106
393
1418
1155
1691
2471
3149
569
1228
71
57
460
134
1027
292
629
96
545
540
280
2744
937
1273
301
816
557
1457
943
307
284
206
131
1250
1272
837
272
449
1262
185
107
1830
77
191
380
674
1491
961
247
985
274
872
538
3808
654
11
2598
84
77
1134
34
2307
194
555
290
802
2215
153
13
682
279
166
