363
233
1993
322
507
2073
867
354
1509
428
2727
1179
15
65
602
730
23
338
94
327
143
167
1285
81
448
94
29
93
3215
1396
66
498
929
141
455
1186
1095
280
300
1986
759
1776
1457
1746
880
3858
13
700
1544
40
97
135
1356
190
497
842
1277
595
648
1761
1210
592
1009
2806
5839
436
1325
3163
1839
923
117
712
1424
3732
2125
133
320
1130
457
2228
733
2052
23
42
92
640
236
616
1265
3140
2030
1982
269
56
75
188
737
509
1094
2797
186
139
1497
595
239
353
100
128
9
39
797
911
781
2659
2542
2571
161
19
783
405
687
71
43
1202
110
36
65
1299
409
762
125
934
47
603
661
344
431
526
3079
267
192
2483
422
1928
50
546
2575
385
50
811
1856
160
57
395
1494
518
978
313
3017
488
688
328
1021
1847
205
897
645
1588
3328
715
773
16
513
408
270
878
2052
323
1551
155
565
767
447
1206
538
409
26
731
4358
953
708
287
209
981
73
410
585
978
263
871
4054
1439
473
315
968
271
734
52
478
142
134
475
457
142
2140
950
833
1869
502
592
30
743
190
2682
1599
393
814
155
2775
4
1279
638
167
286
2295
4359
217
1618
233
2798
428
220
2684
681
438
2077
2130
548
742
357
3202
3075
1190
3351
2573
283
478
2597
1856
1017
3099
21
264
1886
235
950
412
1507
986
1154
43
240
139
1390
1438
1080
2231
255
904
283
2266
63
1484
59
1180
1128
2304
869
6880
337
3638
172
1218
397
2927
25
876
537
26
215
952
1643
151
537
1702
700
678
891
33
141
150
674
531
525
1030
1063
632
1315
538
3917
45
317
112
3300
449
1357
863
62
1822
332
2329
498
621
714
959
361
961
1104
1483
44
103
108
4891
112
287
804
5
1618
442
930
1378
968
545
874
409
2571
901
1350
106
531
513
6586
46
2781
192
52
28
149
62
1366
2344
819
963
2681
92
161
191
73
192
25
945
476
678
2030
921
1183
197
283
1095
524
236
1720
458
1286
2146
99
40
522
402
1061
330
2550
469
585
720
1057
1108
9
679
1372
1031
1104
185
602
323
3135
291
430
398
345
481
4
1205
356
1414
1642
1635
458
529
322
894
1079
11
116
3718
1453
122
2215
2275
445
223
523
301
2573
1379
292
2382
788
856
1211
2078
976
344
740
799
185
3915
455
550
1985
180
1014
1117
222
4586
1850
333
3517
149
322
1432
3178
1795
525
1459
2155
1150
225
294
711
3006
140
959
357
130
2146
122
4
3319
1126
152
5194
1788
848
326
919
1095
1659
2463
1811
705
820
3217
1103
3891
355
293
498
5304
7034
972
194
135
1523
801
85
170
616
293
1051
604
1973
3477
862
76
520
517
2379
481
1097
283
482
1361
150
1047
141
979
751
289
2728
232
480
330
1381
322
1096
3495
311
1378
509
59
453
945
1464
702
521
646
1045
130
984
158
2173
685
1726
191
215
951
677
265
133
81
31
276
646
1883
1299
494
1003
672
108
1266
2614
210
2599
613
167
2461
844
870
431
2053
4594
169
372
434
1092
91
802
14
323
307
375
2259
220
1746
592
636
500
1383
827
103
324
895
222
569
103
524
169
92
157
2179
749
128
331
1961
1332
1385
159
441
568
446
546
3217
204
1146
991
12
264
610
648
661
1590
937
1220
437
2015
1703
392
773
4406
42
109
791
221
1573
2023
235
43
215
636
1733
491
643
1645
1215
1669
1212
1313
763
266
860
159
1407
1740
2912
2173
3466
833
1673
2144
1013
38
349
85
108
173
419
1226
719
157
1660
61
1161
417
2184
2241
742
37
66
79
516
666
418
794
1783
264
211
902
252
2622
790
1384
105
1323
1213
79
3267
820
311
842
50
755
356
1006
4
1391
2512
1133
1362
4316
292
1382
126
194
2363
1251
2835
2615
722
241
348
154
816
1820
335
1737
601
758
1391
583
4276
174
2195
270
1963
512
235
464
429
128
61
1180
1543
94
752
1507
900
1688
323
232
38
623
557
2005
2469
312
3573
1119
1176
1764
137
677
1769
54
271
1521
735
95
321
879
216
6
2224
485
689
1124
407
1198
658
444
326
1807
48
1465
1039
951
211
592
3238
262
751
16
56
162
37
761
597
139
434
26
298
529
1214
2520
536
557
495
295
2094
716
933
94
547
25
142
128
1956
525
991
547
1780
566
444
821
129
230
1818
377
289
607
157
1577
508
26
1051
243
1067
1902
703
403
529
1115
2238
2325
837
2146
645
416
326
852
728
555
1825
510
195
76
970
1453
538
120
379
1233
434
950
118
181
829
114
1304
1840
59
608
245
2530
3736
3176
1030
5184
499
1426
1337
1006
1587
221
638
89
1032
2669
1688
2445
856
1897
588
600
751
535
70
2166
1009
907
389
127
981
982
2611
315
1981
716
342
98
857
15
1018
1582
628
494
421
456
2
116
340
41
2999
1121
2055
102
75
16
441
1207
565
556
1120
1107
315
207
975
151
802
328
738
45
417
1334
1282
3202
368
2492
968
880
1263
2874
74
765
1762
1027
836
420
687
1500
1486
893
3617
32
183
2887
1438
385
1367
432
938
936
3051
524
697
2807
2817
3661
917
50
270
340
124
1097
93
53
139
730
99
281
1884
316
602
1885
3280
627
930
364
778
116
988
242
30
137
247
402
29
915
342
1757
494
1921
1891
1024
1836
63
105
811
151
194
803
1148
231
182
77
288
330
1567
136
1077
3902
903
50
588
308
1560
1830
3998
188
233
2249
139
1174
1057
454
1439
1140
108
707
897
930
26
1767
1116
271
