47
687
1318
820
106
2033
1746
2022
1551
119
2394
160
1025
2635
650
373
120
421
176
6
2640
945
3408
231
425
529
690
342
1174
433
671
1623
2128
530
1883
1633
675
1887
343
799
338
443
2160
495
79
530
493
1792
1586
244
3916
1118
2323
903
683
2593
381
1148
691
1719
143
519
2878
186
36
1677
981
1041
996
287
2837
1893
15
363
4311
2195
2434
1130
355
114
466
1230
1195
49
92
1608
1689
635
165
424
99
574
43
31
2380
149
576
475
1008
242
808
121
852
631
2075
382
871
505
784
155
111
37
872
884
893
84
1722
560
1539
304
1819
739
78
61
697
81
819
165
157
171
234
166
170
181
1193
3445
3145
372
17
47
353
190
69
1365
687
81
3547
1775
446
1770
202
902
115
4499
942
804
6
2338
147
5502
1073
874
317
71
251
1747
556
138
720
82
641
748
1002
53
730
778
259
367
676
1443
2831
393
4118
937
354
2425
1088
2078
430
916
360
438
10
2479
960
829
3703
74
381
2344
1017
281
20
1208
516
352
1719
2850
952
246
873
2800
77
130
1713
300
1384
104
315
671
832
553
52
1154
129
3539
1065
1737
2785
695
127
829
236
1141
2118
594
448
916
1021
1251
2552
2508
1370
2755
29
414
39
178
1597
480
66
894
1162
202
863
2011
11
1098
604
1064
1970
122
1726
2157
1402
518
97
343
1636
579
813
711
1013
368
128
1141
233
622
221
38
339
225
424
18
331
158
179
44
674
1484
348
877
5238
960
203
515
2310
1574
1528
90
1282
749
360
1934
77
484
540
1342
592
519
682
1735
800
1651
800
787
135
206
1076
2181
1381
598
98
1760
62
49
63
173
118
1044
3670
1398
323
1804
136
368
1078
199
154
243
991
458
1239
43
1604
283
133
2931
952
79
1235
1441
1411
1060
393
788
560
2202
2321
2036
937
737
800
44
2121
73
995
101
44
2169
555
1349
152
1154
577
139
94
572
338
418
2209
573
521
1184
1405
2407
989
1048
637
745
32
668
689
485
553
27
1797
1867
3208
1198
739
1542
1343
580
396
1525
223
3129
211
316
470
1016
866
826
614
2712
260
70
1035
900
3250
545
1455
2638
117
648
1834
130
654
173
161
730
1223
994
1637
1849
393
231
42
388
60
150
3195
69
3745
12
809
682
2334
2
950
140
2026
77
3304
3819
110
2078
2694
193
1
90
3122
177
453
165
453
28
840
1449
614
465
267
2492
174
1315
302
1940
312
1095
997
488
956
1559
221
449
490
62
2120
1076
684
302
2166
315
66
240
2125
181
1333
2161
1461
775
357
1378
266
1328
453
173
1246
629
974
319
1702
70
347
1204
123
321
450
944
1341
796
753
34
2106
360
358
1388
933
5953
282
1714
1214
519
547
689
1278
170
512
158
4775
543
1362
752
2366
293
3687
506
1814
2474
1877
355
83
760
168
3111
333
962
1275
462
1757
2116
910
2257
469
209
76
842
1719
1751
708
641
1696
278
696
2113
655
100
1757
1453
1964
1450
1299
1248
1401
629
803
283
2921
65
110
890
223
384
434
11
996
786
1800
2241
471
2054
1775
1137
378
456
1137
648
642
526
73
18
9
475
1796
1545
15
235
260
2400
476
406
1529
200
775
848
2491
1096
2336
1528
2700
1136
1492
3516
422
971
2393
342
1617
1159
6224
1340
1515
133
3143
146
2097
1570
59
69
3
14
1827
181
683
883
493
789
1065
1126
351
420
497
762
351
721
590
39
305
802
433
202
1
10
258
271
2434
173
247
221
186
917
1323
1833
693
142
580
1747
253
252
1604
809
2912
852
2279
447
3700
110
75
1805
673
50
133
249
1393
583
827
238
121
2194
88
1137
1142
279
1334
3
1313
491
17
731
3141
1019
1512
1398
564
347
2085
84
854
3341
2500
4129
350
443
250
807
397
464
276
1774
57
1288
736
393
783
646
634
116
422
1395
1464
665
732
64
1
979
3901
1344
1022
223
73
516
1859
662
2551
336
467
121
571
1609
365
122
3159
44
1500
1087
114
2358
100
1669
23
226
2868
384
234
823
337
41
1283
9
1127
230
2975
480
361
175
2256
1302
1061
1025
195
740
725
1536
372
4203
1173
2760
12
117
4592
1813
825
4573
284
971
851
76
3262
1106
297
587
31
1507
335
925
310
699
639
2704
1834
80
195
210
88
1469
1522
1361
126
1063
442
3660
195
763
115
321
1222
82
2285
1371
349
1480
1702
568
1389
593
390
2602
397
159
379
114
159
2141
4617
455
1171
301
811
817
114
932
833
4633
290
1440
729
921
1721
592
1065
58
904
207
128
1010
1531
1218
253
1463
616
2131
31
3271
856
950
612
1826
1842
208
225
1060
477
824
248
106
347
203
530
419
5690
744
193
95
1662
484
1086
1855
520
942
178
112
333
28
3458
9
507
1436
128
1947
383
635
846
2660
2603
1290
986
1693
94
2563
112
239
760
6684
2656
2434
2366
898
249
66
1367
564
360
1492
4221
256
1883
3072
203
2277
543
1622
1529
2097
1039
88
2767
577
2399
908
1191
133
1102
898
163
940
22
1
184
2162
996
2767
717
1100
1819
510
464
1247
8
1117
692
802
13
1526
492
81
212
241
451
195
676
1737
1382
173
690
695
400
246
1501
217
299
1377
314
649
2803
216
1177
986
1444
343
668
380
2528
1389
37
169
3881
2270
1322
1932
188
238
2771
721
840
87
72
2336
1775
1483
332
172
127
3424
445
2145
852
788
52
269
2156
2021
576
2871
78
2910
148
457
313
38
1531
2585
1695
506
1859
23
236
1929
476
252
238
1066
1175
1455
185
