2
177
68
41
25
16
41
131
1
2
37
34
176
17
150
101
22
31
8
42
278
65
294
65
35
57
129
15
32
10
159
33
187
5
203
40
4
169
1
207
4
5
77
30
5
255
14
47
1
198
10
160
123
143
1
1
98
11
287
2
9
1
1
15
5
69
177
1
39
66
277
256
1
200
1
90
190
28
7
5
161
53
139
85
149
26
190
181
4
187
217
8
2
96
33
7
20
134
242
1
94
76
4
51
22
170
19
18
1
4
3
155
8
11
28
137
11
30
238
18
26
32
29
74
8
22
237
1
4
5
15
17
7
260
18
1
9
97
9
16
92
109
51
58
16
19
31
96
7
112
121
2
31
297
42
117
1
32
206
1
1
13
32
65
235
207
70
57
4
196
5
272
149
27
39
168
60
16
127
29
299
88
3
45
13
283
167
256
70
80
85
17
1
50
1
5
122
3
208
218
23
130
2
254
294
128
19
61
146
3
297
298
147
175
133
48
144
2
174
1
19
48
2
94
15
59
65
60
35
11
28
287
4
109
212
1
4
8
277
105
1
5
77
5
151
7
7
285
129
37
290
112
78
228
197
29
68
117
5
14
126
278
172
4
60
1
194
104
6
40
26
44
3
28
8
33
48
1
176
19
20
1
77
35
42
2
1
7
125
31
25
15
87
32
140
16
165
18
236
20
6
25
6
51
6
4
51
7
67
2
8
25
154
10
38
76
51
210
1
12
234
1
30
56
258
23
178
4
65
7
187
12
217
35
189
71
10
45
96
7
1
185
2
19
13
3
151
2
26
80
77
65
40
12
84
27
13
3
1
6
69
234
1
6
180
70
76
1
3
22
6
240
40
230
2
121
167
40
33
113
7
260
2
65
170
2
10
1
21
26
5
136
233
30
1
1
197
13
76
3
271
31
1
211
193
14
31
17
1
3
121
158
102
251
3
186
58
40
15
201
180
4
9
180
100
1
251
52
191
5
1
10
29
157
60
21
4
175
92
284
3
3
189
7
55
24
55
67
26
204
193
18
58
155
9
75
17
289
5
21
62
76
16
111
14
96
3
4
42
74
9
15
6
2
14
37
283
1
104
13
2
63
71
9
291
2
3
7
129
61
124
246
119
2
25
248
92
7
45
81
255
218
64
285
1
181
30
30
32
24
13
108
54
1
24
1
59
19
7
4
5
9
17
152
11
133
12
1
26
6
167
149
1
39
51
44
4
198
3
95
3
184
16
63
18
23
52
60
25
16
168
100
1
5
1
195
42
1
1
3
3
4
3
35
35
55
5
119
175
2
203
57
49
66
1
12
88
29
213
8
3
183
1
10
15
77
299
96
280
2
1
7
223
1
19
16
133
121
67
27
28
1
192
1
60
13
14
114
99
1
111
6
64
3
29
209
262
56
216
282
4
158
30
15
97
4
66
82
80
38
1
175
5
208
120
184
115
209
233
3
18
123
27
266
200
1
1
237
3
245
32
1
74
191
75
116
99
13
1
100
2
27
48
32
58
8
33
21
292
27
198
59
20
49
294
15
42
21
1
5
85
21
6
11
1
11
189
35
60
18
4
18
13
40
1
1
190
68
53
112
8
259
47
1
3
168
155
40
238
87
91
75
158
1
126
4
201
289
9
1
32
17
79
5
102
60
27
2
59
9
1
41
4
2
79
216
6
30
135
13
125
3
95
213
292
240
19
31
90
2
18
1
118
3
35
30
1
14
1
97
4
54
131
6
145
162
203
19
28
15
74
32
205
1
105
5
12
2
69
148
19
44
1
1
7
108
41
213
2
9
63
2
4
169
274
68
1
1
7
1
140
113
57
3
17
157
68
58
2
189
152
1
16
165
4
10
34
11
58
1
6
2
27
285
17
8
55
11
10
290
20
1
3
279
71
1
8
31
289
178
240
68
42
2
102
117
57
19
187
2
30
1
257
146
25
65
2
3
185
2
90
100
73
76
41
130
294
8
283
3
3
4
175
55
34
225
193
2
15
93
2
168
135
2
8
3
125
108
252
137
2
20
2
12
4
251
4
3
8
84
30
281
24
4
203
222
5
14
29
13
186
22
5
1
31
27
7
11
11
8
73
97
1
12
23
159
32
20
9
241
10
9
19
233
267
6
173
119
7
3
1
2
1
80
186
8
3
191
46
46
147
40
12
50
4
245
158
2
1
3
55
189
231
2
224
1
4
21
17
6
1
36
208
105
299
16
147
5
45
4
2
25
188
80
1
89
74
1
11
2
1
10
5
7
21
176
4
3
130
48
30
274
46
94
3
3
11
234
14
187
82
34
1
46
251
5
39
30
2
87
52
2
11
11
127
10
65
227
124
1
30
10
145
1
2
120
192
37
56
129
10
59
9
1
10
204
26
1
248
41
1
158
47
14
83
222
236
125
41
24
1
53
3
10
1
222
105
1
56
24
83
2
1
49
180
