235
249
13
119
175
54
5
109
27
222
50
201
85
54
16
97
6
277
4
72
158
1
2
30
2
134
292
42
24
247
3
1
96
259
1
18
35
293
14
44
44
20
54
16
7
34
8
72
205
2
94
30
1
9
187
76
262
132
91
245
51
293
50
3
1
1
185
43
15
1
58
18
185
1
2
87
150
15
36
4
25
202
62
50
18
164
19
22
40
195
141
6
10
24
125
230
22
274
172
3
49
157
14
3
25
29
61
34
1
56
71
3
38
131
1
2
2
33
3
2
58
5
6
214
23
2
5
19
6
3
27
210
37
1
122
51
26
68
13
10
141
12
1
36
47
2
6
4
1
157
4
105
4
2
69
76
13
2
173
3
5
137
229
3
32
251
28
26
245
1
34
64
31
9
15
4
42
3
1
33
54
78
87
3
14
185
35
9
9
153
8
56
68
46
1
179
69
126
34
65
3
242
35
3
16
15
1
2
191
2
12
3
34
3
97
242
3
66
6
6
238
2
73
284
3
22
7
226
19
3
197
218
17
1
9
129
2
1
63
2
15
16
1
1
2
1
34
1
17
1
1
9
2
26
21
54
67
3
67
273
21
35
3
9
71
167
62
25
111
27
37
13
182
130
149
1
286
2
198
178
16
25
107
1
34
163
25
31
197
100
5
77
1
229
59
132
14
13
3
177
210
5
224
245
7
15
154
30
13
89
171
108
12
5
267
80
192
266
4
7
123
63
1
22
226
34
160
149
89
2
1
1
276
77
130
109
47
4
170
16
2
116
20
40
89
42
181
2
9
2
1
195
11
48
11
2
5
232
106
14
117
5
7
1
300
26
126
63
18
139
80
253
142
29
9
17
1
48
102
152
62
226
21
3
281
22
44
175
8
72
175
1
14
226
80
35
183
142
171
1
18
87
1
1
6
34
1
70
1
18
106
89
54
8
197
54
10
1
293
4
4
11
13
64
154
15
1
19
26
9
112
49
2
35
81
256
142
1
13
99
14
15
4
3
65
92
94
11
82
125
1
230
117
1
42
54
75
74
12
114
178
5
1
283
24
29
4
149
2
1
71
12
5
117
4
20
283
61
105
194
115
10
8
4
162
9
151
16
101
155
234
6
6
96
11
116
60
31
16
1
191
292
250
45
18
7
176
164
20
104
235
63
188
1
103
98
1
29
2
200
134
10
138
2
277
286
12
95
2
1
198
84
45
48
263
20
30
129
268
5
15
3
11
16
293
62
11
26
42
6
69
1
7
11
141
127
86
1
294
146
5
13
56
105
184
2
151
40
238
297
2
206
16
114
7
161
7
3
29
55
84
17
2
2
2
116
40
124
1
190
26
11
34
123
2
7
18
1
58
30
8
48
1
35
50
170
3
22
137
9
80
1
170
75
195
2
31
7
3
171
165
9
59
185
7
48
184
16
120
99
241
151
6
20
1
2
58
113
111
138
8
19
205
13
69
43
5
68
1
22
198
108
93
101
82
79
131
250
67
1
2
4
7
95
9
31
102
52
16
26
5
88
3
8
261
2
60
40
54
5
4
4
8
9
31
213
5
1
4
90
208
118
14
12
45
20
7
44
297
4
169
1
148
2
93
213
30
60
34
110
18
45
4
33
162
34
184
90
50
4
14
51
166
225
195
42
89
93
78
2
117
157
262
19
20
22
53
76
95
220
13
210
17
4
207
23
258
50
60
16
196
1
9
29
188
159
35
1
2
63
46
148
19
203
71
70
88
28
16
141
17
2
9
178
25
261
16
14
176
1
4
3
36
1
96
23
4
94
239
11
1
116
28
106
51
96
53
118
8
18
15
178
185
296
103
18
2
19
114
1
67
10
137
9
19
12
212
12
28
1
6
191
32
5
8
46
66
135
25
190
4
96
7
7
1
229
41
9
14
68
53
292
7
1
46
1
25
163
3
21
110
162
161
86
193
238
166
4
11
4
1
26
284
64
108
8
236
300
29
30
135
86
82
68
15
2
44
110
42
27
212
73
7
1
41
6
44
107
6
3
114
242
22
240
33
99
103
2
112
2
79
10
294
15
225
202
113
199
1
51
1
4
69
5
5
5
2
19
264
55
283
86
108
87
19
4
222
193
65
3
1
57
126
85
38
1
5
1
1
3
1
1
228
21
8
2
26
28
7
58
18
195
11
2
150
91
2
8
37
41
113
32
249
9
144
90
107
49
1
175
49
2
49
39
220
2
42
4
3
7
1
56
85
230
272
34
17
70
222
90
242
216
225
55
1
2
5
12
7
160
105
41
79
230
40
278
20
3
128
45
192
50
15
1
28
87
180
18
140
1
292
1
2
1
1
33
67
80
3
210
62
125
63
41
163
249
187
211
2
65
1
1
160
78
71
242
3
67
101
236
17
237
2
221
47
4
229
8
191
1
15
1
75
30
7
187
63
1
18
195
4
1
104
14
2
