39
47
88
107
98
133
3
5
80
3
255
272
43
223
14
2
35
6
44
263
65
270
5
230
28
3
22
27
1
93
11
3
151
4
15
20
80
41
12
1
24
21
16
20
137
24
5
35
2
24
54
4
2
154
12
142
3
2
225
70
11
1
193
9
250
2
168
106
11
152
190
113
3
62
61
242
48
101
25
10
1
20
196
5
2
3
12
48
152
23
246
17
30
3
15
65
49
1
237
81
5
71
90
32
208
193
2
52
101
140
1
71
190
44
12
145
13
176
1
4
4
21
16
47
70
87
7
31
80
2
298
216
249
152
57
216
52
1
18
57
83
82
61
55
52
113
286
4
6
76
95
29
27
46
2
138
9
63
17
107
5
3
7
182
38
31
140
6
184
80
46
2
10
91
61
52
179
26
11
3
82
137
34
1
218
13
10
34
220
33
6
203
62
64
72
132
2
186
1
159
1
20
51
12
57
1
103
45
1
1
5
30
5
2
11
6
136
138
18
13
80
1
249
257
8
6
24
23
2
76
213
43
171
1
3
242
4
23
42
26
85
67
80
239
107
34
167
34
70
204
146
110
4
13
3
182
9
3
18
40
1
133
25
113
1
263
7
88
1
27
26
130
36
5
90
6
50
8
177
292
32
162
2
5
32
5
16
15
23
25
5
1
52
161
110
9
8
63
48
50
63
254
234
228
122
20
29
36
148
31
74
2
18
9
1
19
8
46
43
244
45
1
74
7
67
7
77
276
1
16
5
41
4
2
174
18
9
184
1
28
59
50
6
269
21
10
127
84
256
65
20
7
2
15
73
2
282
236
40
159
20
258
118
9
153
14
16
4
72
85
5
50
85
157
28
2
2
81
10
14
20
1
279
2
1
9
3
37
6
54
112
161
116
5
2
2
168
20
11
141
23
246
1
173
116
15
31
7
188
8
6
294
42
109
68
21
84
258
4
15
15
148
71
174
92
15
156
149
241
284
5
14
83
90
69
5
211
46
10
152
24
42
286
6
1
244
118
161
10
261
3
2
1
22
3
1
63
3
35
156
4
111
208
68
3
4
38
48
105
151
86
1
5
112
221
5
247
257
4
1
19
8
248
139
99
2
29
25
248
6
185
205
7
1
15
257
3
27
1
95
3
50
4
21
8
150
11
71
73
2
2
9
2
44
90
34
60
24
188
22
100
30
21
267
1
4
277
53
2
65
4
1
12
201
25
201
286
16
77
112
181
259
21
294
213
109
118
2
11
273
88
1
13
1
44
8
1
28
106
107
31
4
2
20
226
146
1
3
183
40
19
65
9
2
104
6
234
30
127
10
78
8
3
158
129
198
45
8
94
33
35
39
210
18
56
4
3
64
7
44
9
12
1
280
20
29
106
22
66
64
13
257
5
103
4
171
18
19
89
169
148
1
1
41
111
1
3
18
244
50
228
15
57
32
23
17
47
18
10
6
24
8
19
20
248
53
210
82
3
7
30
35
27
75
294
40
1
2
6
7
55
119
13
2
209
1
47
290
178
122
72
271
64
19
2
19
291
137
38
39
4
20
69
4
177
262
26
32
263
203
29
21
14
156
1
86
263
90
97
103
1
101
81
2
12
255
107
69
4
65
10
201
3
38
6
8
241
248
206
2
137
36
9
57
198
24
223
41
3
217
15
1
39
4
12
47
1
11
121
44
2
49
1
15
11
15
40
71
21
71
26
143
1
1
2
1
30
187
1
141
22
4
8
7
142
3
1
63
115
5
48
29
219
5
246
2
185
245
188
143
11
9
227
117
72
118
54
118
19
242
214
1
199
3
28
183
2
2
1
87
180
241
1
1
19
141
39
19
8
287
67
137
209
27
68
18
23
1
46
1
7
286
198
30
1
26
143
43
1
133
1
91
35
11
72
11
64
216
1
16
5
239
20
205
80
223
12
17
1
11
4
247
11
73
3
128
180
12
33
2
63
28
4
10
17
166
60
28
6
1
1
13
3
1
6
42
40
4
24
100
188
173
5
4
65
131
2
1
1
252
7
19
3
19
4
4
1
22
146
209
43
60
4
36
12
2
114
2
16
6
2
2
82
21
11
11
238
128
8
2
8
6
6
254
190
2
2
173
220
3
22
260
15
296
239
55
29
119
285
74
5
209
9
17
25
9
92
17
52
6
79
4
230
6
259
272
13
37
50
10
129
21
9
2
2
5
31
12
146
7
34
44
217
63
12
17
8
63
18
89
3
250
245
4
51
288
47
24
51
47
3
1
26
2
30
3
39
156
27
85
39
162
290
64
2
4
1
197
4
129
80
18
40
7
146
3
18
9
116
14
3
43
1
21
295
8
4
16
94
5
77
23
6
90
37
11
41
43
1
1
23
5
4
32
2
7
36
5
61
265
153
252
18
1
92
51
1
115
57
235
7
2
94
3
6
73
267
16
32
31
9
248
41
6
113
