2319
47
2112
146
21
337
1422
152
273
43
823
312
1246
2285
1201
684
1036
9
345
505
2239
276
42
837
760
265
2315
940
5871
1448
20
566
2315
547
14
196
3640
331
1060
3
557
115
321
263
562
727
936
33
225
648
1056
3066
833
489
600
2124
449
548
299
1504
409
1773
469
478
1370
444
1154
201
142
234
1884
282
602
1974
1627
2858
106
1923
377
1925
6641
65
1084
1018
386
421
131
7
1495
872
2513
526
320
200
1215
324
3382
598
1185
102
252
2164
97
239
110
3138
1234
168
1482
542
1043
1130
309
596
780
641
992
2492
564
155
1029
2256
391
1652
7
603
1757
63
814
557
2854
69
85
2021
517
4392
900
3655
168
17
83
1278
72
177
241
909
448
611
318
246
664
55
2445
79
269
1989
329
471
1099
1421
2771
1256
141
254
282
407
1418
793
2769
810
73
592
245
223
1938
1103
99
1428
1487
568
282
3
1448
183
1085
2502
62
896
465
2012
473
3426
1493
2481
77
2517
249
393
280
426
483
25
147
1173
548
88
655
2365
218
131
59
901
5176
2455
2371
823
1042
2106
1669
948
1425
584
1563
45
2056
641
1002
1169
1598
357
1538
837
1159
73
2140
164
1567
1027
1644
478
2468
25
721
1200
302
476
535
166
3488
1253
1406
217
1527
5954
340
243
11
2567
3276
672
469
323
295
241
78
373
2073
1105
1050
357
869
3231
1458
564
281
486
235
3071
1184
35
1333
1620
681
567
1034
857
796
432
164
1071
1405
406
579
1633
412
159
579
900
432
1334
363
952
445
701
134
317
472
3640
73
88
1643
1544
127
189
5223
283
436
246
20
1944
262
1130
988
2374
1245
225
763
518
1365
2799
592
1069
2406
796
1599
1330
83
1219
260
287
1095
1761
1138
1262
1025
2143
1241
2011
685
200
390
1892
111
3430
937
1764
1302
448
220
1100
470
1705
3722
70
888
185
410
768
1385
3171
3885
54
483
2151
1944
855
130
68
1305
217
1242
358
637
1011
2051
556
1926
739
2228
7865
2212
306
794
236
4011
2546
2825
775
3018
3548
747
386
48
2622
310
382
1232
278
786
682
393
52
1192
841
76
1255
673
883
1887
1752
626
907
184
803
1171
57
1685
272
693
1639
589
122
2380
1224
848
1328
563
53
2240
632
3259
920
3275
1248
704
1387
1519
1285
2396
818
600
806
469
778
436
1572
923
1025
1341
3502
317
817
414
2840
564
1089
169
462
389
3221
689
26
787
1163
1001
56
1984
3951
156
1296
1021
526
1442
3270
355
343
128
28
904
352
1708
3012
1433
387
1277
1212
68
519
1292
937
88
1827
426
891
2313
1720
970
521
878
102
375
512
558
135
894
433
23
2060
117
883
1092
411
466
1055
1276
4
905
285
649
29
1468
1409
737
693
446
604
841
665
1654
1840
695
431
119
188
1662
980
269
263
184
385
126
569
1376
210
579
4068
627
1027
3472
403
1053
2531
3237
96
2641
756
1545
316
229
529
74
376
336
232
2734
335
424
1483
160
103
1169
3612
660
2032
233
610
553
571
1058
370
1172
174
1461
1951
138
220
37
1758
81
2015
939
1273
248
34
521
1181
47
1546
4270
113
402
2134
218
2617
20
2185
2548
719
5060
2681
1569
2635
57
479
763
4268
299
1584
608
1669
392
1758
34
311
1943
1889
1349
2897
367
203
883
110
503
2815
2793
633
112
112
3294
1201
1086
184
2392
2374
580
1262
398
1478
301
486
4505
1576
2645
419
65
302
169
271
70
1457
339
309
851
7
1636
1791
531
643
1213
96
2599
466
2366
82
1215
951
648
736
689
158
3137
1957
645
2016
1805
365
172
320
61
314
448
1689
1787
1412
2268
1485
57
1097
104
293
953
273
746
448
725
220
1073
695
1780
294
2005
589
166
0
1099
1298
783
20
817
237
38
230
678
1031
2461
3305
26
557
228
198
1058
96
43
1440
2486
460
2537
536
258
3198
224
1832
1167
2556
883
59
341
287
795
16
369
1169
215
458
794
3096
1182
1038
725
987
504
562
486
1425
202
457
133
818
900
4703
320
777
171
1083
224
850
1086
1064
423
191
839
708
2038
1924
259
289
557
749
1011
1461
383
2588
2389
37
3121
835
2809
392
847
106
505
542
666
544
419
86
442
591
1061
777
110
461
2765
773
586
60
1647
368
4234
34
1069
3251
187
525
3467
618
1684
1518
762
123
65
1086
271
978
561
15
345
2083
664
368
1834
107
344
680
59
761
2900
2852
1108
1127
1777
1200
2751
623
514
681
1612
322
2342
982
3522
277
531
259
1437
978
45
139
2251
563
4372
263
347
6
324
99
167
3338
3211
2484
3433
567
4540
124
2475
1959
3094
391
161
100
1117
1024
1219
118
145
1923
1202
1814
696
491
478
1856
282
142
307
254
3273
1636
696
346
3126
621
1550
1344
503
193
3153
1461
243
1129
1621
277
2607
40
495
180
73
27
724
188
1624
353
2138
1235
676
1106
959
2489
245
1617
30
1339
241
1617
4464
1
466
337
106
94
1445
30
781
811
422
356
1655
1172
872
1161
1897
1287
71
2342
433
877
285
2497
302
2930
1425
1215
994
1917
928
8
402
148
189
1172
2488
485
4388
1004
295
1125
3
994
193
465
953
2345
1263
0
130
1656
952
24
272
678
33
686
1100
355
82
1402
1992
924
2010
461
93
1755
87
1203
695
1120
1956
832
1958
253
2876
3150
2056
1768
130
768
233
34
945
1611
381
112
210
1372
293
784
31
1624
657
875
1793
1057
89
86
77
1458
1335
771
408
1467
163
434
1099
962
1353
1344
622
1675
748
2444
1385
113
1831
166
235
