731
54
158
429
1368
2430
1456
425
1027
1031
1108
526
1745
3558
1253
776
629
158
581
484
293
3349
1040
1650
257
1606
221
471
2020
668
144
945
653
138
168
1634
1846
105
308
691
2212
225
1180
480
1140
188
2849
63
1372
90
795
1392
37
602
1750
153
594
539
35
632
2082
818
467
1655
2335
1970
1
1513
809
1061
624
3822
3
35
1320
650
128
145
826
1124
4273
175
1720
3199
305
1525
1127
1775
120
674
1396
441
26
145
1214
493
65
132
2152
377
47
1583
174
801
413
37
410
180
329
1158
938
391
4489
1086
772
664
539
2440
358
301
272
45
732
1800
304
260
214
1665
133
684
935
1176
1101
59
794
1
359
1030
1790
307
1030
683
2145
2271
1276
773
480
1029
1057
1229
3156
465
539
1657
153
260
73
170
194
4315
1857
206
802
928
4876
460
61
2247
828
77
367
265
560
1714
95
819
2435
706
19
2876
2918
269
2460
310
408
396
450
298
2087
69
1257
17
511
852
422
1593
573
365
730
1791
948
129
858
418
257
1557
1003
249
75
108
1074
249
870
946
2065
918
540
2222
1023
6988
675
2318
1189
123
508
2897
446
1360
599
516
353
1894
16
759
2450
474
301
1990
343
181
1188
31
1078
555
879
285
3777
643
4534
310
891
690
582
74
998
356
543
40
307
16
741
1496
654
20
212
2177
724
138
347
487
904
479
3530
548
660
65
298
942
651
238
223
234
3476
1445
231
32
301
460
582
1605
440
401
1729
774
1341
1186
1147
523
43
2173
232
1331
2360
1073
6382
470
439
986
200
1184
410
1558
1750
1369
700
97
3250
1772
2462
915
81
1385
691
157
1679
143
233
91
578
98
461
1982
18
1216
389
1175
2651
161
26
1524
1249
535
618
98
686
2924
1056
1013
779
227
405
567
2140
2047
778
1898
645
2242
1277
401
1168
429
2809
183
2228
431
2045
2050
671
662
1280
1024
85
1319
1038
322
4717
1296
563
1080
2217
314
489
40
296
208
939
213
986
1356
2581
2956
627
14
261
1311
2382
809
160
203
727
1143
26
265
2144
48
711
524
13
542
2520
78
292
1464
2723
1724
1223
2235
210
213
430
1134
136
97
758
61
942
725
2283
1779
765
1619
263
1363
366
4
4715
625
788
1689
2183
2425
824
810
202
920
3470
1262
1589
986
61
890
1866
1952
1007
514
13
58
1684
1580
1077
1955
84
1144
19
1881
46
934
3218
1333
1271
1614
88
838
697
846
691
120
620
1390
21
2200
1564
888
1226
2590
87
2971
2150
260
29
728
529
368
650
328
3390
2637
678
414
1016
250
1038
458
2102
260
841
2472
402
683
31
1489
1198
333
119
970
1216
1604
130
287
1664
1021
1020
295
523
235
1733
583
467
3103
1473
1960
1392
895
1925
787
11320
317
689
1565
2023
1310
191
148
1406
150
744
347
305
1478
439
521
197
59
71
125
623
159
751
1517
2297
370
3426
650
57
218
1885
1016
76
673
203
1436
424
1385
1315
620
1641
2105
1914
148
676
1823
1298
679
1606
1151
619
460
530
2702
554
2003
806
864
1544
992
104
313
102
3065
756
1060
316
2286
383
165
458
3074
2956
1258
2454
426
370
515
64
3
1841
1028
103
160
328
1031
1008
824
2501
512
1262
8478
1828
3
465
694
2645
1011
158
789
39
382
1300
2067
447
605
933
1288
270
1223
283
77
1382
2806
1005
1489
1642
788
320
771
555
869
676
121
131
836
154
295
466
1906
1393
1725
2436
393
1618
653
555
74
15
790
3
595
300
1953
362
12
833
21
1545
1142
4150
545
1507
571
324
943
1743
1215
340
3046
506
405
310
383
175
2165
944
4336
399
499
100
482
1035
1314
715
728
12
307
816
363
859
1408
1726
2070
1082
503
7
461
500
639
2605
125
652
702
1233
1061
1602
989
1900
224
2968
1205
767
88
189
46
606
789
200
1907
741
1092
3413
1935
2747
1031
1730
71
1403
1201
450
466
58
3107
2413
125
1201
51
1971
2586
491
1493
994
506
868
347
80
1824
994
609
679
680
774
361
323
596
194
395
64
257
73
1428
344
1268
2612
1089
647
668
163
443
3708
1465
11
1061
535
166
1740
120
584
1562
364
317
500
927
2
56
762
276
406
690
503
804
570
535
1885
485
1531
736
1187
134
2941
1845
543
386
294
1665
5750
4680
181
1334
592
3456
1233
242
4230
73
149
2161
1001
436
1221
326
1260
1924
340
90
1715
751
445
1218
776
908
2977
1232
350
816
490
651
372
160
1576
372
274
1166
249
436
1051
2333
1152
212
1049
1934
486
225
2214
528
1227
167
2133
1303
1251
964
1348
2161
191
813
693
1195
1275
297
751
586
2712
192
994
691
1070
151
2162
3392
230
456
815
591
267
3550
592
284
764
15
570
384
1582
5988
1934
235
1991
1070
2275
3154
3310
1028
2533
330
303
870
1666
274
648
13
466
50
164
155
124
52
679
3187
1492
399
1282
519
122
349
72
182
805
2
657
2101
881
707
1680
121
393
1790
210
740
835
420
1549
902
16
201
195
1530
252
175
2992
81
3207
1527
121
305
616
1888
445
653
610
365
229
522
1128
2030
437
215
584
337
4
4138
458
848
744
749
593
1271
1373
391
429
28
3417
1250
977
409
119
403
504
8406
354
319
630
3194
826
2245
191
1783
64
4413
857
6
761
980
1088
2433
250
363
1117
820
76
212
938
199
676
1553
383
1217
232
1706
426
334
1073
574
2798
822
849
544
890
1748
1237
498
306
2945
810
730
182
839
118
381
199
1315
903
923
1030
1017
264
111
3030
1314
1385
