1363
103
1083
826
301
1257
201
806
302
540
164
217
1187
2727
411
1306
1608
1221
2243
115
456
796
4026
844
3162
1889
121
247
568
35
248
119
1436
11
1551
734
980
337
3952
795
187
2429
2625
37
1615
585
210
61
334
13
1869
389
1097
963
1126
796
934
917
236
880
428
282
1556
238
170
2886
243
3019
2864
389
378
1901
760
45
366
893
2175
388
215
1286
482
1341
224
54
117
538
156
89
115
249
105
228
151
1030
1412
120
1779
1156
1938
499
1427
2342
833
408
2309
109
5
1260
98
0
3212
1111
282
1966
1194
30
3541
145
665
615
167
204
1152
982
171
537
1166
928
1359
1407
100
479
2685
141
155
390
426
2506
317
406
2928
609
327
106
1562
94
2611
345
5146
5497
344
846
13
772
1125
815
1037
367
98
623
777
1110
1435
2342
261
4731
984
1484
1080
473
43
174
345
631
530
43
589
2552
1049
340
1558
159
876
464
2770
485
424
1824
138
145
1858
367
2452
1400
13
2403
757
1292
25
10
347
3391
1699
51
2184
552
845
289
1376
879
978
411
1372
1431
1168
2711
288
826
1295
144
175
163
745
1219
609
447
740
307
903
1156
1462
840
3954
962
1886
3421
3021
1121
904
1566
89
60
933
1750
262
1194
80
186
1195
2399
1677
1198
257
942
779
156
1139
89
64
442
881
473
149
8
645
456
4941
155
821
1407
1470
990
65
37
1274
146
73
151
1290
728
1119
1576
294
438
1119
671
1374
30
1314
301
1263
1342
341
788
130
178
2053
2
264
987
286
2463
253
1108
1892
917
239
132
189
105
200
1439
112
1174
547
1266
5872
1186
93
1017
410
634
3357
3808
171
1061
695
468
2359
530
334
2408
161
343
725
159
1292
187
63
2026
1637
449
445
1301
1335
765
6
2082
1795
1214
2886
652
911
580
2194
319
1519
411
788
358
4017
286
16
201
508
502
693
694
488
2290
1194
1646
1921
521
588
377
1082
2292
14
431
2825
152
1520
755
4970
2115
113
67
293
1369
170
1094
846
785
5
27
156
4265
191
317
993
98
2216
1221
69
33
1624
639
411
958
110
2
271
2088
759
644
35
247
2597
1090
727
1160
55
906
1827
144
35
242
1650
205
748
613
148
2360
4553
314
81
774
766
314
33
558
1236
3819
225
608
63
300
67
1740
1185
915
512
763
462
461
148
264
347
405
1451
2405
185
775
300
1345
595
1150
634
2101
1640
1526
1283
895
1689
207
247
1194
872
3119
209
275
633
726
3289
2755
7175
378
1015
154
795
1406
1
738
2325
1014
192
650
496
277
1437
270
183
738
498
991
1070
765
1110
349
1087
1718
544
113
1860
3427
707
1324
716
2774
132
164
2898
35
1215
2554
2177
582
2857
348
90
8
95
2491
777
732
413
103
189
235
480
394
752
176
458
785
358
1616
710
1746
426
231
1864
168
259
691
134
1736
1665
237
531
725
1020
238
267
1561
1378
325
3803
977
1476
743
113
1092
63
1562
1676
566
95
909
63
1011
1331
357
404
3139
355
170
234
256
841
431
460
836
192
1117
3236
359
1259
1735
1261
459
430
1165
3232
731
509
1363
1070
485
556
433
71
200
412
324
547
742
93
782
676
553
1930
12
174
3002
2114
2279
2156
1831
960
640
749
35
2504
503
1969
1007
1187
153
294
1757
463
203
44
734
511
1403
1194
822
473
452
1058
1422
1577
2778
2841
376
19
691
1409
74
134
428
988
844
1386
842
4838
1269
412
1449
2
570
331
713
12
135
1879
379
2042
615
929
2814
1326
2257
2277
465
686
342
579
674
1981
210
222
205
1444
1407
170
149
2736
22
517
499
328
2977
314
1309
1019
775
523
34
534
559
196
3214
583
1602
200
322
429
91
498
282
899
2604
2670
160
532
916
388
569
226
1487
1221
15
405
441
1018
279
74
1984
67
475
441
195
16
191
2126
9
940
900
329
181
495
1811
613
653
1870
1482
666
890
247
441
604
171
464
707
741
2636
1785
71
4316
2159
1417
537
334
222
1483
105
76
996
1476
851
857
1034
176
1085
102
4
1821
490
312
6988
1191
1604
216
944
712
816
87
1148
304
1374
276
295
156
20
420
893
1213
1924
990
465
552
120
406
2573
1705
253
1098
6524
1692
25
503
4656
582
342
599
65
4
710
289
717
708
960
2036
831
1083
2355
177
1235
788
1353
539
428
1137
302
2539
3675
48
527
1245
362
214
1822
5501
153
942
1814
1104
1795
183
2499
629
236
968
23
82
1853
2964
1129
602
323
832
779
233
140
229
170
394
494
1300
1077
176
244
3064
418
907
759
1751
58
1341
813
321
522
50
2511
294
180
1406
618
174
968
622
480
1811
49
312
3
1962
1002
222
256
277
3746
97
155
12
574
1492
668
246
137
531
563
141
151
360
944
848
153
92
412
1207
444
645
3253
209
173
47
1281
837
926
83
2319
234
1203
206
1757
533
3222
503
170
1842
142
1071
895
92
411
1687
375
792
125
502
287
523
3726
2015
743
696
857
24
1944
589
231
2783
546
2932
1663
18
1375
1604
54
211
1017
524
788
1726
1362
1367
731
412
1816
2565
306
72
750
974
1591
1088
857
448
1530
193
62
1696
338
1362
294
1010
629
1936
21
192
644
658
638
247
977
427
1618
648
1451
315
460
1192
830
600
2274
591
1720
57
197
166
3884
719
16
369
625
511
366
841
172
890
636
214
2254
1430
169
88
854
334
1463
679
298
838
3927
74
1489
609
1027
1671
112
1632
348
2604
181
224
260
2462
851
329
112
1264
