44
26
7
2
14
236
1
9
2
6
15
30
1
174
15
84
174
3
28
7
4
199
111
1
124
79
22
21
43
14
24
30
208
3
1
100
10
1
1
182
253
3
3
2
22
78
11
67
53
1
2
11
209
46
17
4
14
14
27
35
53
2
188
34
36
7
2
5
2
2
1
3
1
204
2
273
29
5
6
269
59
6
5
194
110
7
65
63
190
144
2
282
48
82
62
97
17
84
73
5
1
196
130
133
213
53
1
47
4
2
155
42
17
4
1
15
108
103
17
16
234
222
20
9
2
57
1
1
8
38
8
35
97
2
218
2
297
105
236
2
47
73
1
1
94
4
2
67
94
2
62
22
8
70
130
1
15
82
11
134
42
1
81
81
23
196
238
13
24
15
280
185
3
17
38
24
290
87
124
1
18
63
113
25
131
40
31
115
21
2
1
199
171
41
3
73
196
17
3
197
58
241
4
20
209
4
158
2
3
1
144
1
31
222
26
33
3
8
8
243
34
7
131
61
1
19
197
9
292
1
1
1
62
22
60
10
16
90
4
5
2
1
103
189
190
1
142
110
80
15
11
126
10
107
6
21
7
27
3
1
69
1
80
111
47
77
123
117
23
96
7
126
149
29
31
4
16
2
24
207
26
2
276
28
2
3
5
245
173
18
91
175
9
20
8
10
5
1
40
58
166
89
5
6
8
1
197
2
124
6
12
284
201
206
44
2
4
2
186
29
243
2
26
8
1
81
184
58
142
23
47
195
37
10
258
11
66
7
97
3
10
75
3
26
199
4
70
99
1
165
4
7
170
6
188
67
104
1
182
52
65
186
118
32
11
3
67
60
1
34
19
161
1
18
59
186
11
93
53
41
44
38
245
74
63
1
26
74
9
22
3
63
3
7
52
16
8
1
126
40
2
2
186
176
139
175
2
220
5
57
3
233
10
64
4
78
80
198
88
7
54
49
56
102
20
18
45
3
29
32
130
124
15
16
284
5
101
3
2
106
120
1
25
19
2
8
10
2
39
41
41
169
24
148
64
1
110
42
2
4
2
9
19
4
13
271
163
1
131
39
36
41
192
164
11
7
93
234
9
70
11
67
254
27
1
139
1
2
5
87
101
194
44
16
274
1
262
48
1
71
11
36
64
179
25
22
31
2
47
20
19
148
31
39
1
191
29
31
32
1
8
1
138
4
15
253
149
117
14
113
1
67
9
11
205
16
17
10
15
54
23
1
169
4
136
5
155
109
117
30
68
285
22
1
298
3
25
12
4
2
4
11
242
2
117
35
185
84
14
5
54
70
13
8
20
56
230
227
91
1
112
2
278
6
76
13
3
26
177
119
10
47
1
54
4
258
28
47
53
62
34
66
59
1
241
250
60
143
1
1
2
2
1
147
8
183
6
155
58
3
211
12
45
11
7
129
33
234
5
1
8
13
283
71
56
20
1
100
5
4
2
105
80
2
8
2
100
49
9
275
115
1
1
24
27
3
91
220
172
5
56
9
58
7
110
137
19
1
183
144
234
2
277
7
4
15
255
48
53
49
41
95
52
165
63
137
23
212
248
1
80
2
70
77
27
16
39
150
7
137
3
53
70
10
9
5
173
3
1
15
1
12
16
42
98
82
169
211
9
246
289
2
105
4
4
119
163
19
21
92
297
67
174
1
110
1
69
1
5
104
52
264
2
34
153
228
35
25
230
72
294
3
1
3
1
12
14
2
36
23
2
188
15
8
4
64
14
1
102
6
22
14
284
41
6
77
21
36
3
70
136
10
13
24
161
3
106
210
155
10
102
247
16
181
181
7
9
9
9
5
16
39
8
6
3
6
108
83
42
110
150
88
35
2
147
2
3
3
5
7
7
20
1
41
72
22
230
3
26
37
267
112
1
4
43
25
29
15
14
5
266
4
45
37
1
69
2
13
2
1
221
3
24
57
3
1
4
9
1
3
88
2
1
24
154
52
1
273
195
2
110
182
6
281
66
64
291
3
3
69
99
42
6
286
14
24
2
147
5
5
237
1
12
288
271
178
7
240
31
37
81
2
212
219
69
242
37
32
2
40
116
4
5
8
5
148
80
115
16
2
20
14
1
53
19
17
8
43
72
4
251
270
33
15
3
120
42
199
38
230
16
22
5
86
1
1
4
2
16
14
26
72
2
2
81
79
102
4
175
32
2
89
246
98
5
4
2
113
16
11
9
20
49
99
24
61
101
175
122
7
2
90
7
14
147
1
67
21
137
23
84
15
80
27
14
12
43
18
123
23
3
44
6
29
182
60
26
99
5
64
1
1
36
193
2
3
6
155
38
234
239
42
7
12
1
105
4
71
223
23
236
1
130
125
1
98
150
272
5
1
299
19
5
145
65
9
79
6
6
199
9
55
291
38
23
101
290
31
40
1
9
19
265
10
108
7
296
2
109
58
24
33
4
27
233
