2
139
43
69
51
1
208
122
2
249
53
3
167
6
14
78
99
191
272
13
24
54
156
38
161
266
1
2
1
165
38
275
34
32
2
127
285
67
106
196
16
66
2
21
2
4
21
10
4
15
34
81
13
40
267
1
92
58
194
1
17
1
166
12
23
294
27
9
108
4
33
99
186
78
89
37
155
295
67
1
2
22
14
100
8
296
198
67
138
8
29
296
31
198
4
106
15
3
177
102
41
74
6
1
175
62
80
265
9
139
129
8
46
58
1
33
33
242
32
49
69
31
38
101
41
6
33
171
3
40
1
20
294
1
163
11
5
282
258
2
134
1
74
1
3
25
2
22
86
146
7
8
16
2
54
85
24
1
40
71
1
297
6
1
24
223
170
54
257
17
12
25
282
71
42
8
4
169
5
12
6
259
148
5
5
74
25
7
5
1
140
2
1
92
12
180
295
4
15
31
148
1
136
6
19
1
2
119
144
3
112
53
1
147
147
13
43
1
232
49
108
2
23
32
14
5
56
3
4
45
6
26
14
38
7
212
1
4
12
5
96
134
139
254
6
12
208
3
14
144
163
3
252
2
5
268
1
57
15
49
103
4
42
5
11
33
18
15
94
2
37
242
122
256
236
3
3
24
2
118
155
4
2
6
12
40
1
13
19
3
16
7
26
1
290
73
1
5
30
18
10
133
180
158
5
1
224
3
83
1
288
85
140
2
196
62
9
4
1
92
1
21
115
4
1
5
2
118
78
77
157
4
17
244
151
270
3
120
1
258
45
1
185
5
1
5
287
15
102
109
45
6
4
23
205
197
4
117
47
1
241
75
3
13
228
23
42
3
31
1
3
205
56
155
56
1
44
173
289
116
213
13
11
10
5
163
9
1
72
4
60
16
56
156
76
7
4
1
7
1
235
177
10
10
38
22
34
8
1
77
38
64
15
72
46
189
239
49
14
1
209
189
6
6
28
5
162
20
1
201
9
39
6
109
176
16
50
146
140
284
98
202
198
111
5
134
15
1
49
192
182
141
18
3
110
8
117
72
223
3
201
162
118
7
221
131
191
125
190
32
1
16
18
4
4
1
31
11
215
1
58
5
250
34
187
116
1
102
52
113
36
43
8
38
75
165
95
210
6
1
3
32
1
115
2
4
25
6
1
4
70
7
67
1
13
104
2
13
80
4
25
158
11
49
296
6
111
42
51
10
3
23
9
154
33
239
16
291
1
226
213
87
73
26
1
133
4
1
223
5
241
3
1
166
35
2
150
148
162
148
17
8
1
6
288
35
36
61
28
17
120
12
8
6
2
5
240
182
75
86
28
185
253
57
2
44
56
16
1
1
27
1
21
203
6
18
5
219
149
65
12
22
134
1
7
260
274
271
254
1
54
2
2
279
120
14
3
1
4
179
83
80
34
8
66
184
221
102
76
32
248
218
4
181
65
37
2
6
1
51
2
46
153
4
1
48
29
20
168
10
2
11
3
247
279
7
2
22
10
11
2
66
3
82
147
115
28
198
60
205
3
53
69
1
19
1
44
118
3
191
73
13
17
2
2
270
6
34
5
17
4
2
238
82
5
3
272
6
7
5
35
8
33
12
170
16
1
138
47
50
71
6
3
5
14
148
9
35
1
238
117
4
1
156
66
26
287
1
23
4
1
100
189
3
178
44
30
9
233
7
7
10
10
297
141
4
150
9
1
2
60
188
96
138
1
34
229
9
8
20
179
118
22
43
3
214
42
1
170
4
3
4
62
37
1
7
1
1
240
96
2
185
72
19
179
6
20
3
25
78
299
5
30
132
3
261
192
1
3
9
106
1
39
88
1
19
143
37
235
88
265
12
110
256
47
272
10
251
2
153
3
1
32
46
193
5
3
22
3
23
68
174
32
224
4
1
1
5
10
2
4
114
184
2
2
215
9
5
97
3
1
227
28
11
29
136
11
105
55
20
28
13
69
47
247
171
271
4
2
83
50
22
94
27
300
2
47
8
126
78
1
192
125
69
70
159
77
11
145
219
2
1
85
10
104
30
7
147
208
3
175
15
38
203
3
34
1
149
106
273
4
9
86
146
245
188
3
77
24
97
7
51
12
215
8
289
78
1
5
7
1
4
5
37
36
8
2
12
91
6
141
1
5
49
3
11
7
12
247
146
1
233
2
185
5
5
21
163
58
109
2
62
45
1
264
216
20
60
1
6
279
2
1
2
24
30
170
281
82
29
8
2
2
47
8
48
42
121
208
8
1
155
6
1
4
4
8
220
191
2
150
67
57
42
25
6
73
24
122
10
294
2
223
16
161
298
161
43
47
121
1
98
65
6
22
195
114
2
5
206
78
278
11
50
7
8
2
105
170
190
50
13
17
26
79
3
231
59
5
249
34
100
55
2
39
2
129
49
2
5
13
284
8
105
37
1
23
41
1
244
2
170
2
7
43
