1
10
76
50
5
191
56
78
18
55
1
11
2
236
1
102
8
3
6
51
3
18
83
1
116
15
189
15
71
54
1
20
28
102
1
239
4
1
24
268
64
1
28
20
6
1
235
63
2
5
99
121
63
7
1
1
118
39
17
1
101
2
244
14
30
7
5
238
50
275
2
1
24
28
4
71
11
75
3
217
19
249
6
15
178
108
32
290
18
88
15
71
155
3
69
41
2
1
258
294
1
2
45
2
1
9
234
77
8
15
6
16
261
3
1
43
74
39
73
158
84
4
1
49
18
167
1
46
61
37
41
3
76
1
7
24
11
228
1
1
62
15
72
5
103
61
39
1
5
9
8
44
45
9
3
43
25
7
16
98
37
54
24
7
1
1
67
1
4
80
7
13
73
78
19
14
2
7
172
21
255
95
9
6
24
85
98
18
81
108
6
18
51
1
290
1
34
27
7
2
66
66
7
4
62
2
86
1
28
6
120
33
18
29
73
105
34
24
1
253
222
178
257
16
7
219
15
133
71
1
185
247
81
2
292
64
64
1
37
223
73
257
61
255
253
209
282
7
37
7
15
54
298
41
245
123
288
42
21
66
13
213
34
206
132
2
234
1
133
91
298
294
62
268
144
44
300
20
1
231
101
80
3
12
225
22
75
74
72
3
111
3
4
10
5
159
211
2
15
11
259
8
5
61
3
164
2
3
112
5
68
278
50
28
52
38
15
2
11
296
160
7
1
54
63
257
119
13
296
12
15
83
30
3
107
279
8
80
1
35
124
18
27
1
197
194
9
78
37
20
8
1
166
68
25
41
19
7
84
224
20
180
9
1
2
22
88
13
60
15
5
4
281
15
6
102
4
1
285
3
1
27
4
1
293
2
9
141
288
267
74
67
138
219
21
17
1
2
4
9
3
114
154
9
248
4
33
3
34
2
286
136
3
45
35
238
4
4
24
36
116
3
2
187
36
95
3
1
8
58
2
1
66
12
3
8
10
2
218
34
186
45
78
5
56
245
7
24
72
96
112
1
9
21
8
8
150
4
1
27
40
5
5
1
30
113
21
51
75
162
293
121
144
8
281
210
6
11
2
55
75
137
12
23
1
2
221
11
5
2
10
283
45
3
136
7
2
59
5
1
109
11
7
3
136
8
106
5
33
2
131
194
6
74
243
20
11
1
14
220
5
2
7
28
6
35
37
25
1
6
16
95
17
13
66
105
5
45
20
74
20
1
7
87
76
3
26
26
58
19
4
11
30
14
107
135
8
75
105
2
48
16
21
68
2
54
145
4
2
1
2
5
24
190
84
3
1
88
124
19
24
147
2
17
5
104
23
3
1
1
4
2
12
28
77
115
2
15
184
196
237
3
93
1
1
235
236
72
24
7
77
10
1
193
101
149
91
79
91
22
25
81
67
143
147
21
9
105
5
16
20
28
10
4
261
8
235
182
2
128
7
135
22
210
83
3
2
9
35
13
84
3
65
68
94
1
2
26
22
11
2
139
140
7
36
187
253
3
78
172
129
245
5
3
6
4
1
6
21
9
27
268
1
45
190
200
180
49
55
207
1
1
17
19
36
240
14
18
10
15
8
99
18
190
1
38
6
32
71
65
26
172
235
208
1
1
1
13
33
86
9
1
10
3
1
4
1
2
5
36
4
8
27
2
65
11
4
2
43
6
117
257
5
200
12
264
7
176
96
21
35
10
37
4
12
3
27
39
62
2
202
11
4
124
3
21
1
75
5
123
48
3
18
202
6
24
2
22
2
164
64
222
214
197
14
283
107
6
184
21
144
52
16
223
131
26
34
281
68
83
1
19
5
5
1
66
52
50
106
27
98
222
4
3
53
24
2
18
30
94
10
6
1
2
58
251
53
9
10
20
94
176
2
32
278
32
263
146
232
6
4
152
6
12
4
165
194
46
3
236
18
12
177
77
47
7
6
1
24
179
40
87
11
2
59
2
1
1
98
4
18
8
10
23
52
81
156
14
109
121
21
2
105
111
64
135
29
85
283
1
57
7
15
83
4
69
31
7
8
1
141
31
122
63
87
1
4
51
234
202
1
6
56
83
1
190
149
1
102
29
186
102
74
2
1
40
214
151
65
21
86
18
203
2
5
25
10
91
14
188
33
298
12
240
248
20
18
228
64
5
7
131
1
96
6
17
1
230
163
2
263
1
131
149
29
79
262
6
20
86
13
31
17
164
8
106
52
134
144
13
125
6
66
171
146
6
34
23
106
11
31
42
257
241
1
2
18
39
1
228
23
11
181
7
54
8
10
24
32
8
3
90
3
156
1
11
98
147
1
9
163
91
3
35
12
271
3
151
16
250
23
17
1
58
29
12
2
27
269
3
94
1
2
251
102
19
243
3
261
48
269
223
223
52
231
12
17
104
2
4
3
83
26
2
3
172
9
4
281
8
2
9
229
18
13
