1621
837
363
603
3139
69
860
2288
317
34
285
610
1333
224
391
377
620
1999
641
1235
585
3328
622
218
1371
147
880
672
116
2827
3608
1179
396
184
2788
341
266
1075
11
799
1692
244
2482
664
602
2189
107
163
927
2055
2282
81
2510
29
965
94
957
3847
589
671
852
781
286
2579
421
3915
378
1557
28
1490
167
214
866
879
900
513
1922
1013
2197
831
163
1329
951
262
686
2748
883
275
921
2472
2295
419
1613
652
864
430
426
312
427
114
278
2188
267
311
514
579
831
1769
894
133
3436
2878
968
4648
149
585
3299
129
777
23
1590
604
3710
462
681
832
2052
20
662
434
1335
482
746
369
1162
2146
976
663
47
2287
213
45
137
106
302
791
648
360
678
665
166
1371
147
1894
1589
954
774
124
510
171
1632
2784
1015
165
738
371
608
240
28
214
1761
490
4
468
250
337
221
1472
1241
1624
119
216
1837
50
805
1509
2885
923
845
832
1324
557
824
1767
2269
289
566
2989
2313
10
3221
128
1730
1020
1066
552
249
1337
203
727
234
1125
45
1314
693
2062
117
36
845
1134
467
501
81
4175
1978
1660
298
316
1941
2053
870
488
744
3557
1381
354
674
808
1531
2598
182
168
271
6662
195
1488
378
846
910
72
753
1253
332
441
38
65
1243
84
130
1395
398
2401
722
190
2274
337
847
128
517
2355
407
1854
1018
1133
111
924
1246
75
2384
1080
1
61
1939
869
537
126
1417
304
2525
493
115
9
1196
1607
405
1283
431
245
88
143
390
2064
884
436
588
1370
497
1497
159
547
632
748
225
354
755
585
1254
1384
1109
1443
1125
753
1805
1789
901
1492
1116
269
91
1832
97
107
7
385
787
1191
5882
1421
1332
24
1200
1691
122
718
2794
677
853
2525
1928
388
676
51
2006
358
1339
631
1014
944
2390
1368
146
93
1214
1018
1348
1696
42
13
513
42
1104
736
264
4647
968
1882
1762
346
1838
2209
1793
1236
606
1481
281
1556
2362
432
1463
1945
1319
2413
903
88
338
977
891
265
1627
708
93
331
357
176
341
8909
535
810
454
908
955
413
512
1911
45
123
499
645
1707
2538
901
1834
2502
654
189
1509
649
225
159
324
1912
3452
57
1949
277
1613
968
1493
109
251
1346
524
540
393
2256
2322
179
1029
784
2546
1200
1514
359
994
1192
277
576
49
776
937
650
218
150
2053
3031
65
690
157
113
7
1502
3243
401
256
760
29
1299
195
310
1983
24
3751
2801
634
1741
2197
1891
158
290
2173
226
51
165
35
2270
259
589
197
3623
33
329
82
1061
262
6053
632
557
33
2374
1595
1323
1141
958
2023
90
850
1311
2527
717
2839
380
2157
502
1984
921
120
1115
166
210
845
547
704
2849
297
233
145
1582
1296
116
793
390
532
301
137
426
72
135
64
2864
7557
1315
2674
1
510
683
1109
993
793
1546
127
991
980
42
1680
1541
1170
3489
957
2212
2617
1262
459
1533
3226
2508
894
1410
113
190
185
520
3137
2153
1924
4173
747
584
811
827
941
1939
1415
2759
407
2270
119
500
2033
41
2782
798
645
184
650
393
1828
788
18
990
187
1398
740
868
1022
843
467
164
446
17
950
183
28
518
1062
796
3427
892
4357
252
155
1405
247
409
327
321
1522
498
285
678
1019
440
2469
131
428
2304
3951
181
2350
287
71
460
1009
2785
1800
2577
1037
2405
131
1874
2596
1839
4944
909
964
1332
410
643
863
298
134
249
462
330
1251
2335
63
405
1685
2100
1101
1145
904
5724
73
3833
71
290
1367
862
840
724
256
162
1080
343
476
749
4529
157
109
366
1892
1029
709
132
1452
2326
1192
1903
551
3155
3094
191
2546
409
198
413
3057
53
118
323
1002
561
548
1620
352
633
276
1029
136
735
269
362
5262
307
584
1065
2253
371
590
1342
1486
193
482
125
1450
906
1497
917
2111
1584
910
6405
363
220
392
243
1242
930
630
592
1639
1963
2792
579
615
1805
594
1829
2997
351
1213
1696
2037
1
1366
12
81
1356
725
341
138
1056
1211
115
709
1635
266
3220
250
287
1625
141
1162
13
205
1223
763
3710
861
1174
868
141
606
425
2380
5
160
86
325
1380
19
18
948
494
1279
223
239
469
2369
395
2213
2043
3275
199
1246
1181
894
69
262
209
944
18
513
1537
783
333
689
656
1442
681
401
2758
1432
460
340
77
116
1062
139
2606
364
2467
166
92
474
233
353
1700
1127
1243
3049
24
2369
483
1023
329
231
236
2202
1405
3467
186
998
1730
183
469
1707
484
477
411
121
944
1005
137
2348
939
175
122
706
77
281
1297
899
357
919
650
2475
99
70
15
4330
3617
4729
650
1113
1166
293
617
812
677
990
2555
1218
339
81
126
1188
969
890
2330
688
433
526
212
1393
158
687
350
44
2045
885
718
329
261
24
1311
1080
1101
461
2201
297
431
1467
616
448
662
347
429
1447
693
865
60
66
876
99
597
796
1076
334
1015
743
932
4608
41
17
589
342
155
926
4601
742
226
20
1158
480
784
168
496
218
3334
9
1184
363
1129
135
101
798
99
676
127
2168
760
810
452
1359
154
2007
1856
425
2485
1091
78
740
1215
2268
574
1292
1669
584
1580
109
346
657
841
1626
910
1320
1052
473
127
1238
1571
1566
1492
685
2536
93
1607
412
526
345
455
412
252
75
1176
60
48
191
412
1235
102
82
24
1407
927
1178
1351
938
1156
1249
1131
610
74
413
251
179
2512
815
1839
593
699
56
535
446
1678
591
862
560
325
135
81
719
1684
