7477
3102
2734
1072
2144
1235
1304
986
2256
810
1108
75
2382
439
179
980
457
943
107
1244
2586
187
1416
1511
707
361
1436
290
345
435
145
531
1078
847
476
1280
29
287
500
1462
234
386
374
223
751
615
23
261
2099
872
1058
3146
1057
883
1214
66
624
419
484
67
103
1216
372
999
1242
573
1349
630
700
167
1535
570
103
138
340
348
1409
2402
717
8
15
103
1009
558
19
922
188
1446
59
137
925
402
706
364
2073
6750
2591
224
1754
228
935
378
93
184
1132
511
427
543
382
1827
30
1261
1260
945
141
855
398
851
3099
1503
1441
564
336
2397
1165
147
115
776
246
1287
464
57
1328
1590
49
392
583
855
1102
1968
512
59
994
1029
410
807
434
2081
526
958
70
157
720
647
713
832
2655
88
879
149
1751
4652
802
50
1720
501
693
390
1548
407
362
532
779
1172
1230
609
544
1331
1330
416
375
638
625
2127
10
65
1136
908
302
305
480
17
3669
643
904
12
496
1162
690
696
975
1727
680
407
433
237
694
2358
4112
2003
594
985
316
887
1428
575
219
220
271
247
372
640
1849
1573
201
328
408
232
1600
56
325
1308
727
368
1023
641
594
19
958
178
62
271
1481
761
413
186
2409
3777
1523
80
735
595
785
190
116
481
396
303
632
327
131
1382
1599
1202
1132
1083
8
337
300
2955
2065
406
858
1873
654
1884
4948
2534
719
516
637
450
730
130
2076
626
227
1101
675
247
476
1721
1204
408
935
60
1339
1242
652
847
44
313
88
2255
1710
775
2233
201
550
169
283
640
804
672
702
1992
1973
1362
655
454
746
1846
454
177
935
1603
831
195
683
1753
63
227
2019
1642
1779
389
695
1375
182
186
232
174
654
716
835
572
1156
239
723
91
1295
2600
423
2129
1919
1271
42
568
2365
120
887
30
332
522
792
855
689
2199
4384
910
481
1625
592
81
752
473
157
1912
2094
546
441
1676
538
394
1792
2405
1102
579
397
307
774
1349
599
149
301
1221
143
1584
701
793
27
1985
343
1071
277
284
375
2286
789
1592
1557
895
168
1850
315
131
566
2219
862
281
1047
230
450
3146
278
2041
890
714
462
381
748
184
910
337
775
568
707
6
408
1093
1472
447
1232
222
667
2298
175
927
1248
294
2325
467
1387
71
923
721
1250
300
158
470
932
570
213
909
788
651
965
919
1302
1076
315
176
743
327
1289
454
245
719
1460
591
450
2813
157
333
34
488
1279
1567
58
564
268
506
746
545
191
1335
1717
1528
888
496
1019
146
1359
472
1300
174
249
1002
610
191
846
2322
1181
695
95
223
3135
857
45
1152
591
377
514
640
1288
699
1459
133
7
2471
1475
145
2104
3087
135
1092
1044
2393
123
244
752
987
253
356
1067
480
140
116
247
2222
333
2432
143
1093
849
773
181
1265
701
2227
249
1559
743
1600
430
974
22
98
2153
1213
633
978
878
27
200
36
623
999
1073
33
292
423
136
430
4
895
4354
2952
664
241
331
586
2446
48
1200
2264
793
1480
769
710
5705
61
983
51
5286
633
89
1101
3040
392
111
127
253
392
274
6217
117
1081
203
2375
606
130
1248
821
424
2295
466
2208
752
317
2027
32
1684
82
502
861
4209
1550
795
582
731
1268
634
104
908
1313
214
1973
113
2132
6
541
550
2730
1253
368
1984
1096
349
654
1821
898
251
1238
318
419
1364
412
2413
238
2022
530
1962
455
494
943
755
1175
897
320
876
334
1231
3500
85
397
161
973
1139
1905
657
168
1712
906
177
25
27
2878
598
3702
62
840
69
1489
311
529
345
1487
2405
1224
2149
793
90
206
1421
94
343
166
1133
855
806
316
1453
1805
1367
219
206
562
1130
1150
389
3371
604
1444
1087
957
2266
21
2502
2229
957
161
2552
653
2926
331
1169
1503
881
1160
769
110
167
770
167
1624
172
173
3018
392
65
430
542
126
1373
274
115
1102
299
231
183
879
1763
1385
2111
877
741
1164
2683
32
837
1132
538
194
261
440
263
1980
9
926
1186
1832
5093
512
1133
173
412
1353
167
6687
503
2595
118
730
3897
921
832
1927
1426
1345
588
1010
1278
1821
625
45
162
390
498
878
137
1044
414
3177
174
741
933
186
243
2347
233
396
104
220
438
1170
1190
2
192
704
1011
22
126
1003
465
392
527
519
2774
530
65
180
349
1432
1737
540
3544
287
2972
123
1927
15
715
1139
481
1726
130
252
1850
831
1664
1915
304
1170
1639
199
1233
477
100
663
428
222
820
1845
329
577
2758
494
6
200
859
203
99
783
1905
1277
752
941
1371
2758
768
69
1621
354
809
1359
698
686
614
328
905
659
1513
343
670
1143
899
783
1021
2353
2356
2350
2002
2584
1197
724
1364
2397
7941
1802
2221
577
1687
190
4724
1008
1503
3168
351
604
291
856
66
39
156
445
2161
1261
459
211
1363
138
219
647
116
1439
1033
579
83
432
26
31
361
2110
643
2305
358
786
17
856
3863
2019
617
3871
453
1038
306
947
519
435
314
87
645
580
250
73
696
1804
2506
283
3249
1222
227
845
1984
139
2245
283
52
1708
318
2230
370
1195
254
3931
201
82
16
100
1050
716
1030
1685
1799
2616
1663
115
2099
1125
533
1478
1930
268
1087
218
1653
257
100
698
714
1220
101
178
353
996
1688
2903
1025
241
228
548
497
816
50
325
271
1020
1038
1893
104
1234
619
153
740
1129
610
1092
148
157
2266
317
786
3178
287
2447
24
1008
619
237
662
2090
2078
1620
43
