599
2578
1082
2226
531
1772
192
1797
134
717
641
1322
4705
1007
1052
1354
1726
831
785
482
690
1931
343
668
550
400
528
318
154
73
838
1211
428
763
114
826
1255
1673
308
544
27
447
612
2527
324
808
177
9
854
260
53
1216
996
154
966
3
1843
1270
3400
1068
1692
405
20
3416
71
1411
304
373
1385
476
138
492
36
795
1401
1551
357
1509
307
516
409
568
1859
911
1086
352
430
918
1060
4479
462
117
395
270
827
1744
378
1932
869
485
464
829
4766
812
1191
213
303
82
661
3762
1484
29
901
3
286
574
250
1013
1666
328
1505
373
793
397
600
314
1107
31
258
937
2966
254
694
803
786
801
1807
688
5936
3153
1391
239
3343
410
1366
610
937
1737
1063
215
1636
336
739
224
1587
1172
18
507
136
217
702
834
2814
742
368
205
320
678
221
1287
3275
2539
922
143
1115
2421
142
431
1403
91
889
1606
755
416
269
1391
902
1501
600
633
98
1182
2966
532
303
480
715
685
217
1687
1070
794
2138
752
1089
411
442
214
413
2369
1043
879
1939
852
1629
2822
3224
159
1232
496
365
963
2490
752
341
1170
504
569
540
158
803
103
1279
277
206
1504
326
340
1182
3143
239
343
2453
2847
3865
31
123
253
1040
975
540
295
554
417
3016
58
259
2560
1100
679
4610
505
89
2059
263
439
526
303
374
3254
593
925
63
473
838
340
1157
291
281
1972
3220
267
4626
2768
352
2072
44
15
384
193
3658
2646
2329
198
912
472
2179
456
627
929
1723
1238
503
1528
632
176
1070
453
3631
262
1078
424
1482
1026
461
501
1588
30
995
251
97
1896
1595
1470
1126
1209
224
27
131
2067
116
393
11
288
38
64
1369
318
773
951
293
707
534
82
713
79
1512
2130
500
1675
1819
766
1367
547
575
456
19
2602
570
216
1915
311
945
196
687
264
155
1311
1072
3694
433
3063
1182
1090
533
268
1687
960
348
1783
492
274
254
2311
984
169
1098
832
445
137
154
73
1225
440
3331
112
715
1593
88
2006
560
748
631
350
395
642
147
1535
709
620
225
831
481
2339
2790
1057
2924
3609
1595
603
1372
2951
370
390
390
4460
1390
3483
1307
2687
295
445
1310
727
439
723
790
907
1888
447
1410
198
4817
924
599
945
1703
707
489
2395
64
377
108
406
1863
2049
431
310
302
3241
2196
325
1955
250
1404
1889
1742
421
119
4441
2176
612
3507
786
701
138
285
1500
4205
1992
674
1024
298
2436
755
3201
1946
836
1027
208
148
346
33
719
712
70
671
3752
50
667
1521
168
2121
322
701
486
594
102
45
857
340
2732
199
1048
385
1096
1507
680
2149
233
632
467
395
115
987
2002
1214
1656
1980
934
2112
275
798
997
76
150
255
3186
803
2160
315
3995
8
783
1070
8
829
1222
2614
428
1843
1274
3230
1674
1160
1681
1362
273
4425
2010
991
2131
286
1237
1469
661
373
559
885
2219
2213
173
372
4137
544
2588
1780
414
476
1210
271
1653
1818
1137
657
215
563
779
75
804
1453
2607
1425
632
371
38
187
97
830
186
127
477
2547
170
2729
44
1332
803
1333
24
1172
868
353
32
2465
1354
869
2040
466
1238
1274
638
115
3140
405
774
220
8
1670
3314
1346
4758
646
321
89
432
607
1706
591
157
145
3026
973
535
515
1647
55
340
218
2186
450
1136
269
456
967
793
2428
2310
403
2926
408
361
985
1113
989
414
907
48
15
104
30
392
1742
1000
75
728
127
37
1065
56
486
281
991
492
1534
819
318
1454
365
221
850
198
4821
707
483
536
539
484
285
799
7
1753
752
161
310
979
845
989
185
109
998
786
2405
990
138
66
1117
494
135
831
1169
1054
1940
1032
188
40
356
217
648
950
23
2297
1304
4820
37
35
260
361
634
268
360
203
611
319
1022
3459
342
1372
415
1299
919
547
1776
275
339
488
691
1040
3581
335
107
528
491
2341
1800
480
53
58
166
115
1300
2235
758
1716
256
235
1495
654
494
888
753
317
1476
810
1194
20
293
1005
373
640
398
383
2307
118
700
24
441
2912
2902
73
1273
482
3141
1443
1336
1056
704
1272
2571
637
721
961
1163
1617
283
1100
636
16
981
259
174
1850
1809
471
3110
180
855
2919
406
1315
426
1501
517
966
332
83
434
4049
453
1035
619
1499
1297
948
129
1222
324
759
4114
178
55
238
2239
619
283
169
1067
312
1060
684
144
343
1307
95
20
165
581
3175
2430
1083
940
99
1122
822
1398
595
203
199
2392
965
2176
406
923
3
3387
534
1079
739
434
88
177
1278
218
235
441
42
5742
635
1197
377
594
54
2700
56
2021
84
648
1210
311
827
20
3073
74
630
3008
1171
5164
454
865
1803
648
2401
326
970
528
1303
28
444
183
138
530
504
1632
880
758
1503
263
1351
111
1725
2944
47
749
1079
923
58
495
1317
295
285
29
340
138
248
441
507
897
2284
1654
494
187
663
140
452
1235
63
642
284
156
1564
74
1047
806
215
650
701
2565
844
3047
625
413
955
1894
392
345
257
2047
1056
2154
457
1236
305
2168
1687
394
341
136
23
94
260
1901
1995
1637
1037
448
221
685
1260
1394
652
105
224
293
231
170
707
2662
573
350
756
557
342
1887
748
76
717
137
121
2116
993
990
72
66
583
56
720
525
130
660
3013
1314
348
3489
1581
495
3413
549
1743
1043
686
17
164
1289
1382
1297
819
1909
27
494
13
1983
370
2029
398
1555
244
600
1555
355
239
434
449
1442
231
530
