171
5
5
13
31
35
1
42
1
209
6
9
1
181
27
24
46
1
161
105
49
223
7
19
5
13
229
2
174
63
56
73
238
2
11
40
1
201
121
1
31
129
69
6
40
102
32
3
279
5
6
14
94
1
11
15
9
3
189
1
4
1
60
261
172
6
2
18
71
174
81
98
12
194
15
11
59
3
2
93
36
2
173
11
9
1
62
13
14
5
103
2
60
19
120
6
13
2
71
106
165
6
16
2
279
18
7
169
226
6
17
6
3
113
3
3
2
157
244
2
50
123
161
5
25
5
35
256
138
64
29
92
2
6
203
185
1
9
70
5
149
2
277
21
122
16
246
89
4
6
10
102
11
44
19
1
7
27
28
16
129
4
10
186
14
151
160
1
72
48
268
11
6
66
20
71
2
2
177
95
121
159
108
1
95
8
106
21
6
134
22
17
34
83
172
10
66
2
2
7
26
7
12
22
1
1
16
106
11
125
259
82
33
3
74
75
53
1
6
252
241
31
3
50
9
40
46
64
37
76
24
13
2
2
159
16
64
114
28
109
43
14
10
2
1
3
157
8
110
2
195
152
114
52
41
158
15
112
12
65
140
246
1
3
1
4
55
102
22
53
179
1
124
47
18
136
9
286
23
1
2
18
150
253
12
229
174
65
1
17
17
1
131
97
8
13
1
22
1
21
50
6
2
1
48
66
238
3
96
147
3
247
8
2
14
2
1
2
48
3
48
54
12
8
263
99
49
40
190
2
47
5
1
21
172
6
32
130
144
1
188
10
85
196
20
1
178
248
44
293
4
192
5
15
300
243
65
1
1
109
64
20
111
44
147
18
209
38
20
108
231
1
265
1
2
83
18
137
16
20
9
12
36
122
1
56
80
64
171
9
1
61
75
265
32
35
1
2
72
191
20
58
7
38
7
62
1
120
86
8
44
6
39
11
8
34
37
23
1
101
3
164
55
66
30
71
1
14
1
23
135
7
17
5
5
20
7
13
281
1
17
1
1
10
26
208
151
121
40
50
212
15
133
186
159
26
44
1
132
31
140
32
261
78
14
4
22
85
87
208
10
2
44
11
228
193
5
61
155
175
263
18
248
9
279
154
91
28
23
14
6
75
12
38
184
187
136
78
28
11
175
20
104
24
14
64
157
6
40
19
106
127
54
8
1
64
93
50
53
157
14
92
9
177
1
6
150
117
47
50
4
10
71
32
1
25
15
31
57
5
22
3
66
203
3
7
16
15
2
39
7
31
3
2
178
6
61
1
140
8
153
9
5
1
1
276
20
19
4
9
2
12
18
36
4
1
34
5
2
3
154
7
46
51
1
2
17
239
99
183
143
8
35
1
254
13
76
3
34
28
44
14
2
213
146
38
27
266
15
109
37
2
77
47
4
3
4
49
2
13
48
2
53
9
6
5
17
26
2
1
82
2
120
261
47
36
53
99
43
152
3
10
12
5
2
17
34
3
164
85
225
2
7
225
26
1
231
6
291
258
91
118
17
3
61
22
6
1
56
145
57
1
8
3
4
5
11
89
109
68
2
1
3
4
56
182
44
223
1
182
128
37
1
40
17
86
9
5
34
65
5
5
34
5
147
82
1
33
120
12
172
6
51
45
70
39
1
194
47
24
2
45
37
224
19
1
136
1
3
4
53
41
119
98
74
5
63
155
34
4
10
162
158
3
5
26
159
10
15
21
36
11
37
14
1
1
8
13
20
70
91
34
4
17
29
1
5
8
1
114
14
69
32
107
70
205
60
111
112
2
239
223
110
1
6
36
59
63
118
272
1
1
2
152
250
55
106
1
2
132
67
1
3
204
119
43
86
75
8
92
17
40
1
11
183
156
150
256
83
8
23
66
145
15
101
242
5
69
2
129
290
193
27
63
50
2
4
91
115
8
2
122
1
13
14
2
282
55
60
84
1
6
6
14
88
143
19
153
32
37
289
38
19
9
42
265
30
34
15
5
22
1
46
292
131
67
299
92
102
266
170
3
60
40
40
1
65
2
283
5
58
2
90
4
57
19
68
268
64
10
42
1
5
85
64
17
228
23
1
276
10
31
61
35
4
165
132
220
29
129
42
116
41
50
195
24
3
73
6
3
7
269
24
24
88
214
69
87
3
66
105
31
149
2
2
155
149
39
82
3
9
1
240
290
145
2
100
8
36
106
3
299
169
3
187
11
11
275
210
8
27
228
8
177
16
67
18
24
85
126
2
34
8
280
17
182
12
234
4
22
15
14
158
192
21
3
66
207
23
259
43
265
35
8
1
78
2
13
155
3
30
276
49
90
299
1
187
11
5
126
47
139
3
61
85
8
295
152
1
168
13
41
4
2
5
4
6
9
68
79
2
3
3
36
222
9
12
125
1
44
1
12
4
29
4
25
28
49
2
12
2
43
168
32
5
28
195
6
2
269
255
39
74
19
4
