43
8
19
14
100
6
1
46
1
3
12
1
184
11
39
94
15
2
248
108
5
11
1
6
266
129
32
124
239
3
165
1
76
1
73
25
4
3
1
4
10
95
14
14
57
1
165
90
265
68
24
36
158
11
46
3
3
4
18
66
248
18
23
5
175
1
107
164
23
30
18
65
3
173
31
20
130
167
8
5
77
26
12
142
1
1
7
55
86
115
165
1
7
1
34
1
6
4
101
5
8
29
21
49
129
1
174
5
157
17
53
54
8
8
176
2
50
2
240
39
13
50
3
3
71
280
81
33
1
37
47
4
30
12
34
27
8
52
9
42
2
49
23
185
66
221
6
16
8
12
8
11
10
79
175
1
76
33
32
4
22
12
40
240
40
5
20
3
13
1
111
74
192
1
206
146
29
84
11
87
64
20
261
70
13
156
270
290
40
24
63
13
17
6
42
124
1
1
40
7
165
11
100
1
59
22
67
15
1
9
153
248
19
86
61
25
56
4
4
14
3
13
129
41
235
136
50
4
29
3
29
12
214
293
212
50
3
1
45
277
167
97
111
5
59
34
2
95
1
114
1
28
21
22
2
183
299
229
130
124
30
4
19
118
2
67
81
18
45
5
32
122
63
188
10
88
45
30
59
238
128
30
228
128
2
7
2
22
50
5
12
3
4
215
53
13
23
22
142
229
21
232
6
140
77
2
294
106
74
231
8
195
1
3
167
2
1
62
135
1
8
12
67
49
180
14
36
2
136
90
23
179
52
58
1
82
106
1
1
7
196
2
8
187
63
9
281
88
105
75
25
40
147
2
141
4
2
26
25
70
11
205
1
7
10
1
69
36
5
6
235
178
259
33
1
27
1
44
58
232
1
1
3
11
247
13
4
8
15
184
8
153
1
18
37
82
4
10
18
33
6
200
23
99
2
40
17
22
192
88
235
16
1
35
11
27
24
9
275
99
25
3
1
18
166
28
5
115
273
60
49
129
5
67
297
4
1
52
4
2
36
119
3
44
1
28
37
12
60
9
35
7
1
144
39
77
1
219
1
4
9
7
61
37
259
5
57
3
3
16
4
234
1
9
289
148
1
16
74
51
214
47
3
1
70
1
202
39
164
252
45
28
5
86
104
26
44
195
7
239
9
3
4
91
20
14
6
153
1
9
10
8
62
3
27
195
15
82
11
191
28
6
233
3
59
64
272
16
8
293
1
6
48
13
54
16
121
93
112
66
13
3
92
153
8
17
53
173
34
25
11
42
4
13
6
32
162
98
86
10
29
228
14
43
79
296
1
156
143
238
227
66
127
143
13
95
58
57
78
7
248
50
4
19
3
298
17
4
55
152
142
32
3
69
54
22
36
19
35
1
45
138
1
3
203
8
3
7
239
72
8
4
89
187
8
55
19
9
7
39
5
22
32
192
159
48
10
184
163
187
11
131
205
27
297
9
81
37
6
263
2
3
257
143
22
114
23
14
72
210
18
176
4
110
19
9
112
47
93
16
20
3
200
1
4
13
1
145
1
1
7
19
195
70
9
253
9
284
1
1
134
72
45
1
29
1
1
115
51
258
191
52
101
67
61
41
80
18
10
5
32
58
37
271
1
1
11
4
12
37
60
19
22
22
18
15
35
74
59
3
38
49
6
15
103
2
1
13
121
226
77
17
3
24
27
154
91
149
242
200
4
45
84
7
1
6
2
5
49
90
47
223
171
88
88
142
4
13
143
1
46
7
1
273
1
1
51
1
133
104
126
42
5
90
48
4
3
13
105
117
5
3
80
88
212
1
8
98
60
4
118
231
3
190
1
153
1
3
30
6
26
2
7
2
6
250
1
12
2
5
61
13
7
47
2
41
1
22
98
2
71
72
108
17
1
138
23
28
78
1
1
117
7
289
196
18
98
2
1
42
139
1
10
3
9
11
21
95
220
35
167
3
13
189
19
7
3
1
2
13
216
2
214
3
7
280
3
10
150
56
11
189
26
192
215
2
15
9
7
15
86
25
185
288
80
253
10
35
19
120
209
76
45
5
71
35
2
7
153
48
7
70
58
58
234
1
58
21
4
49
37
5
42
66
76
11
46
2
14
99
6
230
142
109
178
20
31
187
9
121
55
39
3
180
8
70
1
51
23
235
140
22
32
58
94
18
248
133
16
82
38
176
10
73
176
21
17
160
2
111
3
1
143
21
8
2
100
63
259
1
79
46
294
43
6
43
244
1
223
1
7
15
132
50
190
7
140
83
132
177
114
2
277
135
86
1
79
41
211
9
27
56
2
137
37
153
78
240
39
8
74
46
294
57
113
64
5
4
231
24
31
2
290
125
47
77
93
1
12
1
22
14
57
147
6
24
208
6
172
52
144
3
56
25
1
68
15
7
106
87
11
18
116
1
199
203
25
89
1
1
108
1
136
15
23
7
268
166
34
120
2
179
85
1
10
