10
30
34
35
186
63
51
44
30
156
28
18
278
248
147
2
83
46
1
45
191
14
215
108
22
148
2
47
239
248
1
3
15
75
160
10
18
4
46
9
25
145
2
78
244
16
34
8
27
29
241
1
4
94
2
1
1
14
5
53
281
3
158
6
296
287
16
23
43
1
17
138
218
1
7
52
62
17
82
1
2
6
36
20
3
4
2
9
88
174
20
1
71
202
5
4
1
129
55
119
100
24
41
176
1
16
4
254
63
4
83
65
3
94
151
27
83
9
121
244
105
77
11
31
45
31
1
14
125
31
222
67
26
223
5
2
1
1
9
24
25
6
49
58
4
68
4
32
158
77
1
24
18
46
238
3
15
143
8
55
77
142
284
2
87
5
82
1
84
16
1
9
149
4
167
78
123
245
54
62
257
73
3
22
109
38
297
7
3
219
27
12
88
15
6
52
21
44
2
173
7
110
2
211
25
84
174
92
47
134
4
51
6
59
62
143
3
230
105
275
154
15
5
269
256
3
1
23
4
88
1
5
35
25
1
11
11
44
10
279
5
11
8
112
6
150
5
9
114
2
286
4
98
3
49
4
28
6
5
14
1
88
131
16
61
189
151
77
49
15
55
139
6
53
6
236
106
201
3
1
46
1
112
102
38
1
27
5
150
113
1
217
3
184
61
1
33
5
136
89
2
61
79
1
8
5
300
59
1
15
9
48
1
148
175
48
2
300
53
2
3
67
2
2
3
4
39
9
38
34
1
49
97
47
17
64
22
29
23
26
5
81
19
3
249
13
30
1
2
289
3
3
1
42
293
40
71
1
19
18
2
78
19
1
296
6
134
125
1
3
21
17
2
23
96
13
6
188
9
16
45
10
263
23
144
9
26
11
18
4
3
4
198
41
141
136
7
132
292
1
1
1
8
243
1
3
30
74
152
148
164
29
145
72
2
44
7
1
26
24
128
54
2
64
242
136
4
48
18
59
150
27
7
4
198
213
13
186
5
2
53
132
282
10
24
137
178
206
27
7
7
3
11
3
46
111
166
13
281
3
16
185
49
36
4
4
13
99
4
131
18
251
6
96
264
2
58
165
50
234
186
4
9
6
13
97
11
74
15
26
164
222
269
73
37
13
95
2
18
1
14
76
2
224
36
6
171
131
29
2
56
10
25
5
206
6
231
261
75
30
2
4
7
2
6
232
43
109
168
24
4
34
231
270
178
4
41
13
38
32
92
13
117
299
120
53
241
165
51
49
6
3
60
214
255
10
73
2
5
212
16
57
221
170
1
3
11
45
134
172
219
249
17
59
74
1
1
6
64
4
23
100
136
213
4
22
3
35
31
35
141
91
171
5
2
215
19
43
59
8
178
2
65
1
3
133
21
191
150
86
45
35
8
27
1
15
18
68
61
276
6
42
98
290
83
20
59
157
64
100
64
201
118
3
43
7
62
51
138
2
235
96
113
1
13
1
58
17
1
28
129
265
59
28
8
285
89
7
8
171
18
109
88
136
1
1
92
3
235
99
3
13
18
2
73
4
50
1
283
12
7
20
82
3
11
97
260
7
177
5
56
50
42
1
1
298
2
187
138
23
6
50
53
45
151
32
28
17
9
63
42
55
1
1
122
1
13
3
5
118
1
20
5
154
21
58
67
2
2
33
270
11
4
6
30
145
293
36
230
1
22
4
72
184
133
19
2
2
50
74
213
2
1
6
24
7
121
55
3
37
39
1
80
24
143
1
7
187
15
166
2
236
150
91
1
1
8
54
27
146
1
126
8
129
20
33
143
72
54
12
34
90
3
291
81
7
11
1
1
6
9
113
228
39
146
7
3
189
206
10
53
7
208
2
114
5
68
46
1
1
64
1
9
3
1
33
275
30
8
64
3
1
1
238
13
14
6
209
166
20
142
46
42
111
2
145
64
82
1
4
7
14
1
23
205
152
285
23
7
20
125
3
117
25
197
56
85
263
155
73
39
52
65
2
194
49
136
13
2
233
1
99
46
108
47
29
294
2
3
17
21
183
24
5
3
214
3
4
154
3
212
3
275
11
1
2
45
296
3
19
1
1
1
7
42
255
2
13
9
22
1
38
1
15
15
18
52
94
139
6
1
86
1
37
1
121
40
22
14
5
67
13
54
65
147
79
249
198
1
216
25
19
40
14
87
151
72
290
6
11
31
168
2
18
4
78
49
4
46
3
61
291
15
20
263
113
2
31
6
108
21
6
172
1
175
85
25
50
13
35
6
38
175
52
15
4
261
96
164
30
1
20
27
269
7
21
120
44
169
154
8
1
179
34
3
3
3
1
1
18
4
233
98
116
52
26
34
1
168
109
8
74
98
102
1
72
5
64
45
17
290
5
1
71
157
23
8
18
1
35
4
44
102
1
258
1
41
48
3
72
6
2
64
3
199
14
70
1
10
191
21
11
182
1
186
