212
1125
2508
2860
887
2055
1
935
2703
378
1188
119
42
603
1245
817
245
542
1294
2038
2510
771
1079
183
2345
2143
2199
1501
764
152
1103
150
525
986
29
864
69
8719
1832
22
3230
941
172
351
420
227
368
382
69
44
1027
37
399
1011
352
104
505
855
7141
133
351
151
286
671
2088
1395
875
287
530
75
399
1050
2046
100
94
3843
57
1667
175
292
1214
833
1187
1655
602
147
3583
1122
613
751
384
1316
114
5
1437
3
770
152
813
43
73
40
994
1794
31
464
2438
68
113
128
932
1535
153
864
4154
20
599
1263
1294
743
385
590
1764
900
1092
475
647
27
1525
564
47
1373
410
851
205
225
266
3221
362
761
1119
61
628
885
3068
292
4415
394
3058
2107
2271
163
1059
1972
2406
842
229
1306
2219
1918
217
904
759
405
325
675
2632
2068
116
406
756
981
348
1475
121
484
1703
368
1179
1679
1460
2569
997
1171
531
598
539
1523
1162
478
1009
304
1656
751
2585
624
169
7033
710
913
904
1427
760
1152
510
536
413
3746
2528
1078
1397
3274
337
2781
5716
761
6
760
943
75
3032
305
203
1161
1144
182
600
1230
82
601
735
2471
1051
707
345
1610
143
416
266
655
715
4516
1224
293
66
4371
277
379
713
1218
651
1998
62
972
359
78
590
2987
293
1000
300
2110
1222
386
88
617
1229
873
1231
892
1755
1030
292
1312
764
1098
2293
318
222
85
420
14
1014
1936
600
325
403
128
258
135
308
222
158
1922
3136
2246
347
457
1355
228
1459
53
1791
1834
165
172
268
531
58
110
1045
705
1778
243
22
1733
793
700
861
233
1284
70
1836
1044
1034
431
73
56
482
1000
1547
57
482
1963
739
201
1
1093
1553
2562
175
2556
843
3118
1685
1998
1894
1958
607
773
224
62
580
1844
506
157
201
83
9
821
385
528
298
1355
2970
1045
654
1188
89
206
1420
1838
1955
1510
183
230
2208
844
130
1886
3863
935
798
219
2085
610
1081
534
517
998
3261
781
1706
3635
961
3137
1106
288
5215
236
872
1410
1604
1548
887
125
1205
1513
565
466
584
710
2772
360
2619
367
46
2526
555
7
1876
126
4036
22
1656
610
1472
1309
509
427
104
2435
101
1151
1182
1127
785
116
2024
2660
366
293
1120
1094
477
2164
1097
337
604
30
1260
842
59
54
1749
213
189
1068
1274
85
987
210
334
882
1792
2332
628
1560
784
852
559
1474
457
357
1746
1845
914
2464
69
38
1595
96
544
107
359
741
5341
184
2593
162
1437
1290
1037
241
2611
44
262
1108
4530
1023
3640
608
291
1487
322
2414
2244
1154
77
380
1665
2278
1875
245
868
374
3241
4081
682
2195
1352
385
201
680
75
2181
1710
1155
361
499
189
499
153
1213
617
607
224
329
511
556
89
3450
122
3541
818
427
508
69
192
1529
668
71
77
2882
1090
465
1909
351
3404
1234
2635
1173
183
1116
411
1160
683
669
160
3048
1089
1137
956
2233
1806
1507
191
733
437
1191
3092
2049
903
3344
99
1243
2051
660
1726
227
426
1888
83
2126
1139
1789
1638
175
1209
4361
1929
4272
71
446
5284
2544
857
615
268
629
1014
662
989
372
3543
752
1114
53
763
1578
931
1432
263
602
1104
1618
1594
653
742
158
0
1318
30
107
1086
590
116
1653
139
884
211
373
864
467
157
615
522
289
152
231
2221
1518
328
1815
861
314
911
750
2412
77
2290
274
73
1727
995
248
872
119
582
431
3710
1484
968
520
646
366
1072
206
1676
917
322
1911
417
449
48
88
550
1035
444
1906
2736
2369
323
958
1236
1051
2511
756
82
1764
568
1254
448
1255
75
233
407
296
39
565
363
1942
2138
410
1299
192
815
2588
856
1252
713
706
69
391
1125
5818
902
418
997
53
809
255
682
256
675
630
265
199
621
1038
548
645
559
474
3060
594
1539
793
1541
1706
25
1221
1036
891
676
1338
1456
436
2221
3575
51
51
332
179
160
797
2224
330
2763
51
857
1553
1028
915
688
1292
1307
687
344
105
142
498
1474
346
148
164
678
704
2516
561
206
124
2131
765
1431
1362
447
437
1940
199
418
458
296
68
849
2182
1780
2511
945
2993
1284
555
390
327
17
2795
846
1768
1280
607
627
321
2524
1172
94
220
1199
769
876
971
57
100
844
58
1287
137
1113
890
187
1201
1395
1227
900
3208
1866
3269
2326
153
93
229
694
222
852
225
718
441
959
656
1423
751
1604
2741
963
1506
1153
566
15
548
174
281
1206
1700
1964
40
1847
635
371
1103
1414
2301
696
485
366
58
1641
6278
1105
326
227
575
2598
37
219
1314
88
918
667
374
823
820
2136
396
30
1427
321
1642
2203
500
711
199
40
152
828
1036
2492
555
658
935
919
396
361
1640
2131
148
775
918
2204
1931
1356
1088
216
136
1586
70
74
595
705
571
551
49
2148
406
9
270
1674
411
468
806
1723
525
1360
371
1750
260
87
1093
1606
1376
2460
3044
161
2621
169
116
133
1033
1173
1895
482
909
4344
417
2492
2109
4187
589
267
905
831
36
1878
1653
531
1222
20
1331
1216
116
765
2434
1082
1321
1128
4202
1293
124
4012
1672
166
272
40
27
453
382
338
1372
700
1611
540
593
389
809
582
1572
1757
53
607
56
332
2433
865
247
40
645
891
169
456
829
194
1644
235
650
888
1152
577
882
550
663
64
548
2162
107
241
595
15
215
68
1259
529
1727
816
891
1146
1949
188
683
1325
808
1155
2513
415
26
543
717
1092
1376
887
349
626
822
284
851
1031
1636
145
