1759
99
2183
516
252
959
45
95
1287
547
79
704
169
225
213
1282
1475
960
69
836
59
4717
886
1335
2001
118
80
4895
2746
1753
1596
681
178
401
543
746
1009
291
1658
584
514
93
802
3334
589
653
95
505
1126
1130
105
1505
81
965
992
50
47
531
1714
294
389
571
1180
899
1473
842
1551
713
508
863
640
357
244
984
3139
1056
570
194
339
3368
1711
2300
688
1870
814
848
1880
594
1898
1786
9
2506
1025
513
962
2879
3359
355
464
1695
1502
476
290
446
1147
734
1017
213
377
633
688
2707
3477
1603
496
351
283
645
1845
142
474
134
2678
234
1602
1397
1353
755
713
1941
1281
315
170
794
252
1255
440
530
326
189
586
948
670
601
837
1294
1642
1497
522
155
1066
619
616
711
2237
637
1012
1754
974
959
3239
9
3417
583
561
450
1470
1144
1076
506
743
1254
645
368
1513
1765
775
646
343
1453
209
2188
226
405
110
2203
1524
223
222
532
318
755
1641
2159
608
126
637
2245
761
679
630
1585
2855
1071
139
297
375
1669
1030
1105
21
851
547
1508
26
280
2361
3838
1911
4476
4166
701
763
69
1089
1448
382
804
1332
2940
3301
637
1844
764
283
1985
4120
2331
177
680
427
1440
813
191
731
1692
1421
455
1209
270
166
1362
160
391
396
3730
1546
597
1498
160
1007
597
1256
45
96
3144
183
124
324
1865
487
2667
1407
621
1650
2096
119
439
1136
58
1375
416
926
679
197
282
540
5318
1133
1317
3194
3370
1107
266
270
801
1293
829
313
17
766
2734
72
1242
309
572
1850
1294
1360
760
2068
73
2466
1057
130
17
366
452
419
243
721
232
568
66
1284
819
1345
175
1145
3185
251
165
1352
368
1758
549
138
2566
300
2172
710
681
1351
391
1730
386
552
967
1925
2744
1088
427
3959
663
311
159
652
165
1471
275
695
500
32
140
68
2253
1710
547
338
259
1829
32
1912
1184
3642
1550
306
918
481
946
287
913
6421
184
4548
158
393
146
186
59
87
892
1279
325
2300
46
255
600
971
3253
2443
224
919
13
649
262
466
24
1080
1414
703
69
1039
243
1462
1033
433
268
801
2548
516
1110
3160
440
928
1380
446
202
6318
1184
51
1532
2439
1164
31
678
125
656
111
1129
619
1227
1192
1104
310
497
3212
173
1166
1784
3216
762
2252
6146
459
925
2759
361
1140
172
1335
391
903
2276
525
1412
1156
1979
2001
1189
591
920
1455
1022
397
225
145
477
373
1046
292
1523
239
379
107
1172
1161
864
90
9277
665
1492
297
497
3014
1015
569
389
1399
698
1154
2058
2021
2265
101
205
1036
0
540
1336
1285
207
1779
21
407
43
824
1397
136
2810
458
487
794
719
196
11
1274
683
639
5
1479
92
2561
2490
301
1100
1600
17
89
1510
995
1169
783
55
144
220
381
648
1982
1499
964
1218
846
367
98
215
703
3681
1242
354
296
2621
602
3091
65
2895
1497
133
1185
401
372
707
353
242
297
214
1876
245
885
693
1249
2283
1086
1461
201
68
191
636
197
11
409
673
616
1381
164
1271
1530
4
1824
1110
1733
2311
879
1081
1053
57
25
668
30
2480
2958
1744
21
423
15
2392
613
2357
1292
84
571
363
5471
1187
80
956
477
671
987
212
981
2074
291
3671
345
755
1683
493
266
311
539
663
578
250
545
205
1346
342
1013
3077
533
894
824
399
1963
715
21
139
763
100
704
212
413
1789
526
2673
33
880
712
1607
67
1119
720
173
1396
1335
214
203
49
758
3
408
628
104
592
981
104
91
987
1257
2337
48
1708
2243
4504
570
672
969
1188
3151
1905
2025
2039
382
335
253
171
643
1415
126
598
5852
1048
571
139
1525
272
770
477
1679
1051
845
528
315
2489
94
20
1386
1022
315
647
680
598
51
280
511
2329
443
445
1907
194
198
31
394
411
1025
560
2624
387
805
2474
511
1296
928
1206
301
482
3008
862
152
50
1373
263
411
1453
1202
1586
556
3993
277
419
462
461
1568
427
62
249
1050
744
796
1465
1240
328
1720
3437
624
910
1329
39
76
911
226
1568
162
810
2932
2613
466
422
4321
75
178
1645
2135
2367
306
1274
5
528
746
841
155
788
686
405
1098
1302
2159
2046
895
319
4179
688
194
1152
1955
173
1990
515
1275
1049
1235
815
135
2108
2768
501
811
3071
1954
1009
71
352
249
291
37
73
284
132
818
401
1221
150
2187
1285
578
517
264
769
44
1007
208
211
894
1135
962
2180
232
622
1230
207
54
887
857
936
854
71
1324
252
268
549
1240
290
1374
40
1650
349
281
444
3235
1748
2591
214
327
1470
479
252
282
239
189
420
131
1937
432
67
1159
33
1132
1263
676
241
113
3616
670
140
2280
1082
1944
204
11
187
180
238
1281
66
511
174
77
276
625
637
527
56
529
788
332
92
3933
766
389
94
26
1707
1727
1936
964
2011
1161
1057
3042
3234
1616
321
285
2178
289
203
62
2834
730
89
1
1274
325
367
166
223
217
1028
3682
2456
1291
1553
66
1387
421
2179
782
363
191
1682
737
123
744
183
1379
7204
608
64
1471
672
75
161
1614
2297
450
808
785
990
186
409
1056
268
80
3638
1467
380
281
171
611
1275
939
54
319
249
2402
2299
647
322
4054
1134
233
57
1108
85
492
823
1215
72
224
3377
2291
135
229
436
727
1317
250
1052
617
1626
1785
1589
1122
846
2115
3459
407
292
512
20
509
172
2339
427
2200
223
542
47
881
2366
376
227
4818
151
1037
2117
269
228
1698
1589
303
44
39
854
