23
59
689
3151
190
95
1062
1523
958
1429
676
416
437
321
609
51
278
1835
2852
383
1870
2899
1120
1428
758
717
325
1367
129
181
2812
978
972
1150
276
290
942
2423
399
789
1013
598
50
293
236
1378
173
9
1284
383
728
170
422
1359
94
2135
4390
1007
815
1660
140
2731
123
3368
36
537
2183
215
1581
155
2341
983
605
378
639
682
614
1585
1883
1995
1265
245
244
417
1845
553
2713
1701
1373
1679
1678
622
1610
498
305
221
2626
738
58
231
243
1280
386
762
422
595
236
1684
724
861
1324
1880
1259
169
1157
1570
666
571
449
1159
1596
3613
579
341
2214
1460
101
41
625
1196
510
57
102
229
2307
91
265
14
88
3195
1133
294
1539
1445
740
2118
116
2394
1072
514
37
483
143
519
4865
4
129
915
292
477
276
401
459
475
1424
720
843
207
1929
377
169
796
2795
400
7418
526
189
403
85
3111
107
300
142
6281
2871
270
1000
216
1912
121
748
108
442
190
1219
105
162
234
1928
1486
2286
282
402
407
48
1163
841
3756
1106
1228
419
927
222
1385
2267
411
852
206
119
804
1785
724
180
419
160
807
1603
955
187
1655
1045
64
580
711
290
560
4006
1320
102
565
85
1932
1498
1651
514
2264
2115
3768
1328
1415
2191
306
895
542
2329
673
844
253
540
65
12
731
964
161
3774
159
453
1346
569
351
391
69
960
63
886
200
413
294
1351
60
349
573
3
31
2359
1397
1468
983
3141
368
860
268
1313
2358
2190
212
1587
448
92
323
18
239
2053
1740
372
1650
3143
156
630
95
34
365
322
321
8
1057
1243
450
1013
223
358
1767
286
1986
1669
752
172
481
1286
380
219
2237
800
4498
680
1108
262
209
956
2184
1973
1512
304
1475
3403
3037
113
2660
490
655
328
22
235
2923
1115
81
392
55
1240
509
1398
547
2096
750
304
2228
189
1974
1541
1275
533
1509
100
413
2960
2033
1404
763
178
2302
1039
1982
493
3378
408
359
1065
1336
2004
108
421
1551
1257
833
927
206
1555
94
75
752
479
3338
500
2330
2015
766
3207
282
183
1112
24
471
65
335
689
712
973
607
1284
1122
1581
528
97
163
523
2610
241
5435
299
351
282
34
166
253
170
574
1350
637
703
2360
816
536
114
815
239
1464
372
1071
374
316
498
1793
201
1313
892
781
842
574
2170
488
851
1541
2423
1001
487
96
99
37
528
2164
178
2300
1301
218
4067
21
1892
180
785
300
410
808
661
737
1132
816
62
416
965
673
63
567
1289
670
468
782
20
797
4049
348
1055
219
417
1892
191
802
657
2883
82
627
1344
14
956
1485
604
242
397
1994
412
147
609
317
286
3168
581
615
1741
359
1027
350
1577
127
764
141
628
306
998
551
467
347
460
2419
422
635
63
770
1030
409
776
112
74
546
595
167
445
1463
1281
163
835
683
372
273
822
810
1352
3644
342
412
1327
1613
43
246
1032
908
1003
538
2204
1586
66
3480
596
3450
61
283
979
636
1722
1461
499
1667
384
476
585
169
773
289
835
526
2239
887
601
437
177
723
733
1376
1893
2008
2745
1025
842
218
991
4678
693
2423
1374
1524
1161
306
28
547
2258
1297
715
1093
2139
375
260
1083
632
1955
111
484
1742
280
1627
157
5
1737
2661
2186
2129
204
216
1266
1136
2421
1820
807
525
141
143
830
1183
969
1001
125
367
728
264
2725
6424
594
226
676
345
389
921
252
48
4635
408
1656
1303
985
1
1112
2409
578
1080
1855
1513
2998
128
1522
3068
687
469
662
154
267
838
1804
2409
220
686
1734
58
129
105
1303
2901
28
82
197
236
1150
1419
589
1201
190
696
58
3797
210
3092
512
1104
261
195
1338
113
2062
1192
389
96
312
579
1639
1378
114
545
2273
1135
428
1840
1005
329
1079
26
3836
80
387
707
2195
802
905
394
173
2166
470
447
5795
174
2455
618
65
600
3334
5959
65
646
363
498
3356
1304
377
90
1331
2235
309
2276
984
524
1002
712
495
554
740
943
301
1087
908
1195
438
498
118
75
932
2468
230
162
119
5510
475
471
776
357
173
54
1623
1579
1076
2501
369
573
123
4
1197
679
1884
1009
3532
2734
1414
553
1212
4069
1969
1618
1471
146
825
669
1262
1181
610
594
411
3425
2013
224
1781
376
741
1117
1282
2937
1238
160
487
153
623
628
279
1346
1376
553
1066
6
292
403
1188
1747
570
751
868
246
336
1085
1906
1890
629
1705
976
812
203
267
1155
955
821
995
1725
330
3736
2313
9
1278
639
1774
1982
37
783
336
533
1280
1035
3707
767
1592
2565
593
3995
155
331
705
2926
585
186
205
4191
697
777
1130
335
868
2
105
1774
1555
5590
155
396
2505
611
598
726
1129
86
3352
374
132
598
39
1024
773
2158
494
828
498
1543
750
313
1687
1892
146
344
386
253
953
1141
119
158
98
85
196
52
9
940
986
1316
392
2578
591
663
191
984
2888
4346
595
538
685
219
377
366
936
480
616
448
4596
468
484
2482
340
5420
814
3085
2876
5569
652
203
1134
3549
204
727
691
459
993
3214
1266
104
797
4495
281
1338
1054
2708
606
1124
1986
843
682
25
1832
1024
387
843
1812
2655
513
10
1843
2083
600
2017
3632
976
89
39
555
173
375
359
2
1011
3148
964
145
1496
704
145
1612
164
527
133
185
120
136
7
1837
328
903
117
894
850
726
155
1920
262
1327
22
1328
692
742
79
413
1307
1121
1464
2629
1597
165
538
4183
349
194
3364
1289
756
30
687
1694
2237
521
