175
30
1
232
5
230
1
157
4
6
3
1
7
18
49
248
256
235
1
83
41
181
19
5
212
187
19
99
10
46
3
1
2
237
49
89
34
123
84
4
202
5
38
73
175
3
283
36
9
32
19
3
46
15
61
1
292
63
4
83
1
156
2
45
137
110
29
195
158
244
7
28
43
12
3
141
2
1
31
19
180
7
5
88
193
2
79
89
263
1
24
76
252
2
25
250
90
12
5
168
1
9
2
27
28
17
30
110
91
1
8
28
5
2
36
43
7
184
40
10
26
283
274
11
15
13
93
39
139
42
6
7
12
63
35
276
1
48
5
106
1
147
24
211
215
11
268
37
3
63
129
9
14
76
1
7
265
297
1
100
103
1
283
144
72
145
2
243
6
3
1
16
220
1
31
2
298
28
32
162
202
117
189
148
43
8
8
51
214
11
55
205
76
160
146
66
140
74
28
51
2
123
1
241
27
18
17
297
201
262
190
258
27
88
2
2
60
157
3
296
68
126
3
1
2
4
6
138
12
4
10
25
5
118
3
3
2
3
75
4
58
4
37
2
1
102
43
113
22
49
37
25
123
139
150
177
226
103
160
3
210
81
8
299
2
4
6
6
142
6
87
26
1
11
21
39
173
174
277
279
2
1
222
280
4
2
189
109
9
87
1
1
57
4
139
131
129
5
1
258
3
1
1
82
281
5
279
69
2
29
2
4
50
8
1
30
7
22
66
287
258
24
107
36
1
12
6
1
249
1
117
102
8
10
3
77
1
23
7
11
93
91
172
12
32
157
1
43
272
20
163
257
165
49
4
38
11
5
1
114
43
3
290
84
17
23
111
53
1
101
298
232
11
7
150
3
43
55
10
65
3
13
1
66
81
173
27
35
52
242
7
4
30
21
114
142
2
2
123
1
20
130
97
145
9
155
35
1
201
6
7
64
2
1
1
1
31
228
202
10
1
8
164
28
30
14
153
33
175
26
53
150
1
174
90
175
6
77
17
24
11
185
1
154
11
108
62
3
5
291
14
213
116
1
122
51
6
11
77
97
23
8
234
148
2
120
1
1
140
3
228
7
66
1
11
224
182
20
125
44
282
90
38
5
31
9
58
59
53
181
166
1
5
93
200
219
13
77
5
2
122
42
225
184
158
91
73
3
60
6
14
1
227
103
6
3
64
20
8
4
84
73
13
267
1
107
13
25
1
47
196
3
104
1
167
1
30
14
2
31
25
152
9
4
119
261
230
1
2
213
1
1
11
11
27
266
4
55
192
128
5
51
51
136
262
62
65
42
5
88
169
2
74
3
49
61
6
18
4
1
4
45
205
3
28
1
111
112
49
48
16
245
42
5
65
262
25
2
3
11
26
182
174
7
113
10
2
8
16
2
45
17
36
17
284
4
19
4
174
1
14
77
101
54
265
168
9
79
198
84
12
20
8
116
193
1
45
185
32
4
1
4
2
27
1
190
261
30
232
168
61
102
4
48
52
1
11
211
32
2
17
2
21
6
13
229
2
132
77
30
2
45
85
219
31
196
1
16
26
72
5
22
151
26
1
26
1
69
27
107
33
129
290
140
267
41
9
207
247
1
1
94
27
2
47
8
6
30
211
53
9
82
123
6
3
3
142
4
10
18
2
194
13
7
112
60
193
114
34
53
131
4
1
7
106
19
118
2
153
15
12
276
13
235
67
191
41
4
8
15
5
217
6
8
3
163
6
69
194
22
100
25
1
3
47
275
17
57
4
2
68
247
167
30
42
123
43
26
197
15
264
23
6
43
8
84
106
227
3
21
51
95
200
1
2
31
139
11
187
191
1
2
4
1
32
101
127
2
1
10
23
22
1
8
239
25
1
84
74
112
248
5
2
5
65
182
22
14
7
46
17
1
216
29
201
2
17
20
95
146
4
28
10
7
12
95
6
28
32
2
113
230
3
51
1
1
3
30
1
3
1
272
80
102
1
269
16
7
100
29
2
130
19
251
165
102
251
1
2
64
22
144
4
77
2
106
279
2
17
9
72
6
5
169
11
5
15
10
2
1
84
288
1
2
271
182
2
53
3
6
14
1
53
191
4
16
56
99
22
219
68
295
13
233
1
3
4
7
55
10
267
6
213
275
92
83
16
2
2
112
1
35
3
21
1
84
121
32
19
13
1
16
31
10
4
2
265
1
88
30
21
142
218
50
1
211
64
11
50
4
30
2
93
11
79
19
187
68
6
134
1
236
298
185
9
3
61
2
175
177
83
6
224
59
31
12
37
275
278
9
137
162
35
41
1
31
2
217
1
13
3
2
276
11
28
42
5
78
196
16
90
1
15
2
123
1
228
97
8
79
1
179
23
290
4
4
1
22
18
13
117
1
179
11
1
72
11
43
27
67
10
42
57
84
2
130
87
23
58
21
104
4
2
11
181
100
55
39
75
97
15
48
1
46
28
