7
213
11
160
4
6
173
33
3
239
260
275
1
2
24
127
288
38
14
43
15
83
2
2
106
28
61
1
206
3
9
17
1
59
210
291
45
73
22
20
65
14
187
127
155
1
26
2
2
129
212
4
77
21
58
44
132
1
8
2
24
27
2
151
254
144
5
47
183
199
23
131
108
226
247
68
33
149
112
277
40
12
245
22
1
9
133
57
55
69
2
67
11
1
2
5
11
15
1
133
126
1
126
164
64
140
10
25
15
34
75
244
11
38
129
52
163
129
58
1
39
13
45
3
24
18
29
8
37
33
244
6
28
72
281
95
73
28
2
26
21
34
25
72
7
1
93
245
9
1
88
139
280
33
30
268
20
21
2
135
1
208
11
9
40
1
78
3
13
2
61
25
2
75
58
6
40
238
206
100
8
3
8
1
223
177
84
4
200
1
104
214
58
3
12
14
34
1
52
80
4
70
1
3
285
2
99
199
222
60
1
177
99
31
12
5
22
132
54
8
29
264
206
148
158
5
10
37
206
15
221
2
2
29
76
12
96
152
41
224
81
137
108
1
5
26
102
16
1
8
42
235
239
2
215
229
4
156
36
223
295
10
18
4
164
215
5
4
34
67
2
11
4
208
7
102
139
2
1
10
38
18
90
15
271
282
247
1
210
10
21
104
18
19
67
1
6
3
17
106
19
5
144
2
7
14
1
27
40
224
6
130
30
163
8
3
6
6
45
16
36
102
27
61
3
47
30
92
41
38
68
14
3
1
10
13
29
1
17
3
10
2
2
16
190
36
92
209
108
84
1
152
10
2
282
79
26
5
262
12
2
152
16
63
102
218
84
278
25
8
2
7
39
120
20
22
21
17
132
69
77
26
106
21
3
5
110
82
249
67
18
87
4
71
3
138
2
21
114
12
97
13
218
227
2
129
4
78
249
4
49
235
6
42
6
69
3
28
3
9
176
127
15
9
231
2
50
1
3
1
99
70
50
5
38
8
6
157
22
152
1
4
266
38
1
160
13
16
75
4
237
298
30
29
2
6
3
31
137
3
108
7
18
37
17
235
10
9
187
3
4
97
220
38
122
139
49
106
76
49
2
32
7
1
179
1
11
8
1
50
2
153
18
297
6
3
3
119
33
15
8
1
123
18
9
16
5
4
1
5
1
11
34
5
4
217
2
15
1
188
30
45
126
18
4
43
8
16
74
133
45
215
21
17
5
20
6
27
36
104
266
17
15
14
157
223
197
66
9
238
10
2
238
11
298
14
14
39
22
53
69
76
78
3
50
259
58
6
2
27
127
17
61
5
17
1
22
157
274
4
25
74
150
3
195
16
7
83
144
10
4
46
14
4
1
96
6
2
50
13
13
63
8
8
10
1
5
3
74
48
2
295
8
259
46
37
160
66
5
84
65
25
4
20
8
38
13
12
10
15
44
18
7
17
8
28
291
101
101
103
61
225
22
2
269
2
77
141
2
27
72
17
27
204
80
131
36
1
4
18
54
111
46
227
1
91
159
8
253
23
259
123
9
8
33
20
38
7
247
197
280
27
53
8
50
1
18
33
6
206
1
2
4
69
29
43
4
24
198
3
79
168
57
225
18
10
121
8
191
224
37
83
106
21
142
4
1
93
77
9
21
1
11
123
12
1
7
50
41
48
33
26
3
124
99
281
3
59
300
34
37
4
157
45
1
226
2
182
6
147
2
1
2
254
23
122
113
3
1
17
9
3
8
3
280
144
16
26
2
111
1
5
60
119
5
56
15
273
4
93
10
5
90
82
26
292
217
132
71
1
192
254
5
1
4
112
34
10
71
179
111
4
243
31
103
25
217
12
1
18
3
181
39
37
5
7
182
12
112
224
199
2
17
80
2
5
42
33
2
63
1
296
3
1
28
29
9
4
27
267
27
100
275
178
240
1
41
78
23
206
32
29
21
3
35
68
5
60
56
139
87
14
5
17
7
49
7
1
3
31
1
290
16
254
1
65
47
1
1
3
129
118
51
37
37
33
1
2
31
1
5
37
1
3
212
33
25
1
33
1
16
90
1
2
3
65
236
73
92
99
236
164
49
138
4
2
115
5
1
35
44
113
157
3
19
147
20
43
31
74
113
299
48
6
14
181
82
104
64
17
1
21
1
2
100
41
1
195
1
123
178
41
6
2
27
3
90
102
1
164
212
2
6
3
7
126
11
13
6
7
8
77
151
89
53
1
1
7
2
1
49
23
5
89
126
4
7
2
252
290
54
285
106
193
29
1
11
15
3
52
55
131
38
175
37
80
113
143
39
288
285
151
9
2
10
12
64
290
254
2
27
281
89
1
198
130
153
243
233
2
9
28
37
3
3
132
2
91
3
22
1
32
69
142
178
1
5
30
1
24
133
6
45
149
14
2
129
11
2
176
1
107
162
36
27
5
53
65
51
61
10
1
23
223
20
