1906
15
1755
4084
941
1980
597
1335
2527
293
49
3434
308
1578
47
295
39
276
444
190
104
1052
1461
81
1118
811
787
1053
1739
1532
342
1125
1287
72
320
800
933
941
56
3
674
1953
220
461
107
1508
265
1399
577
584
915
398
829
2612
542
3996
1165
1788
171
156
265
1083
528
126
433
387
1121
480
774
11
818
863
993
1423
1432
1624
1454
275
95
357
898
1155
1592
1825
5583
265
801
2623
11
487
9
1850
1125
479
1321
2603
1024
4296
165
941
1282
1158
843
667
905
1802
1775
137
1717
263
2377
54
1035
744
1074
133
289
75
46
341
4022
3124
280
1923
1097
64
170
1588
391
2653
4138
1408
1041
2469
2083
503
244
81
1083
342
646
1310
110
499
283
2557
707
2827
661
1053
571
31
2982
609
415
606
3216
1155
580
91
1203
66
1652
3766
812
306
46
205
672
172
2142
1454
499
1311
251
1462
1210
45
1254
779
520
4050
21
2935
142
32
136
694
212
452
2485
1496
2063
320
665
1420
760
1030
706
244
333
4309
2452
578
1777
923
929
3408
501
1219
71
2973
654
134
438
464
2520
1023
66
961
2310
1010
19
403
40
222
22
354
1393
849
492
2650
470
1308
612
331
846
2305
174
114
490
2787
340
2542
863
1707
164
74
348
432
1529
511
1170
2577
611
937
1822
1462
548
161
446
424
5931
2852
4175
513
391
1179
765
10
1051
409
193
532
441
1038
3531
2066
419
1614
1018
1705
393
354
1102
2734
245
607
93
519
170
1607
3043
52
4146
1059
1656
955
1520
469
101
2915
2610
1946
357
628
535
439
1518
108
5403
1452
561
318
2174
246
556
59
703
1149
1950
1761
1213
688
189
2508
548
1764
864
151
1182
2121
2564
67
1101
377
177
158
563
1248
607
30
664
1077
1384
14
1297
856
230
1048
2111
665
674
941
638
1765
746
221
296
1650
298
2439
1562
2292
1113
400
156
538
1163
1801
246
445
45
200
5566
1128
771
1267
1139
594
1026
94
4747
918
494
89
2053
146
1179
1939
1717
852
547
1555
512
1454
910
529
1873
20
640
68
128
731
2673
495
213
968
1611
1333
348
918
1698
118
753
385
76
1475
2500
22
93
244
3914
1185
437
721
10
421
673
126
1080
1039
2518
163
581
291
1041
754
756
1873
185
1910
688
1479
513
276
1682
2264
656
157
569
682
1518
644
851
834
294
642
435
1148
92
877
350
72
78
473
20
713
131
364
338
776
979
1565
492
745
237
56
1559
682
1186
1299
1847
10
5
669
7
98
20
1556
107
2484
1856
412
2744
2605
387
3620
1173
722
1
279
301
83
2482
634
715
116
440
1337
1168
474
4
558
559
1706
989
1069
516
440
1110
1065
1906
776
964
527
3657
344
2351
357
327
807
276
2666
352
1217
410
581
2245
1618
518
134
3109
351
2553
1601
872
639
1073
940
17
1316
1741
3095
1558
3262
61
91
320
2365
506
2272
1738
1146
241
884
406
1055
4833
35
50
3739
441
1075
127
387
3841
782
1019
1193
566
412
2033
269
856
789
1252
1198
348
149
679
1687
1518
125
1659
1461
737
2031
2056
1488
145
0
30
1258
869
84
720
946
777
620
850
84
734
741
974
856
51
2808
2100
1918
556
608
567
2351
1204
187
911
1020
86
1459
283
1361
706
4262
723
1558
2125
413
507
602
196
832
1532
1019
1837
916
1597
1562
95
293
78
185
224
655
334
627
2718
3431
170
2287
293
1250
185
1755
808
2094
719
232
202
1407
3110
763
534
1010
303
1880
1361
799
67
147
618
1035
308
432
308
881
747
636
1868
313
3573
139
1418
190
1794
855
739
1073
10
2001
1330
376
1433
928
709
310
1572
1677
633
120
3554
427
2413
123
2381
3
1198
371
51
1037
2462
1973
213
1987
1879
234
1997
727
432
1153
1
645
247
458
95
563
64
152
276
1177
830
976
2636
2865
202
439
45
1862
3282
1108
1176
160
1634
1749
465
971
281
876
1011
903
1550
728
282
794
50
952
693
51
1326
257
803
5643
4116
237
523
2578
479
1077
1370
3026
1177
31
764
108
142
2408
1052
235
348
273
547
1044
662
303
977
2892
411
737
340
100
1175
561
590
2194
30
251
644
912
1230
2519
39
1181
1290
1266
1129
588
2223
222
332
2617
492
849
790
10
424
1897
99
779
85
627
336
604
2035
2065
1020
238
1972
996
234
1790
47
271
762
407
1832
375
2075
23
1095
1275
203
678
2802
800
208
56
166
1087
662
31
927
1049
597
942
702
641
22
189
2328
120
1327
792
1076
207
702
779
589
1987
134
941
289
2740
5
5741
2359
3444
2969
859
1321
2473
2558
2268
1808
2548
294
1185
1775
1838
609
515
57
502
2329
205
228
120
1140
768
324
281
1408
130
156
900
1303
219
1507
1044
609
636
1754
824
1141
1146
12
485
514
516
1302
75
624
108
1594
1250
1222
321
515
517
489
884
129
649
698
1431
666
1322
99
99
725
1056
1089
3282
615
2664
793
1946
314
518
1329
1130
2731
291
1415
989
151
672
298
597
755
798
1136
757
138
1627
3595
818
187
883
1993
2255
1902
511
2548
755
927
2187
1640
2810
3146
671
1303
138
176
1186
1802
890
2956
429
465
98
157
357
3074
772
596
114
974
27
469
577
497
1347
148
2993
344
686
94
1196
107
2495
1413
2421
229
278
314
212
621
4488
416
1753
2555
890
938
124
1894
1236
359
87
562
105
1141
404
4
3188
125
1504
808
315
644
200
1872
291
1490
276
682
144
308
1549
73
292
741
3107
4519
72
1145
306
994
148
303
934
724
2250
629
837
132
