3681
766
1437
921
459
268
1116
628
169
718
322
385
2635
1201
41
164
951
886
1567
52
454
1362
20
1335
231
156
931
126
330
1086
130
796
127
874
1567
643
63
1737
4611
286
296
678
1807
365
886
414
1727
531
35
1032
247
898
308
1182
1242
1366
688
3282
131
3338
488
32
498
1037
351
278
1139
577
2228
1437
1043
709
81
5294
672
1727
1785
675
507
291
692
831
926
455
202
153
28
1155
334
550
1499
757
1603
799
626
1562
145
1267
214
432
1337
279
264
490
715
2274
25
280
814
976
3238
6
2002
232
256
769
506
232
979
1929
376
1100
180
327
4156
850
1122
555
1224
1442
1023
1896
344
61
883
724
2843
1350
1290
887
1360
801
4902
1601
532
1357
1843
1543
900
1987
959
1465
480
236
103
280
444
970
42
191
746
458
1193
1017
424
8
1091
834
123
618
18
76
330
328
99
245
114
916
650
355
1768
1532
877
94
21
132
70
154
72
61
1853
121
770
869
627
834
322
107
1755
861
977
1835
414
252
1005
503
152
1816
1276
4656
417
2326
488
492
442
89
1029
1494
2334
1117
747
781
606
2032
23
505
169
48
1072
301
490
1657
633
105
2028
2571
1540
329
388
585
858
440
159
186
996
1780
114
64
14
1077
330
34
1703
550
1032
1219
946
440
193
608
1155
133
1019
57
240
1965
1711
201
200
1161
1139
142
596
1354
807
2777
201
170
652
130
1079
936
2108
777
637
6308
90
588
2053
1101
403
144
659
3423
56
3010
566
617
555
1259
196
1651
373
355
0
475
586
1871
557
398
1943
1776
231
1211
209
420
45
1267
93
348
3209
3231
247
434
52
2165
760
1908
142
555
2158
295
341
180
65
290
1207
730
690
1741
47
1094
265
135
1872
1026
896
78
603
239
106
2422
286
520
35
777
427
2209
674
442
1636
144
481
45
952
363
5375
831
181
417
2012
815
628
536
164
802
1106
690
101
978
733
1645
3783
1320
333
1634
473
1526
31
74
1246
1071
2465
468
1446
1087
81
8
303
319
158
1176
455
703
3410
1476
1212
73
610
2104
229
143
335
642
1574
674
1527
638
294
396
490
1623
1648
319
725
400
131
829
1158
278
475
406
783
1215
589
667
628
112
1675
164
1993
80
2610
2837
2361
805
2493
2113
335
61
840
185
280
1268
134
634
2741
901
572
328
68
1327
548
4289
811
940
362
2449
1365
1016
1313
1096
2774
955
2138
317
1710
813
1004
2561
3514
3027
2161
665
74
282
820
1949
1271
857
1021
652
330
140
1262
841
1998
858
2288
3341
208
490
847
179
66
542
10
28
365
382
1348
265
13
708
224
1080
2622
440
393
278
1868
914
3610
443
72
1098
848
2008
1523
1180
424
339
1952
48
8
1054
1685
548
464
503
655
920
1412
989
286
151
328
2354
1310
2596
1134
3212
4555
916
477
1370
7
1807
894
321
697
1083
562
653
957
604
671
674
1759
262
621
820
2139
2778
2540
125
36
248
623
1603
259
132
1308
532
227
325
690
148
4483
125
1120
2145
898
522
77
610
1092
1589
5
913
566
369
481
3072
958
104
86
286
1588
1682
27
57
557
1659
561
415
66
1585
69
1632
580
644
857
650
365
940
280
879
434
143
201
355
952
909
934
233
1533
813
3013
774
446
113
207
1498
220
1679
1195
1
1340
1720
746
136
413
464
1303
1973
106
989
4829
222
2151
1783
1726
92
3721
117
1088
563
4368
2343
816
1158
507
83
3107
859
1421
604
408
570
809
588
1331
1653
9
1872
3312
942
1302
408
803
1164
759
272
558
28
1194
43
65
265
358
308
86
1206
40
700
507
2257
98
814
306
1175
52
1185
380
2055
541
842
1424
387
93
4717
616
433
3399
484
1081
1390
1534
345
2121
616
2115
1167
196
530
143
237
1980
1426
1042
447
275
339
155
625
672
156
455
789
230
1598
1594
661
599
932
27
181
125
159
72
1944
751
2265
4361
1046
311
102
574
4711
133
3075
301
511
410
87
372
269
157
592
836
326
1003
313
1487
735
631
343
1453
203
77
1843
424
475
3610
30
5263
2364
531
2910
1706
461
1435
1395
706
37
28
1025
134
1397
263
1409
419
1187
1801
1846
2766
1425
754
85
816
755
453
1730
79
0
187
365
2098
10
515
1728
196
495
903
80
355
1264
1182
408
648
857
574
611
1380
595
858
319
190
548
795
918
620
64
156
1329
1416
272
1793
398
215
262
1099
3384
2457
617
301
124
78
1219
543
4313
917
47
947
1012
152
139
209
1526
408
1982
1093
951
1608
848
955
1174
1805
103
1579
1159
2802
138
1272
383
4092
1318
1762
754
770
1398
1748
1322
171
153
1621
2298
1596
1730
1035
1555
1877
177
308
53
485
36
140
437
1014
524
735
701
1059
982
458
1678
721
191
2011
1331
67
1232
1300
681
3248
12
201
548
3388
29
163
2801
453
831
55
2442
878
1955
1152
1290
751
863
1019
648
550
208
33
284
132
1169
1334
381
27
1133
2202
666
1740
93
917
914
894
822
1608
1201
234
4054
1239
737
3601
2005
589
278
9
1790
334
1130
148
1328
123
554
157
376
140
6872
906
197
3
6
2658
1817
584
941
603
2262
689
554
1068
26
27
181
934
2444
215
109
238
1355
601
1906
906
45
1159
228
419
1148
698
1707
1536
17
834
84
144
1804
2203
1773
314
25
486
1034
1053
1542
882
907
768
4092
559
705
488
483
2397
1575
46
905
393
688
634
906
456
3389
813
1506
1979
977
792
2365
1148
279
1524
1140
347
765
882
225
1155
