12
71
126
81
58
4
1
1
27
3
218
82
23
60
29
258
5
58
166
86
189
5
8
2
6
54
83
244
43
198
84
1
3
14
2
57
28
52
193
268
2
8
153
51
63
15
59
211
17
3
2
100
140
29
115
266
101
84
23
1
24
7
42
15
1
44
67
86
92
152
79
104
66
46
7
38
2
80
79
146
6
28
8
245
13
73
266
82
236
5
1
55
56
86
169
298
9
4
70
144
216
1
270
3
24
29
21
3
245
4
276
86
40
219
40
6
23
11
146
1
7
80
4
193
241
29
70
11
10
1
1
23
15
1
5
57
6
101
22
5
260
24
1
2
70
1
167
171
173
19
35
6
1
160
5
261
1
31
72
98
169
2
3
164
87
6
40
73
180
217
2
4
5
1
288
66
172
2
13
47
20
4
25
47
61
27
57
2
95
259
22
29
8
212
2
39
10
20
2
67
18
37
5
151
189
122
19
7
38
14
1
1
31
234
3
278
126
21
68
4
134
1
59
183
213
54
206
11
35
173
43
8
58
27
28
121
4
286
12
123
70
269
42
61
23
85
1
205
122
49
4
10
246
3
2
68
91
49
47
9
14
169
294
278
8
22
108
279
56
8
24
1
175
146
87
1
1
20
98
17
1
34
58
1
239
74
111
39
144
1
1
1
9
3
1
45
83
34
1
142
10
174
25
18
99
75
18
104
3
270
61
120
79
62
9
46
75
5
36
107
1
9
5
291
16
1
225
215
1
1
262
6
1
3
90
10
43
31
110
3
251
14
29
126
152
1
117
12
118
144
1
50
59
9
1
77
1
18
6
72
1
2
52
76
127
1
143
34
2
62
86
35
22
22
229
23
288
237
99
77
24
4
1
134
148
32
135
2
152
140
23
81
3
6
2
278
7
2
200
1
280
296
19
5
17
177
290
7
20
3
8
9
59
27
230
8
227
1
6
30
28
3
158
9
15
28
221
277
167
121
236
20
7
102
57
97
1
259
178
7
1
18
166
4
71
11
9
9
148
54
17
245
200
12
6
126
36
6
3
35
185
11
6
138
136
24
73
9
19
1
4
128
37
9
11
2
1
22
110
17
14
22
1
23
3
23
36
18
23
19
18
9
31
98
173
273
20
139
20
49
156
183
255
14
21
1
33
174
3
1
4
239
84
51
240
250
1
166
49
114
13
20
202
55
9
30
48
177
60
11
16
35
168
57
34
211
24
169
11
197
1
145
91
18
30
120
110
200
5
17
2
18
33
4
139
34
294
151
68
1
20
53
8
14
2
139
7
166
7
249
223
127
295
1
150
202
9
4
42
32
4
4
17
14
206
36
132
3
6
211
4
3
1
242
1
156
253
75
49
1
54
4
3
115
27
3
224
115
8
19
3
17
4
88
34
2
50
13
26
147
4
21
183
13
87
33
100
2
2
9
84
7
14
288
59
2
3
17
71
47
36
279
100
6
35
21
18
110
114
164
3
70
15
1
49
7
17
103
36
8
6
17
7
6
9
231
11
48
22
131
7
26
3
35
30
1
53
12
1
7
108
43
22
195
199
2
7
37
183
252
188
4
38
27
4
1
95
5
198
99
229
101
52
5
86
1
213
220
15
255
1
27
13
1
2
265
28
10
39
15
48
1
111
43
92
151
167
2
39
25
16
46
97
252
56
10
221
18
163
107
181
2
1
62
27
6
226
254
80
203
2
2
193
11
89
18
164
185
1
2
49
1
12
65
81
1
2
1
9
3
60
233
183
41
21
155
142
1
1
1
210
1
36
88
97
171
23
3
100
8
93
54
1
2
164
1
191
36
30
227
36
11
241
2
109
6
274
102
49
3
2
72
54
5
35
56
19
15
280
4
3
3
3
14
145
18
18
10
1
65
75
11
6
94
1
208
62
151
3
78
128
137
9
21
1
13
53
208
282
12
2
33
35
1
1
45
91
42
89
4
65
51
152
160
1
1
41
218
3
118
37
21
4
12
128
25
1
205
16
5
73
292
2
26
3
2
172
23
5
141
115
3
280
60
37
142
1
4
113
5
1
225
243
2
147
133
2
170
168
205
47
126
6
105
200
243
180
2
1
37
268
122
223
11
36
199
66
16
52
12
14
28
104
98
154
171
20
2
12
55
2
257
30
98
3
72
39
9
170
3
82
64
47
1
1
7
31
180
2
74
19
140
57
3
233
76
4
85
9
35
36
81
153
61
22
64
157
9
132
91
81
19
1
191
24
46
296
34
171
71
7
61
3
13
41
73
7
6
260
24
41
36
24
11
3
210
11
11
5
252
21
54
122
2
153
141
12
5
57
1
2
30
29
25
53
17
32
175
62
21
1
99
8
11
8
2
128
1
1
249
38
92
28
51
1
41
4
36
300
173
68
38
76
3
24
187
13
290
255
46
69
38
7
19
89
17
1
100
6
299
5
10
164
142
11
