11
30
208
30
2
6
4
11
202
5
5
199
36
121
38
22
6
4
44
10
7
158
55
27
236
34
3
33
3
144
46
73
291
1
32
151
1
155
33
262
75
2
24
3
72
77
1
8
1
45
3
12
7
1
28
20
4
50
16
19
62
14
98
11
90
29
10
33
220
3
7
2
1
36
84
20
189
164
24
35
25
295
228
264
1
4
10
1
12
1
300
162
223
80
1
1
97
7
215
149
3
114
5
52
173
1
2
209
8
196
1
1
128
71
212
67
181
24
12
1
87
261
182
3
40
58
102
1
5
9
84
2
29
154
26
107
24
36
254
103
13
15
36
128
22
16
173
29
139
9
3
177
268
123
93
40
290
45
10
182
43
258
243
1
15
297
6
29
204
288
16
34
121
18
36
239
96
23
2
58
24
16
26
132
1
46
274
21
70
8
17
56
26
4
131
73
3
5
5
89
2
3
21
6
188
6
1
127
70
89
98
142
185
61
233
176
20
104
93
110
214
66
83
18
1
160
79
28
132
1
1
7
1
1
2
2
2
46
1
11
1
34
107
80
6
19
6
15
106
89
2
11
1
7
98
13
75
218
1
29
5
202
18
74
48
11
34
6
1
247
278
5
60
52
1
80
82
138
132
124
222
21
244
227
1
5
203
1
197
1
46
7
1
66
50
181
7
177
1
50
21
3
228
1
8
5
1
1
170
155
258
16
4
4
3
69
154
19
96
11
204
84
69
101
196
24
12
34
1
128
170
13
3
101
198
9
4
1
40
3
7
10
53
79
179
1
9
3
3
262
4
11
104
121
3
205
4
16
15
67
53
175
5
167
97
2
106
251
2
3
2
29
1
19
22
2
112
272
33
114
284
254
3
52
43
51
1
180
125
3
11
8
279
3
7
124
2
11
6
6
6
169
32
102
57
18
32
4
270
28
272
94
45
8
114
106
2
247
24
10
4
239
11
4
112
6
72
1
2
17
9
61
190
7
1
1
284
248
86
213
24
60
291
29
227
156
30
1
1
26
2
44
18
207
114
44
14
45
73
35
2
98
32
86
156
1
50
80
91
31
189
5
45
7
1
70
8
75
226
2
8
103
55
7
23
89
12
82
228
22
40
1
9
121
59
84
10
32
13
266
33
15
191
3
19
49
199
233
152
24
92
130
32
266
137
162
76
30
44
156
147
3
195
42
66
244
130
106
186
10
44
187
73
11
9
178
37
124
120
174
109
26
108
35
37
9
2
25
56
31
21
261
30
150
147
87
9
8
65
296
4
40
62
58
143
147
17
16
41
1
83
72
229
25
187
169
5
17
6
36
30
228
86
2
26
2
53
3
2
8
204
23
5
31
91
31
141
14
26
55
60
27
6
76
11
24
22
10
22
142
175
24
37
1
9
38
18
2
33
234
25
103
7
86
7
3
3
4
8
8
133
261
257
256
3
78
7
11
262
77
42
15
2
1
5
1
8
7
2
49
153
216
4
45
43
1
24
3
1
45
16
184
101
9
93
64
83
180
7
5
17
1
1
110
34
58
25
4
21
212
8
47
6
24
261
4
138
141
10
2
29
9
49
262
45
36
20
27
21
9
45
7
33
300
110
60
150
22
51
239
214
209
17
60
110
194
7
36
145
15
2
291
67
6
36
7
150
13
11
273
3
1
33
11
1
17
275
11
118
176
138
146
37
119
4
143
88
6
99
3
10
195
146
1
32
31
6
272
15
120
21
70
54
27
12
196
22
163
1
1
33
98
4
123
192
1
2
184
1
274
1
3
1
117
104
3
45
24
35
253
207
1
93
25
1
1
1
44
4
14
202
15
9
4
12
2
240
235
143
239
3
7
20
5
141
45
182
202
282
132
21
5
46
59
3
21
1
1
65
93
62
151
57
46
1
1
25
286
46
1
32
172
5
4
2
5
248
10
8
16
133
49
17
63
2
65
22
63
1
15
104
99
203
6
118
166
20
10
24
28
6
57
2
148
41
42
1
226
1
2
36
226
47
221
1
14
59
50
1
11
1
10
2
25
179
44
2
212
7
1
7
25
53
73
8
38
104
99
22
3
2
98
21
51
77
1
101
16
1
1
29
17
36
5
31
285
8
175
18
26
10
155
263
2
119
33
238
300
48
1
1
14
156
19
77
8
100
8
42
259
29
131
35
27
47
254
65
244
12
63
50
15
38
89
7
3
19
176
20
6
218
10
68
143
37
1
185
47
8
5
36
7
21
1
1
1
7
44
33
15
79
11
244
25
4
151
2
76
17
77
99
2
124
91
256
12
15
14
31
1
138
18
57
51
120
9
33
1
49
59
136
22
196
1
271
112
119
2
1
131
17
1
3
5
296
2
11
147
1
140
208
207
8
98
3
233
2
37
1
185
59
299
105
204
81
240
17
94
7
22
202
20
34
12
6
5
167
36
18
27
99
1
236
66
33
