22
5
2
15
37
8
4
2
63
120
173
2
17
78
45
56
3
1
76
6
199
28
4
3
50
78
178
3
156
1
260
6
45
2
2
58
12
5
251
193
1
46
8
28
5
61
20
7
140
8
4
3
28
3
298
1
2
64
3
29
2
125
97
138
4
101
289
52
9
3
2
12
67
176
48
132
7
110
138
38
47
264
5
282
10
2
264
67
216
2
12
14
2
14
200
79
224
148
8
7
109
10
61
22
187
3
151
181
172
6
7
65
30
276
33
155
31
107
251
135
13
249
41
125
18
194
6
36
28
53
5
31
11
137
55
277
7
4
265
4
74
287
15
8
28
1
29
271
12
124
48
156
15
40
107
36
207
54
77
13
73
9
10
61
96
20
140
1
55
50
258
99
81
15
78
32
98
5
117
70
2
9
13
220
67
34
3
4
2
1
2
84
15
31
89
14
202
1
18
5
28
5
8
20
1
40
26
17
3
52
37
137
10
3
1
48
13
3
64
69
13
248
24
17
19
1
6
5
46
4
5
3
1
92
295
2
2
1
7
3
203
1
12
136
5
38
82
5
232
238
14
49
1
22
1
131
54
122
52
3
28
5
189
45
4
9
4
5
16
16
36
14
9
69
72
108
106
1
16
88
26
1
282
64
15
13
2
76
1
31
26
17
125
41
123
49
42
11
88
5
8
5
208
110
13
24
5
5
4
1
242
1
194
49
108
25
99
1
51
7
14
27
207
10
4
1
253
165
29
4
79
207
1
17
26
142
48
23
83
96
180
12
294
256
8
123
97
1
8
206
73
38
299
4
2
32
22
13
24
133
12
67
92
24
12
4
50
148
262
113
104
6
244
1
5
3
84
13
65
47
178
4
274
3
1
34
113
200
1
1
54
83
3
164
7
42
3
103
196
129
74
169
240
65
29
1
1
91
47
25
22
140
6
273
113
35
78
199
222
12
175
1
16
24
239
106
5
109
3
12
2
26
6
37
6
99
6
193
21
1
240
144
9
7
28
4
226
285
7
15
26
4
9
231
5
1
134
6
13
4
9
13
5
114
136
285
255
257
5
130
107
3
1
148
15
15
31
252
122
282
11
104
109
108
10
294
26
8
19
179
218
8
102
10
13
17
4
20
10
7
106
87
218
108
83
6
173
22
67
7
17
297
89
147
4
4
14
217
2
28
103
14
7
1
7
5
4
3
40
4
9
22
253
12
1
2
58
175
2
240
263
20
3
240
227
45
2
209
157
96
8
2
39
51
1
267
2
235
8
42
18
6
246
5
78
228
78
2
104
70
1
1
11
23
44
260
286
1
8
63
47
237
208
18
273
1
2
151
1
24
5
34
21
265
171
203
249
48
1
6
1
197
190
14
168
3
21
46
261
289
31
39
2
35
131
16
27
27
1
9
2
40
34
2
1
78
5
1
11
32
18
3
102
5
2
13
46
63
165
48
1
5
163
15
10
57
48
62
184
5
123
285
27
8
33
42
24
35
7
180
40
7
13
17
129
11
3
134
13
72
17
19
1
33
16
190
10
121
3
185
58
141
1
274
2
59
12
22
57
5
194
62
237
5
18
70
137
11
94
37
13
1
39
128
265
10
49
62
36
9
17
215
213
1
5
63
39
37
253
6
1
213
28
140
221
5
137
16
208
8
3
15
3
12
68
4
254
10
58
251
4
21
1
138
1
6
7
15
65
116
56
4
209
4
5
49
7
36
18
40
129
6
2
285
37
84
177
17
36
15
54
3
190
83
47
10
44
3
31
6
5
257
24
19
8
31
5
10
193
3
5
104
229
19
54
1
40
40
114
33
193
41
95
2
14
186
14
1
99
185
69
236
250
21
4
166
37
5
252
43
2
126
7
29
108
52
84
1
2
40
61
281
45
7
149
1
212
213
159
22
124
2
70
3
5
111
1
2
3
194
19
25
45
51
6
3
140
4
10
140
123
82
62
11
73
128
50
11
194
3
6
1
37
1
29
9
109
17
33
38
1
136
222
11
212
25
116
157
222
7
33
23
1
104
7
186
48
65
15
1
1
16
103
37
15
101
36
4
189
12
66
33
215
8
94
1
154
263
98
212
6
104
111
29
2
7
121
67
127
57
56
13
102
2
79
173
1
51
258
107
221
74
54
80
142
162
287
63
272
262
6
187
4
34
31
190
92
4
205
98
20
139
1
210
1
83
4
72
246
228
9
20
1
5
38
14
1
14
202
15
1
4
237
43
1
75
51
144
4
2
213
5
284
9
2
190
7
1
7
17
1
4
62
68
14
4
3
13
198
29
114
5
92
144
6
19
5
178
1
273
7
273
52
5
30
249
31
52
297
82
9
18
3
21
82
26
17
258
3
49
16
4
1
67
86
7
51
24
131
76
216
72
15
25
203
1
35
63
2
1
1
273
1
190
1
81
1
127
2
12
39
6
286
3
3
