1084
214
412
1818
80
421
386
1859
1637
287
1120
481
329
724
234
2856
358
1561
1248
1409
43
173
84
2602
2852
910
47
1225
806
1429
591
973
366
796
2905
1329
1800
259
70
1055
247
1822
1465
1012
459
997
570
564
798
1721
193
145
813
2368
684
56
1153
1416
468
120
44
33
201
4537
572
1423
1674
622
324
107
2274
384
1180
4259
908
1049
103
168
1366
248
967
1032
118
688
1154
68
2004
115
6
1361
434
1478
2527
182
664
4729
176
1595
1067
32
432
1580
664
2732
1183
1496
1376
971
696
34
169
1977
1401
500
1080
993
924
729
515
3097
1467
264
255
349
367
1111
2830
1494
1342
340
1019
682
105
32
762
9877
631
528
365
3206
431
914
1405
2606
79
363
3200
912
2029
1402
1240
445
155
326
1375
1038
7423
814
140
331
1971
1327
14
420
2905
2403
719
220
214
431
166
216
1538
627
195
177
1423
911
562
257
1490
83
1157
233
1491
1033
812
395
236
840
1188
690
1128
43
1524
1035
2358
775
507
227
280
367
1634
378
435
327
232
781
128
822
166
645
843
2160
1111
1048
97
1553
62
116
1225
391
445
546
391
520
386
25
1819
2945
294
3034
610
966
125
16
16
443
646
2659
1273
290
771
198
871
114
754
1027
128
117
3981
240
1174
2290
2997
490
269
698
118
288
2268
476
128
530
1549
263
751
1665
512
90
1587
569
254
775
197
2374
150
932
292
2406
550
2732
845
211
288
255
1729
3028
24
307
109
4485
1105
344
474
1246
159
2643
1409
602
193
24
2643
4281
113
37
629
2632
819
217
537
761
1870
108
1682
5050
3681
135
454
1586
2314
173
393
601
744
221
851
44
1013
296
472
1095
138
1238
983
1291
618
954
1576
878
373
71
587
1303
1038
879
33
1986
776
102
180
164
995
197
286
557
1775
1204
2916
676
720
117
105
822
1158
22
1488
31
365
1895
763
176
894
1948
318
690
322
625
413
493
1531
1303
1459
2077
1013
3089
2220
918
1281
823
281
649
493
166
1731
98
4075
2612
176
1820
1204
4888
306
312
791
392
1165
287
2633
943
1266
17
1164
4
206
1669
3136
1365
241
644
251
470
913
144
1939
1403
836
51
827
422
1141
905
320
25
1012
2598
113
3339
915
509
897
147
279
30
157
762
1256
436
744
1253
38
6
453
3979
1417
235
436
2120
396
992
1
649
744
2464
732
817
337
1048
996
1997
325
1081
3370
266
1344
2255
2175
866
2668
2100
277
1877
300
489
420
631
787
1
730
26
347
1207
330
1894
548
473
577
174
124
1535
1835
969
260
1004
183
1074
78
825
2949
1715
1161
81
419
265
713
1983
3638
1234
461
586
1080
1807
1687
1593
984
36
1276
696
903
2821
839
6
359
291
1630
1067
86
795
1146
127
1168
188
63
410
195
1545
1195
62
96
415
695
358
62
959
158
846
523
332
295
93
1015
793
3092
656
1265
49
39
1545
56
1
225
2357
603
2555
3109
2388
1715
235
1081
669
5741
395
207
3228
2944
1458
344
1282
20
408
1679
1455
852
106
380
348
229
220
800
1999
740
70
264
684
2048
747
66
128
1117
1032
1162
1358
849
113
1765
506
850
485
1211
2475
2655
619
245
382
2250
652
454
1027
1461
570
149
163
110
9018
1305
589
1993
263
1962
986
654
883
1539
1238
492
2020
66
664
3128
5642
1032
550
196
1653
257
575
567
4287
1797
2303
917
294
1374
315
645
586
246
204
509
451
325
242
746
74
3896
2297
340
209
1735
1321
3735
2855
733
845
1956
293
390
187
1427
865
370
116
447
3121
239
1716
648
70
660
277
1436
874
569
755
419
912
61
55
3457
489
743
1905
3076
3808
528
766
676
31
245
2336
20
430
566
1590
277
496
614
1910
668
2680
970
2143
1425
940
2419
1072
524
4412
1876
996
638
140
1052
2245
1338
727
1474
194
695
761
12
2485
800
122
1499
847
1981
356
368
1279
1318
1541
3234
1180
387
456
1951
1011
1748
996
290
1884
735
900
702
1420
3147
3099
425
311
1134
350
284
898
525
1284
1175
660
827
2528
3327
815
301
2181
522
4167
3115
209
604
380
177
795
526
758
424
984
4092
182
16
32
815
685
882
66
1307
834
566
749
2310
2732
2252
269
1373
2356
1534
683
173
624
290
73
1341
1825
295
106
1973
652
365
103
671
697
1395
1309
125
30
164
722
314
2889
2195
728
110
6
1316
589
741
1113
385
976
1914
266
1744
3114
1010
2475
246
1494
1288
1992
674
732
1518
106
314
293
1084
294
24
1413
219
2138
370
1767
2435
377
923
2263
1612
243
185
273
644
152
725
607
153
1676
742
602
52
44
1083
159
525
2171
1027
92
528
1072
226
313
48
539
453
712
413
1175
334
2078
88
1925
1880
2854
216
371
1738
365
801
404
544
463
219
162
1491
143
362
1422
758
4556
1692
202
3116
1556
507
2683
307
599
1040
575
1902
999
3244
351
1735
264
1
1600
1001
419
6030
458
2434
603
22
887
5793
1096
532
2089
249
1529
1755
1355
775
497
316
737
474
351
1017
2260
602
198
24
448
69
24
1031
310
1893
1988
241
688
633
2373
383
3983
963
1477
3746
382
2084
760
575
1273
14
286
1128
550
1468
926
109
682
713
137
3234
791
468
801
726
511
1592
540
214
1426
567
217
785
687
699
1206
1159
782
335
839
258
44
204
1553
2698
852
1529
770
95
578
979
1717
191
790
184
318
2964
95
2867
646
543
369
27
624
1813
45
612
345
1563
311
1004
404
886
82
256
211
3537
763
55
919
90
