87
486
1098
1431
1587
591
1700
1419
228
336
1261
1451
1775
119
698
996
299
1658
1438
517
374
25
500
358
1119
1512
4620
959
519
51
933
730
1189
164
825
200
126
335
238
276
886
530
425
90
399
383
338
1384
6
659
316
2156
358
183
3483
787
391
1012
35
683
164
1316
379
647
103
331
1610
2584
9
802
2935
236
2884
49
1107
339
116
496
848
350
144
502
104
616
3462
202
324
3877
1598
813
1197
439
114
745
618
819
45
44
3046
437
3181
1790
765
1980
440
5909
42
458
1220
3169
328
911
182
245
477
828
2137
2568
3633
182
1658
203
1456
1564
1451
810
2174
2659
195
9121
1109
1862
134
4438
55
3258
1507
1243
5090
2866
911
493
988
2018
1693
503
1507
402
297
1671
514
1425
956
1195
106
20
33
715
2648
938
4403
752
2370
826
73
13
1253
2294
364
2062
658
1571
463
313
168
1256
1841
245
30
1160
329
1528
775
2817
927
965
2167
143
76
192
410
328
1736
671
16
1287
98
47
728
1307
834
40
340
109
707
18
154
862
1643
508
529
265
288
783
1279
1946
209
168
1906
959
176
1237
810
151
1101
342
3463
2627
448
1028
134
617
22
60
581
552
922
2688
484
133
1379
37
108
861
237
529
35
333
1153
497
2201
1019
3927
524
182
279
5
246
1056
170
441
1216
1176
319
1406
814
451
2642
17
239
375
2241
1490
594
1503
909
278
81
1046
525
189
253
210
762
564
1231
437
66
284
701
772
74
368
217
1260
32
534
172
713
624
1729
43
963
483
1232
2294
633
1890
571
382
133
294
0
39
1253
1348
857
396
2179
1442
68
2832
43
1367
800
282
764
901
1819
1010
155
82
2071
1843
890
902
36
1893
240
872
3952
263
787
328
1079
1170
352
42
2122
577
1808
449
457
131
408
1678
345
1079
2413
581
1210
211
457
565
2584
919
2859
326
232
1617
974
1373
187
6019
3
1538
1910
213
2022
748
550
200
589
994
1512
2152
488
286
377
254
2516
1380
910
1038
278
964
1974
43
364
510
1259
391
4373
10
1190
50
275
272
864
903
144
1316
127
524
595
1305
316
139
688
841
999
1333
515
512
562
646
1065
205
1304
1060
291
1594
1120
1632
2201
20
238
1088
687
934
510
101
1492
1077
180
346
658
602
1399
39
2273
365
368
2362
1129
65
356
648
718
65
552
2098
1188
75
4151
1856
1310
366
522
351
147
2169
1674
410
110
761
7
860
1354
2263
663
993
2263
560
56
726
284
3550
4152
569
346
847
489
1493
1062
784
820
1670
252
1566
228
1747
832
227
613
653
1876
2363
784
839
935
306
1179
34
895
2994
674
476
2018
183
784
857
675
1123
1426
82
578
243
321
375
1323
1547
1550
381
1244
3266
1123
1885
1140
292
1523
729
194
524
109
20
283
365
420
1332
240
1171
60
946
149
397
722
504
35
794
1469
1564
1641
634
1492
176
1253
1728
116
976
904
440
294
2757
491
137
1535
1232
419
2527
730
547
304
390
619
1384
35
377
997
1462
1515
325
49
297
796
312
1245
1222
2026
489
337
101
1183
1176
188
161
1706
591
362
197
292
397
1479
179
1371
1084
1
928
265
840
287
592
84
1726
2104
20
1006
1024
295
1977
1257
1114
508
1818
613
965
1142
301
207
3445
430
707
2831
1042
1286
461
347
2545
517
621
3062
256
2044
648
612
4104
1587
235
453
252
675
715
67
1974
1667
473
1108
1344
409
882
1679
1942
123
654
42
315
1794
23
1324
1301
2249
28
1042
118
2
1446
30
1220
1067
380
1844
1328
561
1040
442
794
319
1344
282
577
989
552
323
52
494
1017
587
715
869
97
1865
893
1695
45
911
1358
688
569
787
90
502
409
1269
986
628
824
2372
33
557
140
1738
2089
502
1138
1631
212
484
462
999
572
62
1126
89
1348
878
262
683
406
26
12
2066
1227
1344
64
652
342
864
22
2943
270
2324
985
132
1606
1306
1069
35
290
148
161
744
961
936
165
872
2714
734
2729
427
2292
1466
231
1729
1052
3111
1005
374
592
278
1017
824
357
382
1489
3345
118
517
540
391
106
887
512
1727
1655
680
811
913
630
699
2164
388
341
1473
471
524
432
3069
336
95
158
150
177
1300
212
538
1291
3817
205
859
352
804
248
1928
374
271
711
1263
922
794
1655
315
52
171
7135
1385
1910
198
170
12
336
439
127
245
360
2086
2939
881
436
165
156
2907
551
505
3417
178
2818
590
970
526
1524
41
20
234
559
472
3000
1211
1332
3340
3702
422
714
2354
1759
185
436
2323
292
252
1282
1276
861
942
254
329
553
848
748
103
122
28
1269
603
1251
1824
256
306
6344
1201
2485
123
196
2771
1361
283
2514
1879
679
300
671
244
613
89
1166
468
696
354
206
1727
1470
994
832
1285
1191
845
1001
59
2
294
563
1152
184
689
1607
3339
1337
708
615
1213
43
113
1001
1262
2233
1846
773
1724
1717
1452
142
1876
2428
635
435
1401
1762
1047
713
819
840
1816
1408
1021
260
2427
276
996
1617
153
148
3346
2229
313
738
1184
783
2961
285
568
953
313
383
1013
454
4217
42
364
736
595
4335
2318
1960
228
2041
125
1548
489
114
3170
2347
1354
508
2955
1194
284
93
1021
970
1027
456
133
86
1501
1679
350
809
1417
256
1891
1480
3620
3889
564
190
149
3168
1478
335
718
154
640
641
621
862
206
339
1610
50
490
490
1188
364
729
1656
70
316
643
28
371
1085
2912
1761
1383
211
341
503
2193
2152
499
3688
1037
159
2787
854
482
