2206
715
5589
720
273
1534
1350
563
154
12
63
55
661
555
800
594
1178
2528
1148
1598
1430
3174
109
1234
2758
3361
323
1136
198
482
6156
1333
1099
298
759
3117
2618
1095
305
340
36
1203
1343
1226
5578
252
81
675
614
924
205
700
1242
1670
2202
641
142
78
68
531
341
574
1592
1535
268
91
159
959
1885
2841
2290
647
369
986
1039
915
363
1369
1331
1013
2267
1578
52
3468
2
502
577
212
31
3601
459
336
479
734
193
101
475
1603
161
1571
358
1171
313
1091
787
537
511
247
162
958
2228
1861
1606
336
744
1686
1289
1177
577
571
1783
200
1071
1405
1369
1325
405
1707
1179
346
2228
1294
730
1242
78
101
607
1033
363
3266
565
3504
885
1808
2143
1499
135
2065
101
3043
1625
1792
1509
92
730
645
1069
184
1241
53
594
960
417
1074
797
69
149
552
636
667
2253
134
108
83
180
458
2286
2332
536
43
4646
64
56
1164
612
213
635
1672
33
71
545
2462
1966
412
468
480
1600
804
1301
1159
27
3020
1709
1235
735
394
274
1701
715
133
1123
304
2293
981
746
180
593
114
2249
1103
247
234
420
147
428
8
605
608
1554
3388
1881
52
468
38
63
2541
496
384
38
2581
289
271
608
2429
641
995
1635
125
876
244
703
301
321
951
119
2925
373
259
113
1643
639
751
352
1455
1114
1136
804
621
2676
540
2488
3164
39
3
1133
898
383
984
1549
338
974
971
1040
1214
1276
884
2836
1052
286
1136
397
3075
427
111
2392
613
135
1947
781
652
684
1530
218
823
287
376
840
160
1844
2074
1419
1471
294
703
2201
155
3347
1295
1300
2371
567
185
1408
329
245
955
106
439
378
79
78
152
743
429
2847
3017
2144
1741
327
1619
1241
759
110
1693
184
3840
686
193
62
490
744
1774
1346
614
636
2647
4024
281
616
141
156
172
3082
222
3476
119
812
95
735
331
34
1009
19
783
318
1144
414
154
856
892
2464
1106
328
816
500
1088
1461
1089
1859
606
141
919
2057
1807
103
1125
520
532
345
595
57
4133
1139
26
288
665
27
1413
693
1263
2636
1958
2548
431
551
1137
917
2
1317
368
1014
28
2512
358
771
105
749
1252
1204
338
2173
1414
1823
580
1913
330
10
367
701
974
485
85
154
2032
99
2386
224
67
48
311
211
787
142
1503
2145
1010
294
1393
553
737
118
1056
1959
4277
73
1686
403
1952
534
875
8
257
1511
1310
1288
127
1240
280
2634
378
359
513
1224
295
1029
26
1645
1588
3270
18
3544
707
2383
366
843
1214
882
456
1913
291
0
846
1262
279
1563
502
1051
13
820
660
33
215
766
2413
473
408
1327
1175
221
46
673
383
1379
3190
980
659
322
459
686
1668
3085
1514
1247
367
654
1935
430
89
2514
789
1509
1349
80
1366
1524
328
2905
339
381
938
359
261
1441
229
845
99
590
515
2182
245
1911
4125
1356
196
23
1632
257
2120
1825
246
2440
996
50
383
1076
245
1722
1204
1345
1647
659
1263
697
706
145
1061
482
208
946
879
543
53
1258
357
967
1473
2376
112
392
2077
45
71
1286
1609
1930
182
168
240
668
1457
2937
1002
523
1935
16
256
4284
2806
370
339
106
95
1072
178
301
1467
1042
731
1462
192
1870
988
408
904
1553
338
1080
1967
1389
273
185
1520
2070
1248
1482
332
1369
485
183
1162
300
2770
2448
1029
69
319
865
215
2990
786
278
2603
222
1868
567
91
432
829
879
62
133
1220
52
909
513
562
4447
840
4067
452
1433
211
376
738
275
1297
624
632
279
377
1760
382
1516
250
39
2100
1673
736
2220
2931
1559
30
191
4724
635
510
3867
248
182
119
109
225
35
201
1798
3380
1371
892
232
372
1166
4026
892
210
822
399
606
5263
47
529
1788
768
640
714
32
1039
420
452
4380
771
1803
172
28
1636
569
440
425
498
1098
271
2275
1488
3498
375
175
3489
2857
1918
737
382
138
649
1631
1571
812
3835
239
747
196
387
4
28
1388
585
653
35
44
692
568
41
124
2416
261
1103
131
69
342
1191
625
1411
1609
535
295
61
119
1089
680
43
112
492
2447
141
1925
860
3578
1401
950
1398
782
563
248
231
781
795
515
1257
360
1047
1621
781
399
1287
927
872
872
920
727
3567
2047
1289
3231
2103
1211
1693
946
557
318
2629
480
1902
252
1822
1127
1063
798
79
422
505
1416
383
3592
25
1373
460
449
224
92
375
915
532
2678
449
744
997
1509
593
213
2902
2203
926
66
533
421
869
519
572
3196
449
37
362
3722
383
1226
238
653
827
873
418
31
684
808
1336
886
287
350
3060
487
517
54
216
1128
913
78
688
579
1385
955
384
601
341
593
661
1651
1540
779
717
426
596
3253
2697
295
78
562
237
1257
624
119
1086
716
1868
276
115
927
400
416
191
1505
117
788
1114
574
262
69
716
177
438
807
901
185
150
2375
428
1567
2558
289
1043
472
2646
852
1157
1026
1330
707
3846
17
159
20
100
590
1597
4162
719
480
1326
2768
1361
497
455
589
1445
115
251
1366
1522
1073
1163
211
90
433
2587
322
207
1084
1214
431
944
1691
420
1924
168
628
1176
51
167
759
90
806
180
1385
463
1313
4325
429
5094
278
1859
1644
566
395
1582
1094
264
173
220
82
1702
876
94
1936
356
1247
499
841
789
934
2421
1890
332
516
1559
677
2861
92
3830
314
613
366
66
1248
74
2368
230
2666
775
181
522
284
1137
173
1497
262
472
444
451
1002
50
457
23
1180
1708
861
212
2405
1270
296
