222
3
185
297
55
92
20
4
51
169
287
11
35
76
172
220
21
131
18
151
297
159
16
1
62
30
35
92
157
209
21
233
2
16
283
1
7
84
3
117
181
36
102
203
41
28
286
2
96
5
94
13
242
40
81
36
273
12
83
56
7
75
232
199
24
2
9
231
299
59
37
1
14
254
79
2
17
56
23
142
185
86
16
260
6
12
3
3
1
8
14
77
11
12
24
48
4
80
191
52
46
4
24
102
24
57
3
16
19
18
37
289
52
1
212
232
2
1
18
59
52
1
3
173
22
6
102
3
46
32
282
1
2
15
276
23
204
1
95
3
3
49
96
47
16
154
104
178
93
191
3
8
2
259
7
146
278
19
48
19
61
3
217
1
1
294
67
94
29
88
91
5
3
13
1
4
97
14
58
1
15
127
29
174
29
137
225
4
8
71
2
7
241
32
48
17
3
149
1
157
28
2
3
194
141
116
1
2
5
215
90
2
2
11
11
23
1
4
1
134
215
1
36
23
1
116
1
29
23
6
209
60
108
16
3
29
174
100
46
39
7
1
6
6
110
5
19
121
230
5
1
37
4
197
8
50
68
3
3
45
44
37
19
51
113
2
238
224
1
31
148
44
72
1
1
1
39
200
96
1
105
64
2
208
3
9
53
12
15
209
7
5
290
2
23
241
11
35
131
37
164
1
17
14
43
22
17
2
6
188
19
7
23
32
211
124
1
157
14
281
13
29
53
4
4
10
8
231
1
233
2
16
16
89
13
16
204
134
6
56
231
22
1
46
9
5
5
79
48
2
14
2
1
263
125
213
2
265
24
112
12
32
65
7
3
2
16
110
262
21
153
39
30
24
122
8
177
1
2
58
161
280
8
34
35
139
97
7
9
35
1
180
126
31
33
22
112
52
274
8
5
102
161
5
1
35
89
7
8
4
7
5
2
69
24
25
113
16
17
237
57
1
123
76
109
35
39
232
284
2
5
1
5
1
1
1
15
48
190
8
45
125
34
177
104
7
28
234
2
5
78
144
202
204
3
1
6
29
1
1
1
18
76
14
120
22
27
103
259
1
213
95
4
103
31
90
2
14
49
183
3
123
28
113
4
103
45
1
97
198
12
66
202
92
72
2
182
78
1
123
1
239
70
21
2
50
228
228
2
3
27
230
46
274
27
2
22
23
74
1
3
16
10
1
2
247
196
15
2
145
22
4
36
8
13
176
255
139
20
126
16
179
49
1
152
2
8
43
16
1
16
154
197
9
8
75
8
49
1
294
104
16
5
1
2
2
145
9
1
14
141
39
59
31
62
168
9
4
243
7
12
1
70
63
233
2
118
16
33
48
175
69
43
3
55
89
170
66
230
144
2
27
3
24
162
136
87
1
105
6
35
265
111
300
14
15
47
52
72
3
10
62
40
7
289
3
85
42
1
11
71
4
9
223
5
272
21
20
112
3
24
184
197
9
6
41
72
70
1
52
51
282
115
190
3
4
83
2
5
69
18
2
72
11
31
254
36
66
113
180
45
248
34
1
88
1
22
244
2
89
2
33
174
294
1
46
7
21
1
18
36
182
2
12
257
157
4
31
1
98
153
35
111
283
1
203
9
244
100
243
22
8
208
5
2
36
23
115
17
102
56
19
8
44
11
2
100
118
292
176
10
23
33
8
5
10
272
4
37
2
259
15
44
130
83
5
30
193
7
60
5
47
190
1
89
205
3
14
21
270
274
4
35
3
4
269
20
77
168
37
237
31
274
143
1
96
110
3
128
22
32
198
29
1
48
200
23
1
56
197
1
21
13
11
279
8
179
254
2
66
77
1
40
6
66
1
166
120
12
22
1
135
56
5
1
78
4
106
165
5
5
27
271
3
152
13
134
2
27
88
120
8
1
29
13
162
3
17
2
99
45
1
45
14
10
68
11
29
184
9
1
19
1
293
3
19
2
18
3
55
83
44
14
11
25
92
6
126
30
1
20
113
126
28
4
5
4
246
41
10
50
187
4
230
8
2
139
278
123
4
17
2
21
200
96
41
147
23
9
255
120
4
1
93
27
31
11
26
219
61
4
1
25
70
112
48
39
6
135
23
1
57
171
27
20
259
1
31
46
5
4
269
40
52
1
32
26
171
62
163
43
35
8
8
265
8
39
176
16
266
5
1
12
29
1
8
49
45
162
209
42
39
36
109
4
76
212
4
251
111
197
56
283
287
209
125
254
29
182
119
32
220
120
1
1
286
21
115
8
1
13
3
23
73
7
13
121
102
140
218
40
4
212
1
120
62
155
3
7
212
4
80
294
2
4
23
1
134
1
261
62
138
61
219
2
120
86
120
5
74
12
138
16
2
13
74
52
9
13
10
13
4
2
24
244
113
35
37
169
1
14
12
273
52
2
2
15
15
11
1
16
195
265
1
3
61
189
165
1
50
6
25
34
14
1
