11
9
83
209
1
37
4
43
171
100
71
51
14
13
115
1
45
49
9
6
95
1
4
28
13
69
1
22
238
13
252
23
11
90
59
9
2
223
69
16
40
81
97
5
53
68
5
264
94
12
284
2
88
109
25
4
1
241
11
76
157
20
207
33
9
4
22
21
126
299
203
75
6
218
7
9
58
11
27
115
211
28
30
152
66
6
20
208
1
5
1
24
256
48
75
261
20
119
29
6
111
34
106
64
2
46
3
3
1
29
20
120
4
1
152
232
6
257
2
3
222
26
4
1
8
17
148
151
174
204
106
274
2
22
1
41
114
53
293
1
4
237
30
31
3
140
14
1
38
246
290
1
24
288
208
14
72
37
94
71
1
9
33
25
6
2
26
49
7
202
1
5
226
44
46
133
53
136
6
6
37
161
63
5
4
250
7
105
26
147
8
13
1
8
50
3
12
4
152
77
189
6
1
2
47
32
29
3
16
1
191
1
2
1
217
229
13
3
7
17
141
7
69
88
77
1
15
2
215
44
7
8
134
1
1
8
276
9
1
40
9
5
3
50
10
68
201
11
46
122
257
17
6
6
10
43
264
174
11
4
46
1
109
125
24
102
205
9
49
115
114
16
37
11
261
105
31
21
16
48
2
4
54
4
51
130
23
20
31
10
9
27
5
6
102
80
69
1
2
133
2
246
116
3
229
21
88
1
81
118
106
1
2
40
184
1
234
1
4
30
8
119
1
11
171
89
130
28
219
12
5
57
2
17
87
66
4
27
72
1
71
1
1
206
240
3
119
3
180
2
26
47
2
298
47
42
8
11
144
262
12
22
51
221
14
290
278
20
17
2
133
135
81
6
13
109
10
5
19
8
24
2
158
70
72
1
89
1
17
27
3
2
149
11
92
15
291
163
146
298
17
2
170
1
96
9
14
13
62
117
93
15
106
1
36
70
5
129
5
86
229
1
86
4
50
29
1
67
30
3
208
2
184
5
211
177
2
144
1
64
2
1
152
2
7
63
1
78
112
2
130
2
246
6
68
5
67
244
4
1
123
2
177
71
60
2
3
214
16
23
1
68
121
193
279
35
102
5
2
228
9
230
131
43
42
51
67
9
76
1
83
284
177
13
90
111
1
1
50
3
22
55
15
3
220
8
46
26
20
9
3
67
2
1
1
37
94
225
14
53
26
123
248
24
2
2
168
2
3
14
4
2
142
8
48
186
4
4
11
8
28
178
1
6
146
17
153
45
2
4
36
57
100
153
16
69
1
37
45
21
191
4
12
165
187
229
101
1
39
49
3
3
48
6
277
2
3
77
1
72
7
86
1
85
71
50
15
93
115
29
68
4
187
2
1
5
32
244
5
56
125
2
1
1
104
4
1
2
7
24
174
35
87
13
172
46
152
253
223
180
4
42
2
6
14
15
4
31
97
1
19
12
29
190
140
34
51
6
69
5
184
1
5
4
178
119
49
232
170
75
1
17
13
8
285
56
252
3
12
60
208
177
87
11
10
20
286
1
3
151
29
22
8
160
5
287
1
113
71
91
139
19
2
132
69
264
117
6
35
184
5
133
17
150
117
5
90
2
51
40
179
2
101
4
36
21
8
4
69
7
1
101
8
2
120
19
3
37
3
2
31
1
8
119
11
4
80
99
85
8
1
1
29
2
29
37
25
4
1
4
54
46
18
25
184
157
113
50
30
110
19
52
4
226
181
19
18
19
5
2
94
42
27
109
6
54
3
3
25
3
227
1
141
2
220
24
181
7
57
234
6
63
78
42
34
81
12
97
2
176
23
8
121
17
34
29
1
213
22
2
32
248
176
7
87
247
1
2
58
77
12
203
290
166
100
122
15
3
165
2
152
77
2
1
1
6
1
196
35
3
1
5
12
1
207
90
16
63
218
6
1
5
161
235
19
16
3
66
15
192
23
147
70
145
23
108
177
17
64
1
52
2
18
14
130
14
62
4
8
9
190
11
60
168
205
260
273
46
1
9
13
7
168
32
85
58
63
6
108
21
85
117
43
296
209
1
183
43
131
159
6
270
45
216
60
61
1
24
69
72
96
63
24
173
101
178
192
112
9
2
250
255
15
64
158
4
3
28
6
8
160
123
157
41
13
51
1
9
63
149
26
108
3
98
152
18
23
189
101
73
13
1
7
13
1
5
8
176
20
85
6
115
38
80
3
94
47
141
56
1
5
3
201
1
178
83
12
6
140
24
24
34
173
2
25
3
20
162
3
24
41
246
14
2
2
26
13
5
161
2
237
3
220
138
75
225
13
12
22
4
1
264
3
3
7
15
10
133
133
9
1
47
116
149
6
15
3
72
2
240
52
1
88
2
44
98
25
38
43
106
2
96
3
132
27
215
14
165
1
87
1
48
17
50
20
7
43
7
29
125
76
22
4
266
261
106
68
110
88
4
209
98
1
188
15
