298
198
74
94
19
1
5
2
27
18
143
25
5
25
78
81
162
51
17
4
1
43
6
267
222
72
2
287
289
57
88
65
9
1
268
2
259
112
33
140
21
276
27
5
4
76
226
22
271
15
10
17
8
7
56
32
1
40
1
2
240
109
1
118
250
13
8
65
4
270
43
1
59
13
7
2
248
15
269
130
7
33
53
1
80
206
3
1
70
15
231
4
216
77
54
225
13
57
24
28
6
8
11
70
18
46
63
1
258
7
173
1
21
233
115
130
8
52
9
263
76
151
276
3
16
140
50
9
6
6
37
1
11
66
27
1
6
83
50
76
4
2
36
3
47
3
40
24
50
43
6
1
250
76
50
249
150
35
3
3
41
3
8
78
60
5
111
7
19
3
20
62
6
68
9
18
7
2
4
1
17
15
7
97
14
298
172
3
20
27
3
216
107
1
27
11
12
172
9
1
43
72
131
36
41
289
6
194
174
2
167
145
1
130
95
86
9
1
71
158
127
58
3
1
34
103
84
33
87
49
1
10
39
11
1
2
9
130
10
13
187
33
38
140
1
10
241
85
1
1
191
1
37
277
3
41
6
16
194
47
141
14
1
211
12
129
86
1
119
300
175
2
44
110
128
255
55
3
3
15
44
47
170
131
17
30
8
282
17
5
20
121
1
16
6
23
263
14
23
118
1
1
6
107
31
13
185
10
124
1
199
2
27
192
27
214
270
80
97
154
110
91
84
182
15
87
1
211
10
35
214
13
92
8
5
4
9
41
1
178
123
142
156
38
4
73
92
1
61
197
40
157
245
18
9
31
44
68
6
1
2
23
30
185
5
264
26
19
4
2
121
265
144
1
63
230
19
27
42
3
7
63
3
5
257
29
5
30
20
198
44
178
2
56
6
31
269
293
2
233
20
2
259
155
3
80
162
11
9
83
114
171
1
1
13
207
72
44
8
275
29
1
240
135
1
5
96
6
31
1
6
187
4
2
2
33
272
3
91
24
30
16
2
1
107
7
2
45
125
139
7
212
147
3
17
34
82
264
101
1
130
27
1
217
54
55
169
166
1
48
130
43
22
1
7
3
24
105
27
16
35
106
42
2
5
1
3
195
23
44
21
1
122
212
6
68
188
4
12
219
8
40
28
72
3
100
1
28
77
2
5
4
18
132
18
27
3
5
30
94
41
30
28
24
42
135
21
9
2
131
132
30
90
70
75
185
277
64
1
36
1
5
7
17
4
86
240
3
46
121
146
151
2
200
216
36
12
217
23
77
238
159
108
149
218
12
2
44
14
20
140
155
239
28
12
249
3
16
2
204
21
27
6
94
185
58
276
3
48
35
5
138
119
30
6
25
151
1
10
31
18
286
16
94
64
56
12
30
1
195
151
50
25
18
26
176
4
208
2
14
5
170
6
26
7
2
279
3
32
31
1
3
55
47
1
14
120
72
85
31
209
144
220
232
2
97
171
54
3
5
1
75
3
21
14
95
16
159
141
4
138
95
224
149
40
103
12
194
135
113
22
2
168
1
100
80
2
222
291
8
6
181
2
74
83
20
256
92
33
7
196
121
110
3
4
127
45
63
47
124
141
78
8
124
86
1
106
223
114
98
1
151
28
59
293
270
180
131
12
1
25
4
205
2
206
37
6
65
1
4
11
8
161
1
204
1
240
10
60
183
4
138
56
142
221
56
3
89
13
1
64
21
1
27
142
7
6
1
27
140
111
25
81
59
238
83
145
277
41
227
184
189
1
207
17
29
1
74
13
3
23
87
3
18
1
95
116
72
223
284
280
104
1
33
25
78
12
18
16
1
120
2
14
10
178
51
14
21
71
10
3
17
21
63
169
34
299
2
15
19
43
12
28
7
3
117
234
1
96
10
22
13
9
10
6
85
86
170
9
64
4
40
2
28
28
1
133
296
46
187
2
1
209
280
94
256
39
139
36
3
6
80
57
238
40
9
2
41
296
111
22
4
198
4
14
20
73
12
7
5
1
260
1
130
95
70
16
60
4
2
40
1
118
1
7
19
22
49
40
29
170
55
3
49
11
111
11
214
6
5
11
99
3
8
69
111
2
8
275
26
65
57
59
26
63
2
1
120
43
200
22
1
56
12
44
176
106
6
7
5
89
207
240
16
17
259
97
23
16
5
83
109
1
132
45
21
108
23
26
181
15
248
2
53
26
6
3
1
293
100
8
1
9
79
1
11
4
17
73
277
110
1
20
2
188
107
134
1
8
10
56
4
76
224
14
5
142
298
69
3
231
214
2
165
1
5
2
17
4
86
29
2
8
118
141
293
171
3
27
1
10
181
235
42
54
27
10
58
22
63
1
3
28
274
4
1
1
8
9
42
188
1
11
2
5
248
6
2
9
21
205
112
1
13
38
7
189
49
22
1
21
35
20
218
41
29
3
23
246
1
110
31
17
51
1
