540
134
824
1170
57
691
922
296
376
1480
249
129
521
1655
2043
857
2221
143
1905
171
953
2329
665
531
1268
758
883
51
2041
297
3
884
2191
1256
107
534
731
234
154
479
2260
103
2429
744
297
336
1100
3356
1188
1456
772
461
714
201
616
1143
1172
1486
3252
531
131
1551
496
1530
205
845
927
6231
1104
423
206
1650
1398
172
1245
1650
906
1341
248
2335
377
229
217
957
431
179
494
241
1628
831
3080
1641
953
1341
460
336
225
1107
1622
87
1676
2780
79
896
14
3
2181
128
589
1732
485
337
810
2655
361
1638
296
1914
188
1305
837
506
2173
327
1177
233
235
1282
1134
16
903
4128
146
82
126
1428
1699
3757
1524
983
363
766
125
173
1147
1353
4046
80
78
731
3133
702
133
3347
1533
772
2911
9
1000
1729
458
1279
520
443
3595
444
29
1225
1291
1880
2
1128
605
3055
801
254
1455
600
802
1159
835
578
3894
464
836
106
53
699
466
1306
581
848
2372
1550
1264
2373
3799
918
2363
86
542
2403
3187
408
1190
100
1233
1985
384
6
2910
787
1548
1458
287
4979
1915
622
390
1032
986
369
681
2573
2066
649
95
907
349
402
106
359
1982
1670
370
63
168
255
1200
1780
330
813
449
506
390
505
692
1715
763
1410
574
1760
1486
761
775
131
3995
276
1362
1194
414
425
6383
2038
174
1480
954
121
1214
39
890
726
161
1350
1923
495
332
1124
99
2240
1654
127
795
191
427
483
470
683
330
1445
261
2897
113
213
105
39
2524
687
113
2254
592
737
889
2628
1599
105
304
265
3023
610
1844
911
554
1565
4456
31
676
895
1419
203
2616
618
542
1239
431
168
316
433
859
2573
865
1765
2940
260
939
585
3083
4791
807
2921
683
32
1038
1052
802
248
513
2490
290
286
1568
417
595
3934
1759
205
2546
975
84
714
82
88
887
170
302
1761
1430
1924
1095
450
4595
782
258
2887
1795
102
24
86
60
217
230
2813
659
718
2208
185
1004
21
527
236
732
598
410
3947
517
174
267
635
292
714
382
1689
1803
1368
420
1019
12
42
675
1472
738
449
1377
877
917
1501
1039
525
303
759
641
798
786
678
5812
507
622
1105
908
302
42
454
511
950
1098
2300
764
338
1768
829
1317
262
381
1637
397
352
201
651
1167
838
1552
1098
890
345
2061
9
140
1295
1857
362
545
80
440
386
456
2172
247
298
1074
600
987
1078
42
402
216
733
748
2392
2
589
336
112
1960
181
363
336
1040
4231
958
803
2910
90
76
165
316
862
122
351
186
2125
127
357
581
5559
2314
909
547
1381
711
717
24
583
140
393
2162
109
2135
1074
107
775
216
874
1092
3559
308
2572
439
910
1083
1726
2481
540
476
1071
1147
90
1150
2355
190
100
858
1992
157
1561
117
361
357
354
499
3200
284
1195
2448
870
334
1633
528
2543
810
393
1083
5074
355
1857
2137
20
1401
2066
1655
1142
724
388
653
867
3914
1045
134
246
1797
213
445
310
502
141
1205
1105
1616
1638
513
2461
1341
41
1559
191
520
1320
797
2945
74
1730
992
1476
1793
185
1790
131
712
663
626
1121
503
254
250
155
200
1103
4754
495
2984
3122
1437
570
1332
1100
1414
413
142
146
492
498
1048
787
508
1106
3
1003
1955
9
2031
34
3295
4334
3716
920
199
2092
469
1481
487
288
865
114
548
648
1321
613
1840
695
1694
6
93
579
702
988
222
518
1322
689
373
1544
7
1927
358
4687
225
3054
24
588
544
985
265
48
1529
457
2577
1156
521
555
2240
1610
873
54
515
602
242
971
2954
21
964
394
84
1229
1266
1282
1145
115
360
575
688
167
1451
281
565
129
2863
1069
1560
1647
3735
2542
2269
1854
454
247
720
521
369
827
2582
1089
34
835
486
440
712
1765
579
30
248
325
925
30
1110
443
228
7794
976
3249
488
45
2166
2396
1383
732
65
1723
782
35
759
1974
350
1739
2242
606
1101
4455
325
625
1511
1120
333
664
638
700
458
1555
271
616
1026
201
195
2626
1498
640
1660
2446
113
241
1693
1864
587
145
425
923
795
584
541
332
1142
208
1439
489
1375
728
582
2683
742
117
617
220
61
871
10
1409
1041
54
598
395
684
333
305
922
275
34
2187
446
516
1977
126
393
6029
229
125
364
90
929
1120
200
191
5609
1507
494
363
3110
451
263
1100
151
2041
2254
10
560
1045
731
2187
838
1395
1128
668
69
1476
307
170
2500
1422
240
784
1406
679
1970
252
429
304
2
193
493
460
132
1600
816
1580
580
7
241
516
1571
738
680
625
278
838
1248
162
1206
1162
757
353
1356
187
68
41
384
319
2026
926
33
2446
338
298
3501
321
920
1598
933
883
176
746
1305
212
1210
1380
84
1460
3632
251
727
907
1193
1343
306
1100
671
383
805
572
34
403
585
103
1131
1250
1045
5938
235
2941
468
184
817
1061
107
375
1433
253
800
3149
39
2
637
363
270
88
121
1416
155
3188
1023
1413
291
110
766
162
1048
1415
535
1354
955
20
238
841
1480
547
100
50
197
132
710
1377
854
291
1246
1270
766
415
1139
746
505
3599
604
2518
83
85
405
2818
404
31
3
979
739
67
1553
542
2285
49
196
381
83
1502
405
298
821
466
1680
1671
90
1511
154
292
5568
236
103
352
209
2153
121
1008
1078
1064
694
489
325
1130
477
821
1445
987
814
655
1026
871
130
567
837
211
915
99
1779
1379
494
2271
56
4604
2069
1388
2808
1788
1115
2112
550
65
79
633
330
2330
1039
866
