1622
301
316
736
900
1333
3833
831
2001
280
645
3309
1354
211
3267
653
445
406
877
978
388
418
232
423
625
126
154
1316
1459
897
552
3090
2340
3383
1476
2668
1836
53
757
925
1308
455
2369
889
2207
694
261
29
1190
317
701
857
1441
1476
687
271
844
193
1912
611
390
1911
1406
1603
219
693
1144
143
218
1913
8
1328
1171
314
1056
1168
363
1392
1279
1376
1275
331
1591
232
302
1014
1715
375
2406
292
2448
1425
2192
224
14
596
2058
636
512
61
1675
1177
4
2915
1877
366
998
2019
674
3800
61
1290
150
419
671
2374
778
95
1353
816
1842
1271
889
778
839
752
2207
1476
674
445
3760
442
2226
3258
759
8
75
420
2602
2977
215
603
240
236
271
615
142
2166
180
94
1404
901
903
686
748
111
1921
112
67
192
1621
2436
1992
341
826
794
1241
453
314
3503
182
1
752
1105
398
1149
723
260
1717
39
184
1802
854
2561
28
1422
20
214
2962
483
3495
317
1260
635
729
134
1103
575
3600
89
354
715
1697
520
74
1258
1462
618
394
210
1916
250
302
163
1451
2104
157
414
2005
2091
1496
434
501
1057
316
366
319
1756
74
213
372
956
892
406
4638
877
148
808
4196
1339
191
845
638
3461
149
175
3135
722
1312
513
1950
82
410
348
4354
792
1893
785
399
109
197
249
1634
1361
571
1167
407
2334
1188
753
2525
203
1312
1357
1331
715
5212
197
1112
57
15
1210
2008
2199
1177
873
852
25
111
681
1232
1112
53
26
761
1470
977
137
904
199
1222
1385
536
139
506
812
227
375
454
303
75
1300
826
1724
907
837
2195
363
1867
41
120
2611
1668
867
2305
1234
207
946
3109
63
1524
93
2776
238
105
36
1373
963
644
94
650
439
1212
1360
368
2723
139
741
593
2407
1327
1425
233
63
459
757
34
3484
1182
3704
936
935
2794
4179
211
1023
439
124
847
749
1452
4323
2687
18
332
1208
1332
4465
813
9
535
527
52
656
428
800
992
99
1228
272
69
706
489
228
371
1326
1476
719
473
840
463
86
124
828
532
334
1600
651
1446
412
988
290
2912
523
904
2440
770
972
1411
906
1857
545
327
124
796
1302
29
1040
278
124
929
12
500
1619
440
851
336
787
682
94
267
5034
625
314
854
549
1266
2928
2193
2957
875
2340
544
2044
119
111
3206
339
1945
498
159
2579
1172
1246
81
710
1069
497
1411
2410
2510
1527
1082
47
2434
1100
1030
149
4142
4942
1597
2008
2350
1125
3967
312
373
1864
451
1685
198
106
502
1399
865
285
262
194
1343
1437
227
648
535
162
75
1262
446
1418
1012
367
461
681
461
253
1510
693
1860
278
1170
2308
3130
1255
2117
351
1693
3060
1254
1394
1731
653
1101
200
1179
1273
951
465
16
5212
244
3132
739
1509
2285
3203
340
803
937
921
1005
91
1488
4557
133
1320
49
518
724
783
339
3927
1922
601
393
813
286
378
136
1230
678
1119
357
619
182
340
2110
102
3103
1379
273
714
170
64
51
1321
308
913
361
295
272
1984
2658
1905
278
4118
326
1664
492
1033
1574
4659
196
387
1030
63
703
770
1316
2860
174
1564
756
1265
437
481
1951
1784
3086
451
449
566
11
1334
109
374
475
71
193
1540
1349
974
625
307
591
495
333
1082
2223
2460
63
713
501
860
175
470
3035
1559
1822
718
1601
337
859
383
1253
2501
40
2100
2179
4482
2147
857
1965
645
775
2066
2999
299
2475
977
540
95
179
1519
299
1042
490
453
486
631
307
1291
1642
869
1719
416
267
433
98
164
2205
665
566
262
143
821
3711
155
1104
1186
661
813
1322
1798
3621
709
21
674
3431
657
398
154
8092
4703
372
126
184
17
667
3125
202
370
169
3944
164
89
28
753
1451
988
173
173
68
437
860
2462
1263
90
1849
2867
2501
149
462
881
883
3812
4268
1261
1819
438
529
1511
1150
1547
288
1398
1989
68
1577
1034
126
5712
195
318
2188
4203
1782
896
2086
163
103
610
363
3463
2058
1724
815
758
841
887
221
1433
3567
390
831
1524
456
318
906
689
2
2834
2270
503
116
714
670
85
398
713
1307
697
1972
585
3996
158
2136
636
1050
115
1377
211
543
140
964
664
79
25
979
2383
844
1077
163
1226
317
820
716
215
1108
1308
795
945
63
239
265
91
100
879
718
274
401
3845
531
1431
823
1065
745
1250
99
1530
2977
948
258
1162
1141
372
1094
1595
38
260
867
121
215
1065
411
36
1444
347
753
851
377
1747
1478
1942
928
775
2255
3367
441
52
179
385
958
296
711
46
3974
1238
1464
450
544
2266
730
231
798
4
693
122
3026
1136
3074
934
614
626
502
581
230
152
1429
472
3157
147
1614
2607
259
2104
7177
607
512
1180
57
192
1061
3097
1321
632
4228
948
687
304
351
2551
15
1023
1522
23
91
2055
1263
177
99
419
90
198
656
1619
841
105
65
137
142
1018
55
1176
502
435
1251
122
112
1660
678
895
278
3447
2409
182
968
3517
464
474
539
566
629
1098
3449
1360
333
26
2895
211
267
1476
543
139
1445
880
375
245
631
485
363
447
1012
41
475
1477
806
566
1
1200
598
1366
2778
1539
185
41
4999
586
107
210
418
1345
1861
1739
29
2386
2101
312
79
2884
800
1903
231
1137
3319
546
1190
1654
475
233
2827
190
4270
406
322
530
461
1775
3390
115
1310
1793
905
1710
1310
92
373
877
358
837
505
12
279
3266
823
260
168
300
234
1387
1647
343
1880
3262
848
1349
406
1390
3707
1026
115
1520
472
632
217
636
430
