694
1068
992
585
522
777
858
119
1281
2057
354
501
725
734
126
2454
11
210
678
1574
338
2370
233
296
1608
110
946
481
115
796
2203
354
47
887
206
598
107
438
2640
1271
2842
1213
241
268
1230
648
242
1932
1044
1180
3924
660
352
1067
374
2156
254
1314
398
235
677
457
1370
858
872
2537
67
63
4098
1137
1863
477
865
281
303
210
4529
717
792
936
1330
1510
2592
309
593
2261
1525
1069
284
3986
222
1259
1243
853
2745
488
1384
832
310
528
175
369
178
12
199
1072
447
2184
1137
316
628
435
1104
503
1057
619
1095
1068
1047
72
3364
635
28
3313
1681
2404
2051
893
281
925
1065
523
967
4981
1143
965
5769
693
598
3893
496
659
2243
2471
1089
2390
2630
381
720
244
1049
394
459
164
1745
464
286
61
839
681
146
173
127
1545
1689
26
373
143
479
3358
744
5353
131
746
6162
76
655
2944
2048
1373
2667
1894
182
337
369
1098
389
691
2219
3361
45
951
1409
557
222
321
1152
932
1289
156
249
2050
196
44
71
402
858
312
276
2896
1335
1444
1492
527
955
494
469
2536
489
390
292
1624
789
1044
1342
634
1091
151
2355
757
390
1753
2992
600
1612
810
453
387
442
824
279
3651
1532
188
256
1018
1498
118
1213
1560
269
1035
293
814
909
1407
1016
306
2013
861
1092
104
466
107
586
287
989
153
1556
926
2706
1609
115
1222
864
962
593
200
1150
801
1145
206
635
927
4614
867
93
74
1710
538
1237
1276
105
1522
65
635
457
2381
750
32
1368
10
1099
432
283
565
532
317
320
298
1437
2847
1326
159
186
3815
2690
522
51
866
219
736
583
379
587
122
992
460
1645
605
921
195
2258
531
553
2196
93
692
1898
1471
1837
3816
4176
49
142
1402
696
1605
140
271
785
1307
191
497
328
290
424
227
678
1492
1824
1825
604
1401
2916
11
1034
430
3650
230
1282
2133
50
1643
82
333
202
525
969
1771
895
1969
1226
2803
1039
245
1313
164
2450
761
76
356
161
112
405
1873
134
429
54
1289
1400
1084
50
709
2786
330
731
1637
646
1709
111
874
1532
2149
2943
614
4237
444
1840
2304
693
83
361
871
4007
1112
1687
26
677
1304
398
1559
2125
62
624
104
998
278
147
357
345
1550
438
176
850
1299
1277
1199
330
1319
2316
227
1636
478
1697
24
372
347
2390
837
767
302
1307
399
239
557
120
623
627
548
756
724
476
554
150
5145
261
292
183
1093
969
301
570
113
181
457
774
115
567
150
1511
502
175
77
2351
322
923
3438
2617
1331
996
1200
56
455
669
829
9
5973
1466
207
753
602
461
271
544
396
1072
186
1948
916
274
123
546
1495
278
1750
1663
51
2945
279
3042
411
1082
3674
346
419
997
967
87
1302
614
1072
1960
2851
2321
537
4023
76
2300
756
1350
1476
2039
1355
3461
856
729
606
781
83
1275
2509
14
1261
571
426
109
499
246
2234
58
682
629
2369
222
429
145
1491
408
4849
803
122
52
172
1514
741
83
1342
1035
1000
179
5
1060
190
155
481
602
1721
1171
334
566
795
94
3161
93
1751
507
2484
122
331
597
665
743
1768
419
1224
29
321
1895
487
3364
634
1394
227
117
1131
780
1573
447
3762
664
312
287
597
115
1586
4407
421
285
1268
305
628
29
1186
20
314
416
139
707
1996
1687
296
44
307
265
922
482
5056
864
2833
311
109
1693
450
2246
141
692
23
520
244
766
11
137
1750
465
129
910
2080
198
733
455
1043
4765
1523
3521
203
815
1644
1518
1354
826
1851
12
2184
42
50
402
187
549
737
176
2062
1944
940
2540
1264
43
1338
761
1124
2917
344
2096
2509
2280
839
1621
436
1011
2432
1133
468
148
218
740
137
109
101
34
802
381
148
1436
442
573
2387
72
352
1803
1449
28
363
1939
942
1900
2078
1102
2596
819
336
8
92
680
3117
178
1245
1999
1743
239
1295
1735
504
1416
2646
1003
1283
2751
3451
4726
140
641
1893
1735
3252
400
481
286
221
435
174
60
31
798
239
628
1089
2193
1179
1544
1443
1066
78
591
1
602
422
243
1
37
954
1044
1584
468
1407
853
1915
19
258
501
413
1081
1546
362
536
1724
1451
382
1210
825
897
647
119
198
1242
256
633
903
2155
2384
69
5706
560
5491
1056
61
295
399
333
481
1172
893
675
989
358
2518
0
1266
1462
574
2463
286
252
688
16
100
544
376
14
733
1233
2487
477
3530
255
1203
1195
2365
1288
2408
581
2286
4
296
908
3584
382
617
2379
1357
958
1885
1135
1121
1298
583
1313
1233
196
4732
979
18
704
3398
1424
611
3219
601
276
184
588
1004
1018
1061
55
433
356
1701
520
104
628
1392
625
2093
3454
632
494
829
1388
392
186
579
638
356
2790
225
232
943
548
615
3956
490
203
1453
2102
1523
68
618
2829
148
1668
626
108
327
314
309
511
76
979
559
2456
410
532
614
2451
512
217
669
1254
2402
67
1778
753
1500
2142
113
731
4635
1702
1627
130
191
525
178
619
228
1385
1071
714
1315
3377
1668
965
667
3556
1229
1683
784
1099
451
657
2391
283
453
309
484
197
359
10
614
12
455
320
1020
5596
1854
98
387
953
1085
532
1106
119
535
286
1418
206
2416
296
414
4018
760
198
1296
896
577
694
1217
47
150
175
881
616
397
2161
610
2395
1527
479
921
118
768
487
330
64
411
522
1070
113
315
566
2017
525
442
1084
374
421
799
464
362
499
1162
1146
1265
251
911
330
810
3670
178
504
316
590
288
506
3246
