1
1
126
5
45
179
3
1
270
6
13
13
130
4
91
276
152
121
1
67
132
33
7
222
275
6
202
236
14
69
135
89
17
43
2
228
51
291
10
9
4
6
37
216
18
1
90
110
3
14
7
4
116
199
6
120
272
253
34
53
82
88
104
106
294
92
8
288
30
78
158
188
150
3
1
12
1
84
249
49
112
2
155
37
14
16
109
1
48
4
242
48
15
14
52
123
54
168
138
66
279
8
12
108
2
73
45
172
56
41
1
66
7
155
75
248
112
10
120
38
121
24
63
1
12
209
17
128
109
9
21
36
6
102
110
15
3
147
18
5
1
21
48
26
1
244
5
197
2
210
289
275
2
7
88
3
2
15
12
109
109
8
53
152
66
3
47
63
1
35
31
59
1
22
27
6
10
132
48
100
15
60
20
128
3
194
67
81
53
78
12
18
202
9
31
9
21
1
12
141
141
2
4
104
47
56
217
21
109
120
13
6
78
172
154
1
10
65
280
24
199
29
112
176
14
1
196
152
196
5
56
73
15
8
7
1
82
25
181
7
14
4
3
178
232
14
50
95
54
3
215
11
1
5
21
2
187
235
11
147
169
8
39
210
67
25
56
11
115
56
46
1
14
10
31
43
127
203
2
279
18
125
20
16
40
96
3
1
61
1
28
1
86
2
9
36
28
9
166
2
20
23
5
7
4
2
6
10
1
8
2
9
6
291
69
10
3
42
1
5
96
44
188
132
61
280
227
243
23
219
160
267
100
2
50
1
1
21
7
12
11
27
240
24
256
127
9
4
1
10
6
35
146
78
191
1
1
134
104
14
13
18
126
115
19
1
97
3
7
39
19
154
6
9
30
6
4
49
6
1
4
31
16
5
66
135
129
91
266
5
265
36
148
21
9
22
245
14
106
1
108
108
19
72
63
84
139
119
6
2
40
80
197
2
92
26
17
187
1
27
33
97
34
94
38
6
40
48
21
11
2
218
1
197
1
148
2
7
17
2
1
125
42
37
114
126
7
3
4
1
102
131
209
2
1
29
160
1
19
15
5
10
1
1
51
28
50
1
19
80
47
139
182
231
1
87
80
13
1
19
4
1
3
1
51
297
295
1
173
6
25
72
126
258
38
1
50
23
6
7
2
4
34
43
221
10
8
4
4
22
7
1
8
1
13
20
7
253
29
134
49
7
32
25
35
19
44
15
3
20
7
3
1
83
198
3
16
22
13
29
44
161
3
6
6
257
138
207
18
9
1
255
36
69
13
6
50
40
22
42
1
55
15
8
198
2
11
3
54
119
12
166
28
167
99
73
5
29
11
19
4
20
75
1
34
7
1
161
295
2
3
1
291
275
7
11
293
4
173
221
12
37
254
222
103
13
213
1
11
2
156
6
14
287
75
2
10
179
81
3
2
56
10
95
27
279
3
65
32
7
3
19
110
1
17
6
32
33
1
1
1
4
76
289
17
99
15
127
7
131
60
100
2
75
60
294
59
235
10
10
253
2
55
6
5
1
143
11
138
2
1
130
300
2
1
20
4
4
25
15
82
30
92
25
8
18
78
19
171
174
1
35
88
30
2
3
128
1
1
3
242
265
3
1
11
36
26
6
259
2
16
61
54
229
17
2
26
50
14
8
146
141
33
80
4
3
91
282
1
112
169
42
1
32
3
117
12
97
113
90
6
106
96
39
112
142
5
1
36
8
213
10
71
7
70
1
104
5
14
59
6
22
10
1
1
99
13
206
8
242
6
150
7
25
1
140
7
5
8
127
1
1
53
22
1
113
2
1
76
149
19
4
190
12
23
4
4
1
1
144
40
38
8
8
1
109
8
116
125
13
117
66
2
10
4
72
20
39
58
1
10
73
36
64
170
51
35
152
3
121
5
7
129
222
60
176
119
13
1
79
288
2
2
281
22
14
50
256
22
77
207
100
6
37
16
15
16
2
85
7
25
2
120
20
26
89
186
155
3
83
145
151
1
20
17
85
100
3
198
188
177
141
42
6
113
195
7
215
4
1
11
101
2
177
241
32
5
152
63
185
3
16
2
240
65
32
1
25
18
101
7
1
19
101
1
15
37
1
113
61
1
68
243
187
61
21
63
44
84
143
199
174
204
7
14
56
142
1
40
228
81
19
3
16
64
33
157
124
292
172
7
1
9
29
4
94
36
178
3
3
9
225
3
6
2
145
1
294
60
266
273
290
3
17
1
41
20
117
3
57
1
152
147
174
142
189
16
94
17
1
56
75
58
6
40
4
13
5
82
1
210
1
2
15
81
4
6
18
15
194
32
286
48
37
18
24
2
126
110
4
19
27
45
48
25
4
78
128
122
256
7
236
12
5
1
37
146
189
25
1
24
38
7
166
39
40
95
66
116
62
21
136
27
65
166
119
3
2
2
3
3
6
5
14
236
4
1
221
79
104
62
161
6
15
128
