98
190
67
44
86
1
2
4
2
45
5
15
2
8
3
9
69
14
48
110
299
3
6
72
3
2
83
32
18
135
104
160
4
140
279
145
17
13
10
7
71
152
15
16
84
13
2
193
26
26
32
13
97
125
4
30
6
1
133
82
143
1
62
65
3
244
8
88
54
21
11
80
101
17
197
1
1
7
137
39
1
89
129
98
2
45
9
299
187
14
26
5
9
71
157
20
2
152
2
17
7
1
163
125
1
95
218
8
1
2
4
167
52
1
195
26
24
198
20
36
10
65
40
275
8
188
4
68
1
22
2
44
1
2
145
46
39
4
183
42
1
71
15
65
44
125
60
3
23
4
58
152
283
144
33
219
90
4
2
1
42
5
286
1
7
93
104
13
22
1
56
19
111
19
73
18
3
33
130
12
81
38
44
14
3
98
275
19
14
19
12
251
2
14
22
26
13
10
79
159
7
1
121
68
11
42
101
150
150
153
21
4
40
40
243
3
93
9
1
3
50
169
1
194
41
110
36
21
20
134
15
1
40
11
84
7
230
8
115
255
68
47
215
225
26
283
9
28
258
43
17
2
109
289
2
9
42
138
6
188
220
113
6
63
232
36
8
14
26
91
167
55
57
192
17
12
3
7
12
1
1
1
27
6
41
155
1
1
76
127
240
2
5
37
51
40
7
18
299
1
8
1
38
1
12
5
223
23
122
154
213
3
15
19
68
1
154
3
159
9
22
62
24
8
254
197
72
35
4
93
109
2
79
17
4
284
5
15
136
216
8
6
289
14
136
117
45
158
6
161
35
247
124
120
1
74
1
52
1
6
72
1
19
5
4
236
1
1
78
2
3
33
104
13
6
97
61
8
292
14
72
20
91
2
153
180
2
1
19
3
299
106
55
15
26
220
169
16
2
93
3
60
142
1
1
29
149
50
283
20
3
172
4
8
9
257
31
50
2
209
208
2
1
176
9
14
6
22
80
21
5
237
200
78
1
103
33
189
192
1
2
7
3
82
120
12
33
42
207
18
223
3
33
227
169
146
86
1
15
1
69
2
3
3
268
73
255
16
5
23
23
185
8
104
9
224
147
141
10
11
1
38
136
12
110
27
35
1
2
167
3
124
1
4
73
7
83
9
19
12
22
256
51
63
3
6
225
2
1
1
118
19
2
4
251
9
115
2
204
4
32
3
40
11
60
131
12
27
3
49
299
1
23
68
1
76
9
17
4
7
7
148
2
292
8
190
17
56
20
8
52
6
89
221
94
1
244
131
220
14
37
29
4
77
4
10
104
14
30
280
25
41
1
5
233
203
21
59
6
3
77
5
57
1
177
16
244
50
177
272
1
3
41
12
183
97
60
42
11
120
3
288
194
165
18
59
48
4
79
6
124
119
6
5
5
99
75
58
4
21
9
25
4
1
71
2
24
8
22
189
2
62
40
289
81
206
166
34
28
7
2
120
189
1
61
34
15
1
126
96
184
134
3
2
95
1
62
9
175
47
119
166
237
284
5
2
53
1
251
231
32
31
1
2
286
6
9
2
290
1
84
207
2
1
9
35
74
14
57
80
27
257
147
74
17
3
2
256
178
248
6
124
2
275
120
7
2
13
44
212
29
166
177
152
3
37
38
2
239
39
11
1
11
27
2
227
3
2
22
1
68
124
5
3
7
3
272
206
130
160
154
112
253
7
31
8
14
203
131
54
7
34
49
199
239
27
179
6
17
4
73
149
2
53
82
3
1
4
13
274
14
107
3
36
3
3
96
62
130
1
7
99
33
35
22
2
15
37
5
21
146
33
27
2
3
9
2
18
18
3
1
158
147
1
42
21
7
285
7
127
31
16
65
138
27
116
4
1
163
11
19
5
240
4
95
1
154
2
108
32
15
11
147
53
1
1
196
68
7
185
2
16
2
19
141
23
7
49
287
2
26
1
178
5
19
2
76
34
1
127
4
297
5
296
12
1
10
47
115
88
1
275
71
230
24
4
28
7
4
267
7
7
281
8
119
68
261
222
20
61
7
2
11
1
232
58
38
230
2
12
96
70
157
105
12
14
2
1
259
1
80
24
178
41
1
1
217
54
138
81
27
3
72
24
2
48
17
10
1
16
2
37
103
19
66
31
39
4
10
14
23
91
6
172
2
1
15
18
2
14
165
155
58
111
23
235
24
8
129
10
2
21
74
284
6
1
1
3
5
34
5
13
30
79
3
6
10
7
69
117
35
53
71
12
13
26
114
16
8
1
4
10
58
39
135
127
32
2
297
3
146
14
97
64
28
49
12
8
105
24
203
38
9
75
156
37
20
113
14
114
228
28
59
189
82
23
197
146
10
103
102
184
1
101
1
68
162
1
19
8
55
137
43
77
115
257
3
7
231
4
62
265
48
153
59
131
15
27
7
20
262
27
260
243
3
48
64
150
7
25
4
168
258
5
1
