6
201
71
6
93
15
2
11
33
22
143
1
136
34
8
174
116
5
114
57
8
152
98
2
58
1
128
32
195
2
75
1
223
213
223
139
5
40
3
86
55
28
79
11
95
18
40
101
5
160
51
65
45
279
21
99
175
7
2
51
59
15
19
54
66
5
32
3
155
5
1
1
21
18
3
32
46
78
11
300
51
11
192
2
17
154
13
1
94
6
6
170
91
209
6
55
298
41
91
89
4
243
41
276
4
201
4
106
10
118
241
72
50
287
2
49
8
243
54
2
148
8
106
21
2
20
104
4
1
1
67
2
67
4
51
90
1
67
170
17
244
104
164
2
11
64
86
108
62
42
2
6
84
235
74
19
125
6
274
77
18
35
18
101
2
1
19
184
38
169
59
213
24
158
5
43
33
24
3
146
156
114
2
226
6
14
43
5
4
87
195
5
173
74
10
79
126
33
145
160
33
3
189
57
1
9
7
61
1
211
103
11
22
77
33
34
8
294
123
72
3
280
4
3
17
3
40
1
276
84
26
84
70
160
257
82
2
156
66
242
79
12
51
24
156
1
55
116
90
2
1
290
1
181
14
140
119
127
102
95
70
238
1
41
4
16
7
60
5
12
78
11
24
2
229
274
129
130
34
2
131
1
51
98
158
8
39
152
280
41
3
167
2
14
165
28
71
40
10
7
4
21
18
104
2
127
237
10
10
61
279
96
285
2
156
51
3
4
41
244
3
38
7
139
28
226
270
46
61
1
28
12
3
17
189
35
99
226
57
16
13
38
254
2
3
1
247
1
84
114
34
222
24
97
1
26
2
74
113
1
217
228
187
42
35
8
97
293
112
267
13
12
163
271
10
192
112
2
15
5
117
3
4
13
4
38
57
72
19
51
1
144
18
252
8
130
275
143
37
10
74
228
83
188
40
239
56
46
15
5
3
20
1
217
22
128
132
8
28
295
59
13
7
2
140
36
2
4
63
299
58
11
272
59
246
27
41
240
12
198
179
6
7
128
1
4
4
91
19
259
3
14
1
100
20
4
11
84
116
249
2
287
3
16
83
7
31
221
22
117
1
14
1
2
44
8
30
2
2
210
13
28
227
208
1
204
7
63
14
1
195
1
3
10
5
1
8
279
21
238
1
3
237
29
15
42
215
70
12
248
14
15
1
3
9
263
10
27
1
26
294
4
39
1
3
44
253
169
127
83
214
26
1
9
2
14
3
22
184
3
267
4
38
17
83
9
199
90
9
25
20
55
20
18
49
289
15
2
6
9
55
97
189
46
185
121
255
170
25
105
253
19
16
3
149
4
16
14
9
2
5
253
3
12
7
21
18
291
1
5
16
107
29
202
1
15
67
257
258
217
94
187
81
292
10
27
10
44
2
29
3
189
79
9
1
14
33
203
2
34
98
207
21
131
18
219
44
14
64
256
49
292
24
19
79
69
1
247
198
22
138
19
18
4
232
42
22
2
62
38
3
51
143
237
27
44
188
187
11
138
1
85
1
3
4
1
24
58
29
121
6
39
161
29
247
132
2
4
138
194
5
15
26
20
3
49
229
153
3
48
3
220
226
22
1
8
68
136
3
30
201
30
1
240
17
98
22
2
121
1
35
2
4
22
78
6
3
2
184
97
64
1
1
29
12
106
4
1
2
78
151
31
268
10
16
1
53
16
78
7
13
59
1
31
1
80
2
25
4
2
37
1
39
50
6
171
25
2
50
43
16
18
69
136
3
68
112
15
2
31
81
44
9
57
19
119
5
62
41
94
92
2
93
2
195
127
10
2
1
246
17
1
1
146
15
6
25
241
48
8
1
47
43
6
8
23
1
26
196
5
1
5
120
274
108
29
13
10
171
5
14
11
2
159
67
2
5
15
67
178
63
92
22
61
15
63
1
11
5
53
42
1
14
41
223
186
15
5
2
68
11
106
74
2
43
80
117
2
82
4
11
25
75
99
19
55
3
39
3
2
258
59
213
173
163
6
160
1
38
68
64
3
20
38
1
2
173
67
13
10
129
50
34
4
1
23
9
1
1
6
82
66
258
98
156
1
3
7
2
11
93
25
6
4
118
13
166
135
8
22
124
56
5
14
128
90
3
28
11
261
43
84
5
38
6
140
10
3
225
6
24
31
97
271
141
95
282
106
84
65
98
290
61
193
9
31
1
1
169
283
1
37
114
184
34
213
27
23
7
3
4
104
2
13
4
105
23
1
291
2
21
7
4
61
175
164
4
222
88
40
23
41
90
3
87
54
163
3
8
10
3
9
8
125
9
77
21
25
85
12
5
164
1
2
59
4
56
2
107
8
222
97
76
23
34
7
4
29
2
1
70
179
94
7
29
2
127
183
35
54
21
267
63
1
114
117
24
123
165
69
267
47
16
216
1
196
135
14
4
27
27
173
100
69
203
142
35
12
2
31
1
169
21
1
41
