967
80
568
1052
723
1167
789
841
890
662
2354
954
1847
613
674
2184
161
2022
1025
242
1979
323
1961
706
10
527
548
81
555
132
38
2568
1392
150
244
142
5720
765
1423
347
167
823
1405
514
2853
5701
645
1079
777
916
1240
3477
2990
6
450
861
4035
755
315
2541
924
828
2900
668
2170
899
291
2489
1450
1475
2179
201
2573
1888
504
943
82
543
1882
1489
470
719
698
311
65
364
2907
16
74
2118
223
769
1710
574
429
922
1025
232
768
1214
1637
929
1422
307
345
1443
1061
210
335
1947
580
560
1348
77
1215
1796
980
253
167
121
139
105
283
224
1130
2363
1670
1824
64
804
1089
1846
288
1747
1721
210
410
2987
1806
451
139
249
227
1551
2005
340
1191
715
755
21
1172
65
1351
535
1368
90
970
430
105
4222
1891
958
706
180
61
2465
1141
77
2081
1691
946
2697
263
394
467
112
394
778
1072
606
416
634
544
1684
713
1543
905
390
1063
2721
1725
2521
292
141
2767
165
452
8
525
2406
203
3540
1353
417
1479
2035
297
3135
625
512
2052
1955
2292
2827
2025
2099
2296
35
274
1021
872
2215
1282
746
359
3064
32
1659
771
736
223
1087
108
2082
1313
26
3123
253
967
141
554
299
205
2618
629
2739
598
1685
303
1129
1725
708
784
1832
2579
2681
2371
17
1115
3201
650
570
765
1263
88
25
3
2178
344
412
22
1973
681
475
546
106
1804
580
6121
1876
1281
55
2227
832
32
662
588
404
82
103
609
303
1227
349
338
274
406
1323
305
152
194
273
225
817
579
195
67
2679
163
2835
119
591
387
383
1254
1465
313
1963
169
11
624
108
502
160
846
403
645
928
412
1477
422
640
166
76
96
748
897
1164
3955
2129
1033
765
450
1136
2687
662
2816
2043
198
3948
1377
271
2052
138
1306
587
1206
686
1723
1868
3299
1044
379
335
286
153
888
233
607
1599
3478
4424
254
1146
1069
938
1960
68
332
1168
304
323
1034
3699
1769
687
570
3308
1929
1084
1696
1351
1185
826
697
2656
1722
2245
871
3241
826
1119
1199
3392
1067
925
1210
51
2126
1192
682
290
14
754
2383
2015
886
1446
587
366
1266
865
24
383
1427
566
1175
1102
98
26
736
1583
1584
129
1505
413
1906
542
515
2329
391
4559
279
541
514
737
493
3351
265
2130
8
928
62
69
372
1495
1824
271
115
20
1229
2583
520
458
1036
731
499
1169
1531
3687
21
295
901
789
296
1689
2155
1957
126
1323
2155
2842
2716
938
199
279
3176
758
1592
1213
1597
2109
171
1897
2554
163
93
1014
82
252
261
1169
387
1461
1372
4481
414
2356
130
1383
553
552
336
108
1370
623
215
244
1055
834
48
456
197
293
2734
4934
376
3748
259
3569
927
30
1318
139
1998
1086
334
947
663
413
1012
398
1647
136
2289
521
1223
576
1048
1032
1580
184
872
341
2617
65
1270
1788
532
307
72
2390
2385
26
958
579
4479
169
294
1046
29
2739
1971
1006
2863
184
484
629
1289
294
260
4068
969
209
4576
413
11
3584
204
1832
1406
1235
122
924
235
2830
1282
307
419
234
1110
248
1485
1546
1265
2847
1490
3183
2992
226
970
138
281
1870
3394
1808
655
483
808
1195
414
26
5681
434
2793
1628
5088
25
44
1121
1257
1062
1864
979
1123
258
52
69
2726
1310
274
60
2017
1775
1371
640
1111
116
157
521
2498
1073
88
843
638
401
945
163
559
297
72
2124
3685
827
278
425
372
314
352
1355
44
852
1544
1772
2097
1491
351
129
2727
949
223
244
1713
113
1063
1461
367
1462
308
1104
733
2005
353
1184
345
113
311
26
973
567
983
3339
82
376
591
145
899
73
947
147
999
1940
1156
633
1517
450
1419
144
959
5416
734
975
431
980
334
3020
432
693
2965
1317
266
1840
1050
100
329
163
42
303
1073
494
129
4489
79
424
2072
17
529
1591
549
2155
1803
813
671
452
1931
605
1316
1783
246
297
85
908
550
876
455
1600
283
527
2627
468
2805
1774
1811
905
1135
1706
1300
3534
354
892
812
1584
154
1052
1041
1271
1572
628
595
2276
1624
1049
968
1832
4622
290
890
19
158
1077
1507
223
326
157
277
503
1202
726
458
1743
1607
522
1396
98
298
1163
185
250
597
1050
36
1038
169
843
2032
4365
796
460
3626
869
593
217
216
631
171
474
1163
1624
1139
71
3666
1433
945
90
69
73
1274
870
168
39
960
779
120
318
46
45
1093
1746
135
27
892
1
1655
3119
29
398
211
4462
1045
254
3440
548
3246
445
874
1128
969
493
192
1439
1406
916
401
775
67
1086
730
2023
174
171
2931
336
1196
35
822
1179
1398
2368
747
1420
2012
1765
808
2149
97
360
974
1794
5181
292
1712
296
62
1949
1864
106
575
941
1431
508
706
282
281
922
448
372
72
7909
509
337
102
347
29
448
98
359
464
303
2194
1224
1544
380
1424
426
558
3456
485
257
264
898
2441
13
439
43
87
365
258
1615
977
2228
502
2793
373
88
2256
353
634
597
372
13
7548
873
784
2362
1447
281
2296
4440
53
858
166
521
664
591
1754
1828
3560
180
295
72
237
1222
1855
474
78
2184
1736
1000
95
1454
1106
437
672
436
1579
1828
886
3038
844
1313
32
2089
844
341
1444
2845
481
685
659
831
308
1840
159
711
214
1194
2031
3272
85
429
690
1292
164
155
19
732
1370
101
363
346
142
796
401
639
2426
43
719
36
1529
623
435
2664
2970
262
1500
206
521
144
1599
1237
2099
17
1291
22
557
416
114
1010
6
718
870
1500
539
112
336
