1934
1043
91
451
2005
1060
609
197
2010
52
726
134
77
71
980
75
3048
170
1616
640
703
1501
270
301
1156
723
312
1
932
36
94
580
586
738
240
420
303
198
12
390
586
813
2333
394
592
1565
501
195
513
396
1914
99
255
1361
729
687
162
979
906
657
721
1641
2039
2051
140
1188
1928
313
1242
1945
385
890
1271
1291
1627
205
421
1098
973
80
550
1678
23
443
478
844
839
406
973
405
1483
1553
681
2077
108
268
241
185
1039
423
4008
567
1168
708
1096
1236
104
598
711
811
704
368
600
377
390
690
1876
1197
375
1937
1420
1163
2937
3676
25
182
829
831
322
1006
607
1909
1648
221
219
623
886
626
517
533
214
847
3277
720
3168
358
37
3467
88
1624
874
1501
1350
291
493
775
2541
289
658
835
1140
615
1252
781
153
392
242
271
722
1750
467
16
106
351
48
207
218
2382
43
17
510
83
599
3088
242
412
577
2254
531
449
287
69
1167
634
1172
1105
536
985
1697
3751
164
406
231
1082
1076
606
1009
444
1637
102
1020
239
19
508
558
1462
784
1916
1042
615
478
184
222
137
555
1417
525
214
706
2217
249
769
170
1099
1560
6431
1723
2174
503
2032
225
3362
820
452
60
239
278
2689
2422
277
1713
549
244
2317
870
286
954
870
3785
851
2552
2
685
1340
958
647
2929
682
711
1380
655
148
158
136
4305
1240
1755
1684
169
1942
201
1143
775
670
667
2093
4519
1336
102
783
1502
519
61
1655
824
987
1712
695
1568
1250
61
642
82
347
48
1197
417
307
2577
134
3049
704
406
543
1965
213
1415
2302
171
431
2158
1039
2028
435
236
307
774
1976
598
360
817
827
1363
1451
980
1903
90
2504
821
118
1878
1895
394
1833
541
426
370
258
592
256
280
440
593
746
966
146
232
2253
253
356
359
1301
691
223
83
250
197
558
814
319
499
753
1404
441
3074
1966
536
1536
2793
19
2847
1075
1798
156
1349
2360
884
519
123
2542
68
3258
1503
5962
765
922
3503
2604
113
1155
657
437
656
216
302
443
419
19
253
178
2148
188
1583
3767
1742
3719
617
336
17
88
2130
3790
2090
311
167
1055
211
971
384
4461
2023
2537
1830
71
249
301
1916
42
709
1803
1396
17
796
428
204
1479
895
3638
769
2977
483
715
1046
1827
729
382
13
989
1603
141
1699
501
682
996
2265
29
158
1302
1847
340
3586
173
596
883
163
46
120
196
277
445
2464
54
1529
362
1118
298
230
101
1139
1430
1453
393
533
335
608
56
3023
3424
1155
4476
51
515
915
1176
898
1229
86
526
49
383
1873
527
254
530
498
180
1934
67
3223
161
348
493
490
5946
1196
1880
163
259
392
136
1025
929
241
1213
44
1274
110
2104
546
1085
443
245
1562
3788
256
1757
648
573
975
223
771
468
196
1947
272
99
1438
377
284
1160
137
2650
898
492
1335
591
1619
1021
1032
681
72
290
219
2084
105
1047
362
1082
502
667
1500
1384
342
2008
1385
2653
1648
224
837
1514
1324
2041
1564
963
1633
1081
1487
165
4413
246
2193
1034
1486
283
424
665
41
1960
557
1004
501
1508
379
1748
159
817
2299
702
333
1771
1949
2965
266
1605
147
453
446
444
121
1437
561
181
73
596
623
221
2148
1189
48
1980
2694
501
799
35
207
191
2587
469
566
1035
1141
598
167
870
1717
1266
190
161
325
1686
422
1102
1808
439
500
362
2399
1446
43
1759
69
690
280
748
808
1044
1308
1283
2527
4745
1597
267
328
221
269
113
291
1034
316
397
358
161
973
435
163
1482
880
418
247
1148
2431
1867
520
1372
160
1025
111
688
1437
910
868
561
55
184
3000
1508
966
1000
792
90
1274
1504
340
2299
347
4
925
862
12
2050
276
476
2836
296
1346
34
2242
53
968
391
870
328
1350
1612
3371
307
635
277
720
270
140
871
2517
1875
2515
300
221
2265
853
906
541
1348
764
2188
537
277
797
4315
579
555
1231
353
748
1751
6
242
1925
1114
4043
1350
1124
655
5058
990
496
51
321
1381
1549
302
2153
382
899
6
745
1175
930
1490
1389
720
761
1514
299
484
374
954
491
3611
119
19
442
1381
2400
501
2087
1266
1139
744
1193
512
928
1569
520
66
701
228
2295
308
2397
187
10
419
1075
1458
50
853
2154
1127
108
3440
2951
2402
1189
770
24
1309
2473
601
2664
277
1021
1122
1937
1942
391
617
498
258
412
149
118
285
436
170
328
348
2625
3227
1169
329
274
206
1445
1568
221
1053
4443
643
1125
245
1299
352
934
2080
758
635
175
541
370
1344
909
334
2852
906
686
1213
2587
412
131
434
2153
745
156
606
58
1421
664
684
2801
1228
342
392
43
489
5165
369
35
726
172
1026
1253
367
2743
195
3116
1039
132
1614
387
1545
247
2187
639
106
394
1397
1249
359
273
415
28
612
1814
5076
711
204
267
1531
620
1633
951
306
448
242
357
1321
992
161
1011
3
1615
1356
1489
741
947
130
613
221
2146
231
1707
158
1960
165
29
2173
3810
4121
170
1054
206
81
4549
90
173
29
1461
438
1469
265
1483
752
278
308
615
331
500
150
163
88
445
1148
2766
236
693
492
1612
1689
191
2103
3515
432
1117
223
329
66
182
204
1192
853
94
1188
1931
2430
526
298
291
703
6
120
438
3079
889
71
383
992
896
393
562
386
4225
3021
312
774
202
953
194
14
978
312
1127
524
155
257
796
350
1112
940
569
80
576
842
231
1139
138
1774
166
2641
281
1659
1042
1024
31
229
1171
