316
225
771
156
252
17
1291
527
3462
1392
815
2438
235
239
836
511
1058
190
1141
139
1364
222
1450
48
87
2305
6629
101
2296
821
645
2543
113
545
790
1034
462
1991
1019
644
1437
541
360
3573
80
715
910
1229
187
6
316
542
663
636
254
1790
331
181
1185
871
4259
638
839
78
17
33
461
594
1180
17
767
1091
23
432
3091
28
979
161
1451
944
348
55
2015
1534
572
441
2606
598
1286
718
483
314
989
196
34
127
880
35
544
645
197
1751
3212
124
1725
175
685
1
1215
193
545
802
915
1226
2743
1358
78
3188
645
684
1144
293
1417
812
642
1889
96
797
52
417
32
981
254
1250
1049
701
144
133
2544
1074
1002
2931
1401
2320
162
2471
635
1364
89
492
317
657
1400
664
157
1664
1240
6
46
531
2465
228
328
1334
1523
2521
379
206
199
475
535
371
101
396
788
1668
1286
335
438
300
1679
206
682
2887
416
1627
3154
462
379
235
807
1939
586
297
2
3277
489
258
114
41
242
1318
1164
2540
613
661
1771
1608
208
154
1050
87
284
925
199
284
52
616
881
340
513
830
804
1848
434
312
718
13
704
402
493
21
1636
641
928
62
114
11
1504
217
1548
14
75
1012
696
3128
336
837
2113
18
206
679
254
179
58
372
2039
396
1564
496
659
3037
628
991
394
309
21
1170
103
430
890
104
1783
964
889
23
624
257
967
645
980
308
1152
831
4647
1160
599
4398
2452
2698
486
421
152
221
1171
582
67
1902
350
1096
648
1041
476
196
1977
461
75
842
2240
1435
1935
1666
787
1585
139
2659
803
918
285
787
725
67
434
223
49
2148
250
59
1301
1370
175
1377
267
188
212
119
433
268
802
1108
711
199
314
430
31
171
2682
434
301
166
363
85
404
98
2
268
1534
2203
1368
112
813
373
314
4074
63
1303
87
469
172
497
3428
91
3724
330
144
1469
943
1696
619
18
437
35
68
233
247
36
352
176
470
112
306
147
772
3720
239
457
243
1487
43
405
1531
335
1132
106
3822
2414
625
1984
412
956
840
377
238
579
710
692
4368
1632
461
1467
155
489
519
614
1102
866
230
1695
1940
416
21
562
2488
899
228
526
2725
381
511
1623
105
26
3466
131
1337
192
511
295
1818
910
1494
248
3977
696
1243
382
337
1821
220
28
1005
451
70
1515
408
74
2995
885
535
1171
2137
734
1064
451
171
1505
1064
1059
207
17
2413
426
6138
45
833
53
346
2091
1498
386
30
1366
3914
178
654
132
949
352
506
358
896
872
2419
40
994
534
755
3407
783
520
866
2018
438
932
869
2870
481
1988
928
1982
1312
5
1792
2181
278
586
7632
6922
1700
1422
2106
426
317
180
940
755
106
278
120
1448
431
162
487
192
1016
2363
865
5
427
3547
1740
393
1026
1927
382
1652
2650
2084
310
300
820
1178
1690
1318
3002
313
236
2216
289
715
748
1544
3067
943
1122
128
978
504
225
2776
814
96
486
154
297
1905
1980
732
5765
756
73
388
3801
1859
300
1498
1091
160
142
852
1614
1343
1133
570
206
2207
68
3690
1243
156
474
818
674
1177
1100
2026
1264
1450
634
1287
1418
1788
414
885
2508
3361
0
3402
1281
279
251
2073
258
1063
1093
1243
785
582
3827
2241
32
253
1487
1049
1586
4473
1258
800
611
236
924
911
274
452
208
1430
364
2403
880
1008
319
1307
2601
1211
166
653
1299
100
365
267
649
1646
1151
3362
1395
1311
1260
184
3510
1038
1411
3274
476
1050
1235
307
3152
646
417
571
947
49
943
90
247
462
549
237
46
437
285
2815
299
967
253
1896
222
234
427
180
2291
37
6802
4179
2129
1065
624
677
2170
300
23
1537
1008
238
1002
11
1154
638
1856
1907
3247
787
136
56
2235
576
11
861
814
1
715
727
999
805
522
1076
308
140
3288
1139
3987
232
117
767
426
625
465
1373
2118
789
1949
2434
2158
3052
2509
564
451
9
4329
47
2283
2409
3117
9
4846
1359
842
594
813
4522
896
81
2357
825
971
1360
952
297
440
97
1433
874
895
1322
2784
1090
921
11
220
1303
2764
400
140
63
475
867
1761
1535
299
767
924
1954
294
2458
220
1933
1103
146
429
2113
151
93
541
627
225
13
1103
1612
373
164
468
90
1568
441
487
984
3056
873
2363
1020
1222
2242
1562
2174
1703
242
39
26
333
2096
1264
1927
2857
168
1019
693
2819
439
69
445
892
453
160
329
1033
314
215
12
1403
1425
485
1593
761
7
409
1405
723
3
379
3260
1109
1306
337
701
931
1714
139
348
1719
1747
2225
745
1274
2179
840
1091
119
295
1250
1218
476
1778
119
250
157
13
384
50
606
590
943
484
1569
179
900
108
53
793
357
1529
1288
600
2048
67
904
181
816
1122
462
1293
31
1338
63
342
1285
179
370
3203
5662
1948
1619
418
275
2511
622
241
4061
1814
517
1886
266
2551
1001
1406
283
1019
748
1123
2136
159
895
96
1406
561
363
281
673
1404
226
228
1094
12
466
203
128
30
66
672
1493
293
1439
1747
103
347
27
451
223
1997
1743
362
1041
16
1550
1074
79
2720
425
2800
866
431
1164
760
1465
496
1573
378
2033
802
1
241
1764
386
1102
225
124
1455
769
1505
176
3994
270
581
1893
371
381
49
1183
1257
361
534
1152
601
823
120
85
398
1139
2483
1077
1491
1346
1449
305
441
2740
649
821
507
67
194
353
190
683
485
895
905
84
3411
163
46
330
790
821
291
1277
850
5819
1262
1293
982
3005
325
2773
87
2581
