2
99
236
4
180
31
48
21
73
280
130
177
1
131
10
41
42
7
182
2
5
8
18
6
246
27
132
208
113
46
53
274
2
24
16
71
208
134
261
5
15
25
155
2
8
15
89
4
88
9
276
3
1
33
31
11
28
30
71
6
122
41
82
50
60
81
19
11
3
91
82
86
43
59
129
1
176
153
12
128
2
9
12
154
13
143
117
27
252
24
1
79
5
19
1
65
26
1
260
68
176
98
8
2
129
7
9
132
2
16
22
114
29
3
93
220
226
3
294
2
10
217
12
10
114
7
18
21
16
33
11
97
202
33
7
2
11
1
169
105
180
160
4
1
179
2
76
1
210
27
2
195
101
41
268
38
202
188
177
15
5
38
5
8
161
157
151
4
7
1
1
159
62
4
11
19
51
4
1
64
49
3
154
9
1
10
140
37
13
2
10
9
85
1
81
26
40
34
1
46
155
5
62
270
16
14
10
6
22
50
120
164
32
6
3
170
120
22
269
37
1
5
166
67
88
119
60
2
1
1
2
30
1
180
3
1
12
183
24
118
87
43
285
156
1
20
9
23
78
181
269
4
179
10
4
1
16
10
32
11
53
14
119
1
9
218
210
7
36
87
188
5
4
21
140
204
269
5
1
57
101
15
15
7
38
104
166
260
39
82
55
4
1
168
17
13
78
179
2
16
129
28
6
26
57
283
24
12
2
4
79
3
10
77
16
62
140
81
10
39
7
93
185
3
1
2
122
18
196
38
140
4
272
4
1
97
2
9
51
40
179
60
134
76
32
3
125
112
91
168
18
2
223
33
23
54
106
218
1
4
1
6
13
277
13
9
29
2
226
15
237
151
251
3
159
206
19
89
19
1
78
2
174
287
148
33
62
39
1
23
16
3
1
6
19
124
80
38
31
2
2
1
3
5
170
1
71
80
3
246
5
169
78
21
136
12
93
101
94
181
267
123
28
19
11
99
289
25
7
11
295
9
180
26
213
120
24
198
86
37
15
1
163
118
124
29
37
1
36
93
219
30
6
71
82
129
120
1
12
201
117
20
31
4
3
17
83
183
1
177
11
31
1
11
15
22
139
145
114
15
204
37
75
57
46
175
164
17
2
164
55
234
4
1
95
34
35
1
99
1
221
58
15
239
19
70
106
71
2
7
5
7
104
24
6
1
183
115
140
91
11
300
5
230
3
42
279
55
75
93
43
17
130
213
128
134
6
1
15
30
62
42
4
1
144
1
277
129
44
68
75
2
14
130
286
30
218
31
6
30
83
4
200
219
8
12
1
36
43
5
186
105
45
42
264
25
11
192
36
58
268
7
68
1
259
15
206
1
225
113
21
11
1
105
204
4
74
1
3
9
6
2
82
224
5
61
2
178
51
34
26
227
191
21
6
298
292
295
4
9
179
5
130
5
23
4
115
54
1
3
15
10
13
144
22
127
71
116
1
217
33
179
233
211
61
2
84
14
299
46
64
22
7
1
2
90
28
1
59
40
94
19
2
151
17
291
54
7
29
231
1
243
29
79
13
285
1
263
45
5
3
17
111
21
11
247
44
60
79
33
30
2
74
77
2
89
2
103
71
124
15
1
273
58
12
84
234
10
26
72
5
16
58
3
58
2
12
91
22
63
116
66
2
72
113
130
21
6
122
173
3
3
16
132
278
15
16
128
30
253
189
5
62
10
126
21
187
131
87
1
5
1
12
10
1
19
16
8
261
210
34
1
97
266
283
5
112
29
137
5
112
1
103
114
21
3
97
6
4
164
3
162
14
17
58
44
3
38
289
85
68
1
120
12
2
54
25
127
32
14
2
164
16
130
43
67
2
1
3
33
4
68
20
16
199
21
2
25
33
249
241
223
205
2
114
195
3
222
64
63
1
23
25
173
97
38
1
2
244
7
280
8
7
33
15
6
70
146
16
108
217
21
9
2
3
71
41
8
13
19
250
27
1
286
14
23
236
113
73
114
113
1
1
20
76
2
136
3
242
11
1
4
148
37
62
6
228
6
35
111
6
12
48
13
153
20
6
116
215
199
2
15
203
78
106
177
126
1
13
109
49
2
105
2
5
30
29
69
17
1
1
115
100
1
87
118
1
229
278
5
216
2
3
105
82
5
3
59
184
38
7
19
57
15
262
26
1
7
8
162
1
7
43
2
33
7
65
5
1
3
59
29
163
169
10
25
66
7
250
24
5
5
254
22
33
23
54
174
64
3
13
294
1
44
44
22
209
17
223
250
93
187
70
21
162
115
12
1
35
21
56
24
1
208
37
77
32
296
160
120
52
6
66
291
5
17
8
114
7
298
76
289
13
9
2
17
180
2
78
289
61
15
273
82
3
1
4
168
47
112
1
9
1
17
3
1
30
32
57
5
7
172
1
15
31
1
259
62
81
1
115
14
134
1
42
43
138
194
17
124
51
100
49
27
68
