19
16
69
13
22
2
297
5
3
10
80
1
217
1
24
55
41
1
138
35
19
3
59
3
2
37
40
40
6
61
75
39
16
1
264
241
135
32
45
5
33
93
289
3
224
4
44
20
130
107
47
185
10
1
168
49
2
3
63
1
66
2
3
9
131
10
24
260
2
3
72
19
3
8
22
2
1
14
2
16
186
8
41
24
39
3
8
185
212
12
30
32
69
257
6
163
2
5
1
41
10
31
116
8
24
102
160
5
205
164
130
11
81
3
29
35
1
40
100
91
1
33
144
22
82
38
35
16
126
69
160
1
5
93
20
279
20
16
46
121
107
12
1
76
236
78
128
58
2
3
4
5
9
92
176
189
127
18
7
47
12
2
2
16
232
42
235
104
13
37
68
8
143
135
13
11
17
115
57
14
11
2
4
249
25
32
89
14
49
2
194
34
1
4
43
222
98
210
5
5
116
69
3
83
28
99
1
75
16
31
2
120
86
13
58
4
59
151
2
78
269
67
200
5
11
49
16
32
73
171
156
56
1
57
2
16
1
66
14
10
3
12
82
3
74
276
25
39
1
1
153
6
97
81
58
28
101
71
4
248
279
40
78
104
170
133
17
2
9
1
24
70
288
52
1
31
2
50
30
141
1
2
30
38
15
7
22
49
36
22
4
71
7
5
163
2
155
10
3
166
19
39
47
155
13
4
128
2
7
1
3
1
128
32
72
57
17
110
287
49
14
2
18
278
4
13
300
179
72
3
7
268
47
14
6
69
18
224
58
255
94
189
76
5
36
2
10
11
188
113
51
97
9
7
147
14
3
136
21
11
208
2
251
217
79
2
12
222
14
6
3
7
121
38
1
128
209
81
1
137
3
212
117
7
258
70
41
2
82
71
190
1
10
59
132
4
34
14
35
17
73
3
40
59
20
37
149
139
56
57
36
1
8
91
2
252
27
134
119
21
6
45
83
7
1
51
1
161
143
62
52
142
228
3
131
35
54
35
158
1
188
1
40
47
176
41
6
102
38
32
2
2
12
45
238
10
32
188
11
2
17
30
103
157
7
48
2
102
16
36
20
35
226
3
3
6
6
2
17
8
2
1
205
59
18
25
27
2
14
105
3
91
1
81
1
217
6
55
81
2
20
9
78
148
4
153
14
89
1
1
48
16
8
3
17
28
1
61
88
21
14
29
41
298
85
4
132
31
16
34
49
262
149
1
3
1
43
122
8
2
72
2
12
51
4
4
274
105
2
185
7
93
8
32
28
226
180
16
287
175
27
3
258
6
117
5
247
47
200
42
230
11
54
1
35
149
8
148
232
210
11
29
2
5
2
4
21
54
1
4
243
137
144
5
98
208
35
16
71
16
116
4
184
40
1
69
6
1
100
5
14
1
2
2
100
57
15
6
3
5
267
247
34
22
174
6
2
181
1
4
40
6
8
246
3
121
145
28
177
6
280
8
3
101
1
28
3
57
54
8
158
165
95
1
28
101
27
5
19
148
51
1
20
74
29
73
72
63
76
174
49
28
240
13
36
15
2
22
215
20
2
5
15
2
24
36
49
264
143
276
5
8
1
16
112
183
34
19
3
142
294
76
158
85
118
5
5
272
173
127
156
5
25
7
10
13
34
69
1
79
150
78
14
266
236
97
8
141
154
182
140
23
1
5
164
258
259
3
65
1
29
28
6
267
4
73
170
3
76
77
47
31
64
26
1
1
6
159
138
64
84
65
19
138
2
197
4
2
3
207
206
3
41
61
4
4
122
6
140
2
269
141
217
1
31
5
204
281
7
153
10
89
83
173
110
236
84
288
67
184
194
19
1
31
100
215
71
2
1
30
12
5
276
37
93
1
27
86
61
31
2
17
7
10
170
3
5
190
63
166
4
9
181
2
298
21
57
37
69
18
2
2
18
171
1
79
102
27
4
8
236
3
247
151
5
26
255
13
6
6
20
72
23
2
3
90
20
105
146
215
36
1
7
19
1
2
51
120
141
35
28
2
3
101
2
85
9
78
6
4
97
2
152
51
4
45
26
125
10
146
12
9
51
151
65
248
264
37
83
17
59
22
59
1
4
14
239
7
1
2
4
5
68
3
92
32
99
43
8
268
32
186
1
17
25
137
37
222
101
178
84
3
11
57
247
207
243
44
59
155
11
14
65
1
2
28
39
25
94
8
232
1
5
8
3
86
1
15
1
4
17
35
36
6
93
3
6
4
44
1
43
83
9
55
8
1
44
54
27
5
1
253
20
149
8
44
12
2
149
6
151
1
3
156
203
2
154
290
9
175
123
9
4
18
4
3
142
1
2
16
10
12
133
4
56
1
23
50
1
91
122
87
5
239
109
12
61
84
6
164
60
82
43
2
58
167
10
116
16
161
136
242
7
65
66
16
7
20
4
17
142
267
17
5
126
1
4
60
150
64
266
7
24
263
22
