760
1360
410
76
402
467
314
206
257
427
3055
101
170
1435
230
1210
87
1565
71
1396
1832
391
667
964
693
1267
1119
1675
36
793
784
786
150
97
189
48
2659
127
1729
5428
1853
1513
1597
138
664
607
1094
3577
2988
3901
267
260
1133
4406
811
2241
2395
779
1999
415
659
776
816
3625
71
752
1306
6
131
97
991
39
1657
4512
993
378
854
1253
823
133
164
3382
5
504
1195
334
670
1312
323
386
798
1398
1201
82
198
41
663
537
3160
2055
599
127
76
955
664
2745
324
360
409
1360
866
678
1603
109
2652
292
349
806
577
1211
570
23
2165
629
319
172
11
65
1758
359
215
241
6
278
574
507
1644
1190
111
14
515
504
542
982
317
3978
2593
818
2945
29
27
755
4211
86
898
720
2906
605
6565
313
151
561
432
579
39
1440
222
364
997
2046
1931
1039
163
622
67
746
2529
714
283
910
18
670
24
712
637
1278
213
681
1340
151
108
226
345
1143
384
631
2950
1583
471
434
74
3163
395
1775
1131
95
1758
2119
597
159
3392
53
1499
25
207
2452
2136
205
1639
402
684
10
6
867
1033
47
1270
78
566
742
806
892
2418
494
1040
22
243
217
1791
32
2324
883
4
1690
2508
3498
1440
45
929
1136
1605
250
267
1743
284
527
2015
1084
115
579
445
138
553
13
1163
466
1380
3157
1412
335
877
612
241
370
185
77
2124
8
2654
1668
9
811
590
777
1042
1217
1228
3298
191
1444
232
1964
894
632
815
444
2842
691
53
527
2323
2038
840
476
405
2170
274
583
1494
487
361
26
1669
160
3395
1387
1766
1294
487
259
1100
2398
875
410
423
617
144
1134
4
696
983
2063
5
1493
377
1212
1173
1516
603
3835
665
1529
487
299
24
17
557
456
1474
1000
689
1886
178
459
499
219
712
763
973
739
990
191
26
262
832
394
91
2076
1258
275
278
1388
1799
1051
434
2456
410
1570
85
1932
1007
2550
4515
936
215
77
420
2442
243
2546
582
190
1226
1363
1396
1985
1390
380
1334
8
890
1465
697
280
849
54
82
526
209
1906
8
2284
208
66
91
3950
595
102
593
184
1742
72
1391
17
17
295
461
456
1207
744
462
1949
1345
2078
1302
513
720
1019
990
508
332
87
2579
3358
129
1502
1315
391
2202
892
1937
848
1626
3155
2431
155
778
625
2921
1133
218
1110
808
957
312
1790
3009
906
219
615
1061
1843
643
105
69
1665
1017
1892
165
90
179
25
1243
326
749
120
4145
314
2409
73
288
2215
302
35
89
1115
1431
292
609
2970
852
83
1374
1366
904
163
173
157
387
286
63
1373
1268
1142
447
1502
764
259
3537
2115
61
535
10
492
349
1700
576
18
137
743
293
398
273
169
4344
325
1678
579
660
219
1469
14
1239
248
1094
1711
931
875
668
235
631
494
230
34
735
313
64
315
207
436
1877
35
158
697
162
420
947
3743
1487
410
425
1008
2036
195
142
277
268
22
1488
89
307
681
572
202
272
1097
1485
2679
2036
957
834
174
1955
128
928
2983
904
987
201
17
727
380
981
814
980
368
1063
1135
530
275
958
691
1333
15
4525
2090
34
1030
171
227
874
428
2164
141
1171
1084
1048
2038
1334
2177
162
59
623
1763
303
144
1071
454
910
19
913
1317
1087
445
2205
770
364
835
145
2473
378
699
115
64
499
196
515
267
1598
265
3102
2550
1443
121
705
883
753
223
3325
154
130
50
971
1420
632
740
199
1238
1942
2733
2784
2024
501
759
1644
1
680
825
2492
1743
728
688
613
1332
2022
816
1048
996
70
3101
372
1824
403
3141
863
695
189
930
197
1439
907
2215
174
3538
341
90
283
1036
3371
8
712
2172
633
1014
1263
448
3613
2615
3316
971
1113
185
392
632
374
1501
1131
81
2018
1045
887
306
45
302
475
717
720
1782
131
94
716
36
1057
1723
1539
1205
1339
103
2067
685
762
3174
84
1921
1384
594
574
742
274
1176
5106
225
1289
1241
1461
3397
380
27
485
344
2471
1428
766
1932
126
531
33
197
2064
860
2665
34
124
122
1549
2828
141
810
1439
58
439
732
114
310
959
147
2003
794
629
797
2270
727
473
176
1263
225
379
48
254
3179
1800
459
2172
3398
572
2028
157
393
143
992
2108
1484
356
313
366
2078
4762
20
45
1074
536
1580
368
291
580
2442
2520
2348
375
478
568
882
561
3196
663
206
619
1925
28
145
416
909
1368
3798
248
967
56
207
720
375
429
1893
702
468
1078
256
889
8554
2266
551
1938
197
605
52
360
707
109
1202
439
725
381
2389
10
752
2303
2202
721
242
537
683
961
347
1102
815
499
819
1283
240
149
335
4965
928
218
70
601
210
3464
1054
2943
823
379
262
1406
657
232
735
855
2129
745
949
88
2857
537
193
1921
386
455
120
226
786
109
146
955
1448
2032
260
858
2327
94
2741
1137
2634
1082
888
87
5279
1443
220
657
415
1302
526
2358
1590
1149
88
679
279
797
14
1206
2237
1034
4742
1105
1438
401
1047
387
2384
1232
847
23
121
2559
138
650
3726
337
923
438
619
516
245
262
86
795
783
921
266
1344
1954
2049
168
1295
3857
283
4290
3258
1971
440
1559
655
565
1053
1744
801
381
1131
717
187
1526
271
738
2173
458
1516
154
164
700
398
438
364
354
2409
96
721
59
1110
73
778
609
73
466
657
224
1613
1164
607
1881
889
138
1550
706
2748
476
211
949
1103
1961
135
142
542
926
2382
3483
797
61
1128
1714
392
682
197
252
1021
