1375
426
1610
592
528
1271
44
437
2272
6591
658
1497
5
83
3506
284
4249
1142
777
605
583
1062
612
205
1983
1093
1070
282
435
178
50
27
258
1574
874
338
509
127
1044
916
1354
2110
224
6
303
2599
731
1664
1132
642
16
335
413
470
377
1977
81
1060
501
1051
137
165
299
553
607
92
125
41
387
898
395
3161
1034
1352
455
1403
152
156
4626
924
1889
154
64
1181
530
2333
975
101
348
1526
1123
1256
1140
765
66
2510
1426
3863
515
2756
72
392
792
1636
892
1164
528
1221
486
777
4015
1285
573
147
433
10
37
899
610
3177
1873
161
624
484
626
513
889
157
606
888
1943
3099
1077
0
173
599
837
1079
3128
172
1357
420
2657
392
15
1537
214
1955
453
771
256
812
1511
1058
215
234
409
152
812
955
1794
574
592
873
349
1886
655
42
338
188
100
537
681
46
957
837
594
4022
714
635
1211
697
1461
910
6562
1271
542
498
476
558
996
628
590
941
333
2900
2003
467
86
312
171
1506
262
1777
320
731
1193
74
595
388
1901
643
493
1105
552
242
2639
471
1386
449
274
168
596
673
314
190
3855
1114
1133
1277
812
134
2591
1631
839
2
1085
461
1688
447
237
916
107
1932
337
1147
1444
498
1261
1495
701
4552
57
1090
180
691
1137
576
3199
1516
1891
1346
24
723
2185
911
63
1623
1526
317
98
1039
114
69
943
259
261
3441
269
3321
1531
1218
106
380
483
1234
776
2341
221
1175
973
135
1657
587
4521
236
844
87
45
2176
602
72
333
809
3014
362
3042
343
183
633
754
726
2451
96
876
1346
551
1179
2502
792
585
536
271
820
39
545
443
62
384
123
156
588
3723
383
47
38
563
386
180
406
69
1340
133
527
150
530
1583
1988
488
527
218
980
1005
217
535
2602
532
1416
5596
310
123
536
663
708
5
2383
371
75
3572
631
2317
351
2095
682
908
229
940
390
860
1021
3129
969
4276
1454
1087
378
569
339
327
74
80
1362
598
2138
140
2319
1097
2257
705
231
317
646
37
1109
753
2603
56
3116
714
1703
61
1157
401
447
788
150
53
1407
606
2053
547
143
1717
739
693
343
162
48
319
1770
648
182
3429
499
174
77
826
514
508
1545
2602
591
466
509
681
175
1802
725
375
971
4
2847
3335
1365
29
841
1082
2608
102
2499
1087
6285
1978
774
658
2926
4326
137
451
105
703
1980
1360
2482
736
1176
31
2917
1322
80
122
1386
1006
343
306
2878
2193
1713
90
79
1060
916
553
1435
141
252
432
366
212
1342
1801
594
480
2732
789
1302
447
141
630
1010
876
259
117
252
274
397
188
1022
2287
982
2477
244
1101
1495
3532
395
1064
463
1343
1097
644
289
4750
2128
205
1694
1042
1358
347
398
84
649
3104
1711
987
1218
2408
45
805
579
295
2135
671
112
1734
616
2748
4586
176
1180
4176
1967
1517
699
403
1211
2468
539
1376
405
2002
1832
447
404
25
1485
1481
606
1810
144
1472
884
1194
1424
53
1964
618
597
124
37
1984
321
80
323
1428
519
1165
2314
824
1707
381
309
577
398
3825
1849
302
320
35
762
164
20
3320
207
928
410
3000
368
961
1637
7
553
2752
3417
104
216
409
1291
2359
1166
465
167
104
335
3121
761
636
164
150
296
247
1936
442
308
1416
2114
91
1200
1689
391
1814
424
714
154
308
36
307
990
1902
657
626
324
947
262
2970
384
402
885
312
531
236
917
624
559
455
2491
530
1123
274
325
635
588
188
25
828
900
2153
1416
2604
752
284
175
571
2272
1850
640
466
1136
102
183
904
194
283
439
556
86
1593
257
2125
624
245
1336
1126
3105
626
917
827
931
1923
137
2584
628
2
1783
3645
576
2835
1622
153
684
161
613
559
269
626
908
521
281
459
358
1679
152
432
1265
1451
5464
720
341
53
2477
1416
321
173
192
941
859
355
1740
1583
102
2206
338
1031
3305
3853
711
246
106
2355
332
1923
308
3216
3573
769
1927
538
482
1244
1071
1630
91
1668
1949
515
908
4394
3991
197
850
2303
1803
999
453
2183
124
406
1284
162
963
450
1737
4722
1547
108
1338
763
1356
394
2411
3107
19
1289
451
1190
823
1369
6654
175
341
270
175
3880
793
124
457
731
255
2257
26
996
958
1645
120
1484
194
1806
915
577
807
637
243
342
762
155
516
388
784
1116
736
194
35
2500
3686
793
673
210
171
1065
1580
159
2398
1403
61
15
1064
1045
677
925
673
1458
426
239
145
1982
306
9
5293
78
260
2891
698
1310
5772
1028
667
2245
218
1278
2945
1144
8
2467
755
65
868
227
614
470
147
1721
553
1116
1692
507
154
276
2258
2431
779
518
99
1317
584
2595
1275
317
729
3246
228
1005
93
456
738
365
642
63
1790
546
623
129
1294
144
463
635
1933
356
3160
809
708
1707
545
257
4096
915
47
651
969
628
1962
1284
2996
1096
1486
74
626
5277
170
1435
1161
211
956
477
487
32
590
801
3005
896
2374
287
1617
164
1664
2040
41
427
1274
234
438
474
3
971
195
1953
88
377
182
1454
1200
616
353
1066
828
475
64
116
55
626
2908
226
999
6
381
668
471
17
1728
3159
1397
2788
238
1318
925
3057
2069
3178
3596
378
350
1958
121
569
367
1120
276
868
151
830
370
641
31
184
56
2862
82
282
621
2183
6672
230
62
3161
1528
411
212
1692
1009
654
50
139
212
1646
1625
258
182
4097
2987
2409
219
183
478
1041
80
1059
329
303
24
913
981
1502
593
1373
2890
687
