40
1
120
137
196
3
195
4
16
56
7
1
13
111
3
4
12
34
44
68
7
6
61
3
1
58
20
3
39
8
1
102
191
192
77
74
6
40
13
1
117
144
8
59
2
10
24
62
6
1
8
2
153
110
93
8
8
54
204
20
35
106
132
48
2
4
22
46
1
98
1
2
170
212
142
30
3
25
118
28
82
103
28
102
66
87
61
67
28
21
153
2
6
232
19
118
146
45
162
3
208
3
52
5
222
192
255
61
124
68
1
88
276
1
286
5
47
89
66
2
216
167
1
6
123
93
8
44
284
1
5
37
36
9
135
5
3
22
77
211
13
285
3
41
1
2
95
22
1
18
116
15
62
11
1
73
275
5
1
251
123
6
155
201
143
294
45
19
10
147
5
65
3
68
3
111
7
2
8
1
9
34
54
10
221
1
32
48
289
17
55
7
1
138
111
160
22
89
65
115
81
1
28
83
221
2
24
14
9
2
52
250
22
72
1
158
117
74
131
44
198
1
7
137
1
255
139
12
3
33
51
43
1
1
19
8
42
16
248
130
77
216
7
83
24
4
182
9
48
58
63
13
76
28
83
1
151
6
13
2
167
3
69
72
2
29
16
16
2
141
16
12
224
145
51
61
205
1
5
54
40
60
13
177
104
82
113
35
215
298
8
29
22
278
5
186
56
15
23
42
5
1
40
283
123
45
12
82
80
211
63
69
233
87
2
35
32
2
1
41
1
10
45
126
1
136
10
186
6
30
36
180
71
8
21
16
2
1
114
9
16
183
67
3
62
3
37
7
81
257
79
9
21
22
13
5
24
32
35
158
93
15
33
131
210
87
11
2
3
138
14
252
1
49
70
246
70
82
36
3
36
6
25
120
3
170
1
204
110
90
258
149
5
260
59
205
34
12
1
1
37
28
166
1
27
57
73
25
61
26
282
195
2
4
145
86
193
1
102
282
110
2
47
277
14
8
2
3
10
1
100
3
210
148
21
30
3
1
122
48
4
1
16
1
5
58
102
177
273
63
53
80
209
80
57
24
98
32
18
4
57
3
141
30
3
74
135
9
2
39
26
48
7
253
3
2
6
259
152
239
232
20
138
197
6
23
5
84
23
4
106
19
10
77
54
254
198
150
141
174
30
7
197
89
2
2
94
52
9
3
8
7
4
124
42
1
81
1
16
1
59
1
8
18
37
77
2
53
28
289
91
29
29
57
4
103
12
79
248
205
6
7
1
12
91
35
60
25
5
110
160
3
2
12
231
14
123
25
26
35
109
45
8
298
180
5
98
41
3
3
253
124
22
13
3
159
18
2
52
152
10
35
267
3
40
70
5
5
111
8
17
13
246
1
106
34
12
270
1
2
125
19
28
20
178
21
4
5
103
18
165
2
96
89
85
11
2
95
109
3
1
26
42
8
274
71
10
1
19
224
3
2
1
45
270
2
45
175
52
191
187
9
230
2
182
10
10
15
3
9
8
2
54
66
19
12
1
252
1
70
2
19
9
26
1
2
8
36
49
12
39
130
14
104
50
2
66
6
21
11
4
5
1
291
126
8
38
288
18
226
3
1
205
276
7
4
193
2
35
28
5
3
12
5
36
6
172
222
74
4
52
246
192
160
34
198
26
16
291
2
260
145
296
43
66
8
86
1
1
27
141
1
6
164
62
2
298
203
5
266
48
2
1
114
212
16
232
15
2
1
145
55
2
1
37
151
23
45
190
175
30
3
17
67
120
16
5
4
124
199
3
1
190
40
2
1
3
189
32
5
1
22
52
16
1
23
37
5
3
5
2
91
174
106
46
1
1
127
28
7
26
22
285
2
96
1
34
24
296
3
2
153
1
167
101
179
195
253
7
240
2
297
49
282
200
21
149
271
8
3
1
23
291
182
106
2
117
72
3
118
26
16
214
6
69
26
125
18
4
1
2
49
26
101
4
2
79
212
14
161
228
11
54
213
75
16
24
22
3
27
33
79
4
18
28
4
198
212
61
48
253
46
14
164
9
20
2
15
3
1
1
9
16
215
13
124
203
17
105
5
1
1
2
42
28
11
218
2
22
18
225
256
3
11
21
8
97
2
256
5
170
13
1
36
1
1
281
3
166
5
36
262
215
249
36
44
7
107
5
4
137
185
10
260
209
296
117
6
8
202
20
37
4
272
211
7
8
12
87
227
60
263
2
28
89
125
1
1
35
21
258
4
38
6
1
101
90
4
26
2
3
14
22
1
1
204
9
241
53
13
49
193
117
14
2
114
224
38
7
64
36
107
63
61
5
47
165
196
9
17
26
196
3
50
6
9
71
5
89
64
5
9
1
108
53
1
12
113
118
11
85
2
277
35
16
52
42
1
20
78
137
24
204
1
59
13
190
249
104
4
221
30
94
99
177
14
17
1
46
56
11
7
51
5
1
3
21
4
1
40
86
100
19
282
142
