42
1
4
14
1
1
180
26
12
237
2
18
25
297
185
112
207
251
70
119
62
179
90
75
3
22
8
10
3
21
108
193
82
108
12
2
26
10
85
275
90
61
1
12
115
55
2
36
48
1
12
2
23
102
26
40
31
1
135
214
1
26
2
111
159
106
2
2
6
50
14
2
16
1
218
2
33
187
42
33
275
17
119
137
3
124
119
4
139
167
221
1
106
58
5
257
243
146
1
5
44
224
2
167
2
6
36
14
19
70
15
284
18
199
4
130
29
251
32
20
22
5
235
28
276
98
229
69
138
95
96
208
9
18
128
103
3
10
1
247
251
105
92
8
3
281
181
112
208
54
2
17
2
2
93
43
34
119
9
1
156
31
1
100
10
1
2
190
6
1
60
2
3
92
22
7
17
188
64
1
1
198
5
40
9
19
234
135
37
166
68
202
50
225
53
5
6
115
58
42
52
58
1
150
1
138
134
55
37
26
123
15
229
82
50
1
10
38
19
4
2
1
101
30
33
286
16
117
92
47
22
11
5
1
75
1
220
8
185
2
151
63
2
20
227
270
1
264
104
1
21
113
70
1
13
1
26
22
12
16
170
178
203
3
255
28
11
6
174
6
5
215
81
6
85
238
4
13
9
2
104
84
45
246
9
3
143
8
1
268
255
65
47
1
189
75
71
43
233
3
1
1
1
3
235
2
2
1
1
11
55
22
2
22
1
16
76
3
31
61
141
4
13
90
2
20
103
1
2
8
216
67
278
3
42
246
130
5
51
24
42
30
25
16
14
257
102
4
263
1
210
10
14
163
23
231
130
30
145
148
41
11
4
10
251
13
74
6
12
13
7
110
48
39
113
21
2
45
33
2
61
284
72
13
151
18
87
26
128
28
23
34
2
20
170
298
1
82
82
71
1
12
129
73
1
1
1
1
37
9
173
2
169
29
1
24
22
140
189
8
52
180
238
30
12
77
99
70
73
159
282
3
4
10
40
70
262
28
3
27
259
113
193
90
294
41
8
1
133
122
37
18
7
10
101
3
3
261
11
15
37
180
1
5
16
18
53
3
53
4
56
4
72
3
22
170
17
21
8
74
262
8
1
261
29
3
1
50
15
99
8
3
118
26
6
47
18
5
6
25
296
3
90
288
72
161
8
37
87
1
25
263
164
62
132
54
29
151
1
3
53
6
151
36
42
145
25
79
5
117
6
250
16
71
33
176
236
3
27
11
202
23
2
1
3
93
10
221
11
251
144
1
81
83
4
43
4
12
25
28
13
112
15
61
3
110
1
1
2
1
106
1
47
25
2
6
1
5
28
1
280
25
4
122
52
231
1
207
99
53
160
14
1
1
1
98
260
5
3
60
248
1
219
3
12
91
53
1
37
16
4
109
3
123
6
156
12
4
7
7
6
194
8
23
47
77
277
82
31
19
42
236
105
237
47
12
1
156
14
112
32
104
2
63
162
1
1
184
4
91
29
27
26
2
2
19
1
26
32
56
8
86
3
65
20
124
63
1
2
2
2
18
11
182
10
22
6
228
8
50
60
145
292
3
213
143
3
9
6
104
124
73
53
6
1
33
260
67
67
173
118
265
34
88
9
20
211
41
2
13
1
38
70
8
68
124
67
280
88
22
34
14
10
124
9
101
141
22
78
1
87
93
25
22
10
85
1
10
55
180
2
113
1
13
2
143
15
253
5
79
13
1
173
2
138
1
1
232
4
66
179
31
9
64
45
7
96
35
3
32
2
6
30
286
26
2
32
23
25
20
134
152
28
2
185
177
91
10
1
35
23
66
2
1
33
28
45
17
46
3
57
275
2
45
92
17
1
184
35
5
150
36
83
3
69
4
19
55
26
82
20
94
3
166
1
33
10
59
8
215
231
175
8
15
129
241
4
2
185
27
1
189
3
23
20
73
31
19
15
183
46
11
3
13
262
2
19
10
72
15
300
117
285
76
206
75
206
42
16
11
15
13
34
59
181
59
147
103
192
2
32
296
69
25
2
6
153
138
83
139
5
14
13
12
27
38
222
90
22
1
53
183
74
1
43
155
112
4
29
17
10
112
110
249
161
107
6
231
222
72
1
167
3
271
1
18
31
61
39
49
245
2
18
37
42
36
63
3
47
30
25
150
2
2
8
3
50
48
36
5
5
105
8
123
94
4
79
9
2
285
150
176
78
72
1
3
48
26
38
3
157
8
71
273
157
44
1
121
4
39
2
215
174
5
12
29
1
47
3
20
15
162
10
196
77
14
50
106
154
3
2
61
3
15
85
8
58
184
230
18
28
46
42
30
39
102
83
13
11
5
5
49
78
214
280
1
208
101
15
21
5
53
2
55
164
12
82
138
27
10
158
177
6
8
6
36
1
24
6
1
99
56
7
2
262
77
32
130
3
77
115
243
33
4
29
5
3
7
111
220
257
49
32
6
165
