24
2
29
132
39
245
6
136
155
116
24
1
43
130
2
1
35
108
5
32
10
3
41
6
16
204
1
140
5
11
19
177
160
211
195
80
88
1
1
2
3
7
2
1
5
186
236
96
7
2
6
74
3
15
11
15
268
3
56
109
275
144
105
221
6
1
28
74
8
1
4
221
114
8
48
81
9
217
283
78
239
179
45
59
22
1
3
3
24
46
6
148
25
143
2
298
6
6
41
8
15
63
16
70
166
15
8
161
55
3
25
77
5
18
50
10
2
131
30
6
3
14
12
99
6
39
18
18
55
31
170
224
1
13
2
247
63
1
2
1
25
42
52
37
154
256
19
2
3
2
173
1
14
32
14
30
19
114
67
14
1
154
20
1
4
175
12
70
1
215
191
42
10
1
194
4
251
49
5
1
9
54
162
13
36
68
25
151
30
3
2
1
45
2
2
2
29
1
127
55
2
6
170
6
11
291
18
16
46
25
4
65
7
19
21
127
214
28
8
243
55
128
263
114
1
207
115
15
23
16
31
55
86
27
107
279
264
1
25
13
36
60
24
2
207
14
6
8
58
3
2
2
4
1
49
50
16
9
28
14
2
2
120
10
1
2
101
2
248
65
32
126
52
2
26
17
284
5
2
13
201
114
2
33
181
183
38
72
27
250
165
9
1
72
33
9
5
47
115
1
35
4
100
209
16
21
26
4
222
225
262
26
210
8
15
4
18
142
153
166
6
299
3
1
1
106
106
5
36
33
123
1
6
192
68
18
70
62
2
1
55
19
4
30
151
28
88
1
1
1
1
2
18
205
6
1
85
130
34
56
169
1
52
1
97
178
1
9
221
161
91
30
58
2
1
7
30
10
131
1
27
245
69
119
1
1
45
20
7
181
30
53
1
93
181
1
25
1
85
5
1
1
2
1
97
62
26
23
3
1
289
4
74
22
3
2
124
268
122
5
126
31
2
65
18
19
11
4
231
57
16
167
176
77
96
51
208
7
51
33
65
37
91
292
2
27
1
9
129
35
4
102
6
150
52
47
101
2
33
82
33
2
4
41
164
68
3
3
108
223
65
253
2
151
25
67
1
14
14
39
47
148
6
2
37
30
256
11
6
5
1
239
1
12
3
2
7
274
159
1
67
107
2
40
275
2
2
7
118
251
248
3
41
199
20
110
160
6
56
3
152
1
263
1
14
7
2
221
1
14
10
6
119
21
1
5
1
112
103
23
78
17
9
61
33
96
1
1
19
13
264
4
1
80
34
14
66
1
84
5
91
30
3
76
6
2
2
132
47
97
108
8
3
14
46
4
36
298
2
275
8
240
168
2
7
2
66
4
4
146
3
173
35
2
6
117
2
13
119
8
12
1
134
35
1
1
1
1
186
22
1
111
7
243
38
3
16
6
139
4
115
1
168
36
49
135
155
2
1
19
99
80
11
212
4
11
1
11
15
3
1
238
65
12
139
76
16
8
22
4
20
28
1
9
49
13
22
93
188
1
1
199
3
19
14
1
181
244
45
16
8
35
201
194
4
24
5
1
3
238
183
99
14
42
22
214
32
9
85
232
108
1
1
46
270
17
58
26
9
259
107
142
8
3
93
31
173
112
35
6
114
140
95
124
4
7
144
73
13
32
6
151
3
3
3
103
12
291
31
37
166
42
65
38
20
1
106
122
15
4
238
53
2
18
155
247
98
154
256
148
31
2
31
245
252
3
3
54
50
8
2
2
23
126
153
170
1
6
3
12
4
108
285
183
3
18
16
38
150
5
76
42
147
71
3
29
216
272
120
29
123
200
112
27
7
17
11
2
17
77
33
14
38
250
8
2
12
30
17
47
9
21
5
269
105
14
196
42
248
239
103
3
12
176
53
71
10
1
139
4
194
7
3
65
11
15
17
6
3
1
66
5
2
1
170
123
151
15
11
2
249
11
196
2
79
175
1
2
15
138
138
22
36
46
11
165
118
4
1
6
10
20
192
32
146
30
1
25
15
137
1
11
60
48
22
15
260
119
213
25
1
1
74
12
232
10
2
60
248
34
58
182
281
2
296
17
1
26
129
7
18
35
5
283
209
70
31
18
31
182
27
2
2
228
35
247
293
65
293
2
4
260
82
5
1
235
10
75
201
66
186
15
29
142
1
77
224
29
92
125
1
124
3
170
2
17
86
214
110
67
105
80
26
171
206
243
22
1
142
13
1
4
142
131
38
2
147
48
1
23
249
37
7
23
128
1
7
34
2
1
6
96
164
20
65
22
22
144
76
66
5
159
2
44
18
294
8
155
4
1
33
4
87
37
4
34
6
2
26
5
292
9
16
44
35
10
292
1
2
62
194
139
3
20
83
43
212
295
38
4
3
5
145
135
222
21
76
203
3
64
5
3
86
19
118
20
22
81
300
46
3
2
210
182
240
19
10
122
144
1
30
137
107
4
3
