661
111
1149
103
5985
181
2025
1608
514
264
459
894
122
125
605
919
978
1654
349
1246
2131
1006
2820
475
3772
223
740
575
331
1242
1239
763
488
1000
700
1485
482
2040
274
328
344
191
828
3051
595
870
1391
616
2020
996
475
799
1336
262
946
416
1135
859
836
464
1077
101
1818
716
2695
1104
1816
476
106
2928
437
1371
2951
2240
2928
1677
1097
597
690
1072
191
238
169
1319
2106
2167
702
1085
2151
1995
34
763
337
1411
47
3075
1979
1156
3506
115
3877
793
1051
718
1038
568
141
1347
3899
1730
434
562
918
658
699
95
3179
238
758
902
5537
458
919
773
903
1573
2571
158
95
1030
1270
834
14
1492
1825
252
2025
842
39
348
1064
893
2170
1859
467
194
717
1078
347
629
823
975
199
794
358
1402
93
342
55
1184
82
1146
1514
753
340
135
4018
1565
1620
840
441
2113
4157
741
419
3436
1137
2385
1012
1476
419
4190
919
336
1777
110
183
291
1141
660
552
511
201
1212
726
1274
800
1845
385
3701
2079
350
908
2135
22
73
1119
18
1847
2494
900
196
300
563
2506
1127
650
621
1376
531
548
1225
1825
1258
1000
1011
1265
280
512
975
247
746
965
565
3031
1453
2846
209
4492
523
868
163
568
1869
1648
4219
30
1397
80
1048
156
1924
1700
3528
3220
1371
837
2337
498
1148
2542
449
160
625
2502
1298
767
196
301
270
2339
41
1388
1145
1728
347
1654
99
327
370
868
160
857
1586
69
140
2923
927
420
1824
1142
1610
124
128
40
497
67
312
1431
1587
15
2821
96
589
1052
1789
314
1292
209
1690
3113
143
276
222
1844
2313
69
25
1001
1332
741
537
136
234
794
1390
991
247
1403
237
1036
278
378
662
176
1066
524
84
3707
1114
1721
985
1453
982
1648
457
4067
171
631
772
583
2174
303
113
4132
300
284
395
90
121
375
421
2
193
32
939
2843
354
1546
2
955
861
517
159
185
1347
1068
968
1062
446
367
2038
3349
1570
118
145
491
1099
89
466
1255
229
156
1668
1116
2367
310
1159
3051
3271
22
576
1230
250
1
1366
587
1308
576
919
244
693
1010
544
132
1832
1481
1081
746
663
622
1061
998
751
1571
1540
623
207
2596
572
109
674
640
1540
958
1070
691
1812
898
111
195
147
975
1152
1878
414
212
70
1403
837
1872
1062
3385
393
32
2753
3339
61
1464
2069
309
722
478
786
496
761
450
1634
1294
1846
679
413
1871
1356
705
2001
282
29
1769
1286
1006
987
45
291
1570
2006
1218
110
22
599
288
13
540
1353
1241
86
196
569
2084
588
2752
614
1300
1629
1866
1379
385
2012
1810
993
4182
866
660
702
473
1146
1351
245
773
62
1572
629
2346
972
1020
557
542
1464
726
141
4459
412
543
983
1365
1541
2919
1343
219
1191
4147
959
486
60
149
644
694
888
360
302
435
1464
567
883
2439
320
1110
1037
868
1267
1173
998
45
229
1709
1286
70
996
162
497
366
357
1376
399
12
1570
209
531
1056
93
1880
761
1490
773
2305
1792
1279
1566
1216
196
243
345
3776
1266
58
535
554
911
1613
400
853
1767
183
266
184
19
58
62
1621
302
113
1887
318
512
1241
6
2918
1695
2264
2132
1702
825
664
253
80
7383
1239
657
706
229
485
110
587
1219
601
373
327
161
238
780
981
74
765
1262
167
105
424
1176
1291
158
873
550
362
26
116
304
1151
1311
1949
1679
161
2169
1064
1416
1113
59
539
1514
451
861
398
1248
1070
4192
710
508
538
386
208
793
5070
1707
723
1841
453
1125
724
991
1900
2812
349
2777
390
513
941
2335
232
245
72
150
331
1251
791
505
496
105
542
1251
2590
2572
111
460
74
445
797
1728
214
581
754
105
2154
541
322
772
203
1002
436
307
2243
1851
89
2433
11
407
57
222
345
1186
119
1691
1543
286
889
102
1175
137
883
709
1094
356
3106
2294
90
117
945
215
1068
1047
1345
155
234
3057
182
3114
733
178
249
247
350
164
130
2170
80
733
440
2593
231
374
91
2685
2309
318
25
260
166
4162
857
949
1878
1103
453
254
325
7552
1461
219
433
2683
1360
750
973
3810
330
74
227
895
2939
759
5276
680
708
1613
1501
1464
1353
1377
103
626
1617
880
549
996
677
1339
2084
37
2287
1707
579
1239
2259
1239
239
382
452
1530
2251
1118
936
1587
358
956
935
294
1151
945
385
874
130
42
1535
265
199
1046
187
646
166
60
719
151
159
1090
380
291
46
129
1175
1390
558
1686
348
1351
421
185
197
171
261
44
528
987
783
471
1140
661
980
278
321
1490
312
1596
96
1463
71
229
1711
519
1283
479
523
902
1460
139
237
723
177
481
414
201
2111
4127
1170
3990
28
378
1095
1096
1923
575
977
772
108
1126
190
239
124
1502
1000
1553
1094
1632
977
42
46
1391
1966
127
686
585
1437
1497
1380
1688
996
139
558
1082
583
1078
442
2190
671
362
2620
829
2896
86
509
647
446
2928
750
79
988
941
193
215
136
1236
1596
498
1047
1886
643
2473
602
460
3284
2274
1620
3342
825
1836
251
1725
1236
1631
887
1594
2133
356
568
47
595
1367
1222
677
491
613
356
1444
510
2596
379
309
460
241
1006
954
268
624
115
1116
196
62
37
2143
1205
265
1501
1426
730
567
1423
188
403
605
882
112
752
1533
27
1083
708
621
212
2348
760
1280
1082
202
1494
4616
17
1215
1656
414
2383
1646
477
340
123
1910
27
39
76
3111
4055
800
109
897
463
460
1646
321
357
543
1087
3890
1567
236
57
990
654
27
162
