109
27
2860
2035
940
860
94
1577
1463
628
79
1377
195
147
383
133
1873
1695
1189
324
483
279
282
560
396
522
188
933
1318
448
596
1297
911
1975
1368
501
2506
576
1933
277
896
868
356
2322
1017
2343
428
2008
1201
4857
1275
148
242
486
961
911
651
2877
464
1390
624
999
750
215
78
485
46
639
1568
4930
1646
2466
229
3815
1401
275
2144
2018
435
192
534
3012
801
4159
46
15
547
707
201
1094
48
47
52
3221
1122
1340
1560
1288
604
1147
871
5117
316
206
1005
285
1325
1019
900
608
660
111
844
1716
2296
906
1341
202
1523
556
22
312
8
278
70
16
267
667
1054
3911
2410
1665
895
307
129
100
247
433
155
170
1220
264
332
434
35
1849
258
501
1257
2549
18
257
842
320
960
178
249
460
147
1403
214
1043
501
76
2083
108
147
387
109
324
505
672
332
399
2245
58
1118
719
250
164
909
616
872
533
386
1123
321
13
351
1300
551
1986
1012
968
1397
1104
887
814
121
848
918
16
412
392
952
271
2048
395
260
38
60
2213
152
188
237
813
2774
386
213
1644
372
640
578
1883
45
622
3319
391
626
27
41
1111
149
412
264
510
332
1852
638
5091
51
2076
711
1463
640
159
1276
1904
1876
729
563
604
748
178
2
19
2226
118
308
427
602
1842
1355
1513
829
247
1302
472
661
1016
322
805
62
390
870
2718
681
558
1338
706
3265
1140
1555
1984
1637
1072
59
664
264
4372
1218
267
63
192
469
425
1634
1135
1059
66
514
500
3210
1289
511
80
269
812
374
961
1757
1260
1749
370
1594
411
1026
102
2411
5042
827
2021
3960
1039
1553
3337
2361
2210
576
3138
869
2548
21
401
195
3016
2821
486
620
738
1642
475
2201
1502
40
494
553
1362
207
2208
350
683
636
2137
777
2140
8
346
1116
604
1357
742
1141
1354
1776
1575
1386
718
508
1323
177
39
2057
600
115
146
2103
535
1655
1463
26
591
63
1162
333
2199
851
304
2378
883
504
0
730
1203
2015
648
439
346
171
723
1635
492
205
191
53
507
177
911
1338
334
335
989
305
128
1072
974
635
2858
1027
70
390
46
2975
1443
877
1030
1699
2922
1253
1058
662
852
101
1164
538
776
2028
1954
10
161
384
334
50
2704
3789
23
2707
491
1165
985
1597
165
787
1
969
801
2352
603
195
631
1220
316
1839
2727
2469
1836
21
422
172
75
1631
49
1350
584
765
2058
1342
68
31
778
25
462
1580
2
265
693
992
413
466
1117
2373
777
57
403
1808
156
1778
357
65
1867
876
426
7
1313
536
606
1223
19
589
1592
1207
786
786
848
1420
1365
1593
53
504
331
2095
1843
1250
1455
1986
330
1519
1169
1917
1379
2830
291
44
172
1219
892
7
476
168
1321
2439
877
1703
65
1360
55
1319
197
1674
12
689
522
23
671
2162
727
36
192
1349
605
160
873
394
990
1242
3537
928
182
1159
3244
1
362
2874
133
571
33
298
367
55
825
131
777
1845
191
558
631
1338
229
410
400
1401
759
3586
1970
89
744
164
381
264
60
614
1895
1396
367
448
215
1616
353
810
12
495
5
862
104
2470
455
520
378
1675
1365
196
785
168
798
1204
680
111
346
125
72
389
1668
1700
1101
570
1288
405
321
137
2086
984
596
2156
1672
785
860
1060
182
811
2364
44
710
841
880
1140
302
573
4
313
938
566
284
940
88
947
2019
796
1537
3155
585
929
1400
396
9
1531
2080
2476
1460
477
588
1149
8
491
509
528
588
3328
2225
3834
557
495
145
1312
229
948
253
221
1924
627
448
868
1178
52
2133
383
1483
1228
669
33
412
1375
7
981
382
38
458
106
1860
758
3845
687
143
221
322
435
915
3227
39
3242
526
2298
3650
87
346
965
878
680
474
1041
150
2288
640
617
1234
1905
389
221
253
1605
170
412
813
822
4
1339
285
643
739
112
949
571
578
1310
838
930
1578
486
332
314
13
1993
441
193
1280
1696
223
133
1481
99
2127
174
42
651
1372
338
926
996
575
498
2030
107
5068
2187
30
702
1230
1860
320
848
1758
183
68
2038
321
77
139
1026
1075
381
1581
372
38
1079
2010
143
1515
719
1987
417
417
541
807
913
466
457
485
801
1250
630
405
382
578
2463
2820
170
166
505
149
1696
155
604
315
2298
1974
2397
1120
678
494
155
65
270
725
885
54
1601
1465
3609
855
155
543
1185
51
1497
1008
585
260
2600
2978
586
485
203
1860
703
1149
840
1324
338
290
410
4524
1152
1009
2709
392
1736
222
175
392
538
2071
2556
1919
479
139
68
447
2425
1314
958
420
456
816
13
2548
904
1237
445
115
340
21
97
1270
1955
1843
77
105
979
1439
146
879
758
140
180
1315
34
2259
2804
540
762
272
786
53
1145
1304
393
233
478
2288
143
1387
603
1730
1758
576
222
163
292
528
306
1245
1022
2239
2900
1865
3333
216
531
605
1008
35
2303
31
313
3057
198
1185
242
265
318
23
149
1306
1375
847
1715
250
958
2069
392
426
408
3031
832
476
62
837
946
27
1228
395
574
1006
1167
1925
166
91
1462
730
583
587
850
1003
27
549
533
535
712
2521
933
2127
63
1914
119
1454
611
99
914
311
822
1580
359
619
58
1294
20
11
177
4046
55
794
714
1067
612
725
653
437
230
110
342
778
128
442
1660
437
322
822
43
779
702
204
409
622
3434
2650
2479
1098
452
32
674
33
629
1577
867
322
41
487
1232
209
212
3221
135
149
1894
426
588
