1004
110
1424
39
5871
1617
197
22
386
4403
2669
3068
472
284
585
2558
447
159
963
953
4014
266
391
3258
320
338
33
961
410
6
635
1247
39
747
931
694
2383
144
339
4494
430
991
61
120
118
86
22
51
526
74
1806
2028
76
388
1420
402
48
1136
1451
5731
1425
2376
115
362
698
388
589
210
5
2245
841
832
109
794
298
4283
1028
2513
239
24
609
2510
529
1274
1189
1941
538
707
286
1165
6084
578
113
855
17
3567
35
3229
1848
763
1303
1530
1255
341
658
1221
1242
319
137
1228
2220
54
750
1442
454
1476
442
259
1676
1116
3424
1263
1882
2270
1774
111
352
2505
4148
326
42
63
895
193
195
177
666
3295
534
63
374
716
1515
839
38
942
835
1966
500
11
1815
560
38
1781
926
1353
96
392
159
1819
1648
555
1688
1086
692
226
48
2241
48
3018
220
966
514
1505
2258
208
827
1087
419
495
948
436
89
957
6162
25
814
705
1400
176
2216
1010
647
745
1084
487
574
240
548
39
477
604
5046
119
851
1066
198
1396
69
375
751
3
490
236
65
655
1447
911
928
3192
170
451
23
946
1066
722
317
353
823
1306
786
189
48
422
279
267
1410
71
210
390
1110
687
816
118
224
642
1259
1305
702
4666
1006
1309
1858
513
1999
1742
3241
575
612
290
4163
3518
103
264
1225
2504
2077
109
1537
611
36
1083
472
7
2363
1007
409
1067
1296
511
1970
332
154
148
1504
913
1256
2034
1570
491
237
184
125
1748
3629
272
435
1288
960
1156
2920
543
845
305
3463
1449
644
374
760
259
136
895
76
310
3022
983
1924
995
898
1
4407
113
713
1356
320
2418
2880
616
616
3128
69
564
877
923
947
1400
3143
216
622
123
587
4126
171
627
539
616
1152
667
89
900
385
592
1240
1035
676
1279
1260
735
765
1752
1090
2346
638
67
37
544
693
1029
789
371
191
1675
405
2142
1457
699
420
1038
2224
32
2663
474
384
2567
3189
818
262
208
1382
149
127
340
510
895
1126
1264
1942
1054
70
65
6000
975
7
666
2916
132
489
1764
2059
28
798
997
828
217
1212
1231
65
1392
501
3013
1982
638
162
535
765
1630
116
1053
632
1344
1012
516
285
2601
3949
428
883
162
1068
2039
769
1781
7
608
84
851
2025
1321
20
1559
2484
1052
1780
78
1736
81
84
216
1203
1563
88
772
1682
853
597
2003
5773
962
532
1342
522
268
2440
487
1770
880
65
167
709
1311
463
4559
128
1110
49
2786
1011
748
331
266
1956
2105
878
1155
690
567
683
740
1237
261
4227
397
1032
862
178
1106
861
235
242
868
518
961
3925
139
1079
824
53
1623
942
1195
167
280
1300
28
2119
1578
1318
435
121
825
2890
134
1795
2902
300
2787
349
1262
688
312
541
786
308
484
350
2113
1355
429
590
764
1826
1230
41
17
1247
285
582
550
1190
1051
1511
1384
2306
144
1131
1043
420
2773
619
2177
1127
1938
684
208
3152
2765
1949
938
1190
1136
557
2977
17
1469
3354
1557
884
1264
998
451
1867
538
2676
3985
757
337
438
1051
1719
848
252
187
796
374
535
422
402
585
44
3668
913
1685
327
121
890
356
1299
267
1049
1877
1352
2935
607
461
2985
314
452
821
1809
801
826
258
541
2568
112
3929
438
635
380
717
536
426
888
2395
263
576
3753
218
520
339
450
859
241
1162
238
762
2106
277
4154
1242
1527
972
187
772
603
753
418
1616
479
1432
1048
890
305
3534
3420
2505
1615
2146
418
3354
987
882
698
56
1770
2609
1238
2694
2086
735
2092
69
1090
1377
357
447
950
1754
370
56
1079
240
2074
106
492
2527
274
4646
116
461
273
1279
54
762
845
71
4
15
986
109
455
1672
863
336
229
598
220
371
2075
319
456
98
695
1173
273
1120
621
170
80
766
690
1011
476
795
595
227
2280
1215
1007
3968
500
454
315
118
186
184
1808
363
758
301
562
334
455
2348
329
1297
535
173
5071
1359
709
531
38
1366
906
65
1758
1212
370
2215
679
1095
57
51
264
2335
1665
815
562
3479
2622
2157
564
601
980
1029
867
1375
1448
1144
54
171
652
94
242
145
44
825
1392
1308
1243
523
1344
329
1240
382
1861
58
362
844
440
104
122
536
24
722
321
1586
194
447
552
819
2768
1254
417
590
22
1718
371
1182
76
2277
29
1673
552
599
511
338
308
248
844
1327
3176
1462
419
540
259
1753
1172
1224
1750
1204
305
46
477
367
3
512
648
1890
1029
159
936
1835
20
141
47
1258
585
368
615
1044
299
575
4037
486
110
17
172
1517
592
863
527
240
141
324
759
299
1494
1736
355
827
1496
178
1515
2116
126
77
181
33
12
903
132
2021
425
388
539
2430
56
600
473
110
147
881
35
2029
108
1299
110
626
1539
613
142
1283
709
1652
392
432
1086
646
29
782
1024
3696
537
1426
1264
958
399
176
245
2490
679
133
1557
366
513
1001
257
266
2762
1195
1104
955
1376
1371
789
169
403
2414
32
977
2120
384
445
519
2699
2613
479
1441
3391
1685
2882
1837
1419
1680
2236
90
2348
1228
1033
898
294
257
3697
315
1655
2381
565
445
4426
1953
230
490
2583
92
503
1582
2861
34
1509
487
10
850
1354
897
293
388
2530
1171
162
2430
665
125
495
332
1625
2184
1238
1690
70
1528
899
959
133
1311
3823
2197
388
1039
976
3816
1505
918
877
4396
805
545
676
1138
2468
673
848
1843
768
372
1102
822
389
43
254
4002
604
3288
306
552
1316
321
75
596
13
230
1902
38
720
