28
7
173
26
35
33
288
32
125
212
239
282
33
65
26
28
187
10
236
15
5
14
218
53
117
161
113
9
90
14
51
15
22
257
19
9
2
2
7
145
1
1
21
15
25
117
102
215
18
84
75
21
69
62
8
118
59
86
14
5
26
146
3
43
3
100
41
183
19
2
3
170
140
10
104
201
5
61
130
142
4
25
11
2
9
2
11
56
238
103
1
59
158
13
35
181
77
36
15
42
20
1
129
12
119
22
64
25
238
10
137
31
207
7
26
148
180
11
3
29
16
249
134
107
246
22
12
229
48
236
77
79
157
92
7
57
12
8
217
252
8
2
2
155
30
10
21
36
153
26
222
135
51
201
170
9
1
21
153
222
18
257
170
191
6
29
45
149
142
9
196
9
4
29
243
4
21
111
45
152
32
18
12
2
6
3
64
164
50
289
168
12
131
76
217
39
8
3
20
62
1
2
52
239
79
88
23
1
20
46
289
5
1
97
17
219
31
1
2
4
24
28
50
14
26
1
4
1
12
18
147
73
248
216
4
65
81
5
169
41
169
273
18
1
40
109
5
6
4
219
22
9
227
235
4
47
30
21
2
55
63
21
37
22
268
2
11
8
69
3
31
16
29
109
91
37
120
254
8
50
88
9
10
26
81
14
28
40
163
153
174
73
24
2
3
31
3
39
2
1
68
1
186
3
14
174
17
137
209
224
197
10
221
35
161
27
240
1
1
1
46
49
80
1
4
4
35
127
26
1
3
1
44
238
1
194
19
14
74
172
271
12
56
183
114
4
78
48
55
46
2
116
3
70
34
2
148
6
1
61
59
19
1
18
243
12
1
150
109
34
1
153
4
17
222
10
123
270
20
244
3
1
4
79
153
140
3
58
15
103
2
1
85
3
4
81
84
185
13
138
245
11
12
38
105
67
23
3
288
1
34
91
5
1
6
6
3
1
26
7
3
23
258
151
4
49
48
4
1
42
2
61
198
28
8
13
153
46
43
34
82
279
103
5
1
6
2
7
4
7
136
1
229
104
133
4
56
238
2
20
136
2
15
4
37
254
31
1
1
242
9
2
77
2
8
8
242
10
1
24
190
1
31
255
179
92
1
169
4
68
74
32
80
153
71
39
48
134
15
20
30
2
226
7
1
6
3
83
63
57
44
1
4
106
2
196
7
227
8
230
28
8
4
197
220
7
47
12
154
28
4
8
272
44
44
249
30
147
18
30
25
57
94
17
92
18
140
22
8
26
255
70
171
23
74
254
134
43
205
287
122
11
17
13
10
28
15
2
13
1
50
1
3
29
3
17
49
13
22
11
1
4
123
148
1
19
20
24
19
3
261
9
1
11
15
1
8
34
267
213
117
1
2
112
157
53
32
3
197
1
83
51
241
3
152
15
85
131
246
63
97
254
197
53
57
10
2
51
1
51
34
108
77
1
105
37
235
17
219
218
54
102
89
19
108
157
106
45
8
31
52
3
6
2
37
10
105
234
187
3
184
41
3
1
70
4
112
133
231
30
1
256
147
186
22
67
38
66
34
277
74
1
84
114
23
48
252
100
9
77
1
30
126
4
78
7
132
6
3
1
272
27
79
15
6
6
10
60
127
3
23
232
122
150
173
90
178
208
1
50
8
201
5
249
5
128
3
43
218
94
92
240
29
9
111
5
3
189
182
136
6
1
122
3
2
14
211
4
5
56
13
292
66
20
1
16
79
70
1
20
1
28
35
40
21
15
68
64
89
10
45
45
14
1
43
14
48
62
46
147
56
49
9
14
149
19
125
36
52
100
36
25
8
46
200
130
39
6
192
1
73
18
8
117
266
1
1
17
2
23
27
127
53
12
42
78
10
237
1
1
32
252
30
50
8
4
4
5
136
41
5
109
31
120
181
66
177
38
139
40
4
24
9
26
2
8
8
2
3
9
10
7
2
90
21
5
11
2
33
52
81
141
63
12
23
93
11
1
6
3
41
14
60
226
156
264
13
257
206
4
8
39
81
51
1
144
260
28
13
94
204
3
4
158
128
238
1
31
231
23
8
121
99
25
2
35
128
78
18
59
147
1
74
48
27
6
1
236
284
1
10
128
1
20
1
34
161
15
1
6
2
10
5
62
2
11
113
38
258
239
32
1
7
203
190
20
186
216
2
1
6
61
46
114
71
95
284
1
6
99
38
1
58
4
20
12
202
22
10
10
45
75
163
2
16
37
45
146
3
3
14
1
3
176
10
74
104
5
28
2
70
13
2
59
121
7
2
104
143
111
1
258
37
66
101
72
6
17
290
84
58
1
201
61
71
19
127
22
246
147
21
5
291
157
23
24
87
55
291
12
7
67
283
5
18
189
2
52
3
195
55
32
60
131
68
20
1
38
136
8
29
119
217
3
6
57
5
18
53
28
40
211
85
95
249
101
13
3
6
3
170
1
13
74
5
