124
168
14
45
56
241
3
7
183
8
275
79
111
294
133
1
6
67
106
1
239
3
7
2
51
4
1
28
21
65
144
3
131
1
20
263
68
43
168
92
16
146
1
96
34
10
1
4
85
168
3
221
184
211
101
12
212
175
129
1
3
3
51
258
41
4
9
8
1
1
57
14
7
3
119
12
25
1
135
14
11
1
6
25
30
59
1
229
8
30
31
4
6
21
6
274
39
69
9
171
111
19
11
175
42
254
19
38
132
12
14
1
185
31
10
31
73
5
2
119
6
215
2
73
197
20
82
242
1
248
192
190
10
1
17
3
10
141
8
38
3
256
5
7
8
96
1
1
72
261
248
135
4
6
253
4
157
14
1
8
4
29
88
9
269
47
153
50
1
34
20
23
139
101
209
10
77
205
2
17
1
6
26
1
233
92
7
46
121
25
2
34
17
36
3
73
16
9
88
34
9
215
17
11
127
5
12
3
6
20
2
8
35
13
118
23
1
64
70
28
2
28
8
13
45
1
54
118
9
243
9
10
101
236
72
8
174
6
21
15
16
2
30
10
22
51
10
15
62
262
181
1
23
133
31
200
33
6
1
136
126
7
154
28
18
24
13
50
17
177
28
1
21
82
11
74
140
7
14
135
2
270
15
42
23
7
4
23
2
2
15
33
6
38
247
50
187
207
257
2
56
2
223
5
25
108
16
229
15
14
29
40
159
9
1
4
54
83
100
4
256
104
6
215
34
3
15
217
27
3
4
101
80
53
36
86
76
1
31
68
73
74
1
88
8
50
9
271
25
11
5
40
9
84
25
1
250
16
33
9
3
79
67
20
9
265
266
41
38
49
3
213
120
2
58
15
4
99
71
8
4
10
1
11
28
65
2
203
6
12
222
1
79
5
76
218
10
15
41
12
8
1
125
25
73
296
51
8
9
8
5
3
35
26
74
16
81
25
6
28
179
16
109
4
81
144
2
9
10
113
18
169
6
53
15
61
39
17
10
8
220
61
21
14
134
46
1
3
49
50
206
44
1
29
112
2
3
152
30
7
141
1
143
1
71
34
125
180
151
1
4
2
32
19
20
18
285
283
1
1
45
297
132
170
10
2
6
20
1
109
252
9
3
10
127
58
77
225
10
11
105
116
11
4
123
4
2
149
273
159
18
9
1
19
50
60
156
145
235
173
193
12
41
17
37
53
14
79
37
35
132
238
2
14
210
271
4
7
119
153
2
75
3
3
241
139
19
55
161
11
55
96
8
72
163
23
83
254
13
8
114
21
1
8
53
276
230
8
1
53
56
5
18
157
7
13
113
45
83
4
147
168
33
114
297
13
284
113
1
19
204
4
16
104
88
24
1
7
63
1
30
159
155
7
72
3
75
20
201
4
195
7
100
48
115
145
3
20
47
92
257
2
74
288
187
54
107
91
165
185
10
154
22
75
247
32
127
22
2
48
253
6
150
175
29
9
9
17
72
139
45
112
75
19
1
172
44
4
36
131
199
28
8
204
12
241
2
39
78
15
26
88
9
192
255
291
9
253
69
128
5
11
3
270
11
49
28
147
17
45
29
14
111
9
1
120
16
241
179
47
54
68
49
265
143
6
35
11
49
22
242
259
67
246
69
16
1
1
101
30
79
41
4
124
1
6
2
49
23
8
1
15
220
3
141
7
56
33
119
3
56
1
228
61
141
33
183
26
113
93
210
132
13
61
6
121
99
122
7
4
197
28
19
90
3
50
2
60
3
1
1
113
221
47
15
8
4
31
89
6
45
120
31
64
6
239
1
129
234
111
55
77
6
158
65
4
203
28
30
73
3
45
37
174
211
58
260
47
4
169
61
1
3
4
91
126
52
2
8
151
16
126
2
204
9
11
4
97
142
142
125
12
80
19
58
11
1
3
62
3
2
56
1
54
1
251
11
5
4
6
9
34
70
10
1
103
3
102
34
256
49
135
68
228
60
16
60
56
1
10
11
27
4
105
225
1
265
6
10
69
109
13
49
13
72
105
164
226
1
28
109
268
114
6
13
85
4
93
31
1
200
207
140
94
166
114
202
222
62
46
85
161
1
6
1
7
1
215
58
7
53
103
1
201
37
79
2
266
57
53
76
1
173
40
12
3
169
5
4
43
4
51
1
1
7
229
4
167
202
18
18
94
5
240
22
79
96
20
263
1
8
175
2
43
41
52
5
2
176
4
151
7
21
192
5
199
1
161
1
3
141
26
94
272
4
5
141
232
16
31
130
133
90
35
258
15
77
24
15
57
28
138
106
281
103
6
5
1
67
3
37
16
23
4
7
7
8
19
21
8
7
1
16
185
45
2
1
123
6
212
7
72
7
4
3
156
180
163
287
6
146
79
13
161
89
15
6
223
115
19
181
192
10
72
218
133
4
40
119
73
2
179
26
94
228
138
21
22
19
3
1
31
106
31
16
