58
30
1
33
276
119
36
145
1
266
168
237
5
211
119
175
1
1
8
5
101
15
162
12
112
140
1
28
11
1
49
248
4
26
42
2
55
155
7
2
6
88
177
171
31
192
1
9
188
92
123
3
72
2
148
8
284
204
12
229
1
218
64
222
3
23
278
2
167
32
24
25
39
83
228
81
43
1
37
14
31
114
197
138
49
1
26
94
12
1
4
2
12
3
41
7
65
60
11
164
1
68
1
159
53
37
1
55
69
1
79
8
33
100
4
20
179
22
87
17
2
10
22
157
30
1
52
1
140
3
2
7
203
68
167
22
20
52
3
231
100
112
3
50
4
280
23
1
6
40
289
3
20
42
35
70
255
187
37
21
7
94
44
5
300
4
106
5
20
33
300
8
13
193
13
7
45
145
2
31
23
14
104
1
12
6
2
6
212
6
10
221
5
100
95
1
11
102
3
240
88
4
128
12
163
73
206
4
56
5
30
18
106
136
55
1
63
6
17
3
5
174
50
6
2
101
206
7
13
25
3
2
2
257
2
222
34
23
8
90
3
3
106
25
174
10
2
59
1
4
19
73
53
11
8
257
1
32
237
287
100
9
122
177
3
140
76
41
238
33
1
86
133
7
185
88
90
143
26
1
18
14
84
111
89
10
2
130
2
2
11
1
21
2
3
80
141
6
1
17
195
26
3
46
106
93
1
43
6
10
2
207
32
6
21
18
32
8
13
6
219
25
41
3
2
293
176
73
3
2
219
52
1
10
243
4
1
36
70
133
104
131
78
211
11
49
43
67
1
12
300
47
251
85
4
57
69
15
53
40
199
2
233
46
15
103
1
185
9
11
1
100
54
22
116
1
75
1
14
176
32
87
169
3
42
14
131
253
61
2
29
112
136
65
8
113
272
227
15
88
152
1
204
33
2
147
32
1
16
94
3
43
28
283
1
39
231
167
34
16
1
38
166
80
239
25
296
80
30
11
97
13
6
2
3
42
68
50
8
77
53
2
1
172
1
55
232
40
106
289
111
68
69
265
248
28
36
39
1
58
107
15
47
1
171
11
42
181
20
2
10
78
58
72
219
5
54
67
290
283
35
26
231
2
48
117
16
71
16
255
1
13
2
123
148
172
115
9
2
6
95
1
65
2
106
255
1
1
5
63
199
105
156
1
24
1
6
18
15
116
15
63
2
2
1
8
1
1
11
51
6
3
61
74
2
56
156
3
6
37
132
137
162
37
115
3
292
12
4
133
201
88
204
266
4
8
68
127
165
32
8
2
3
2
156
17
57
154
262
1
11
4
2
9
5
35
1
152
4
1
220
201
52
1
160
3
21
249
105
202
4
18
64
1
24
67
5
1
150
88
11
46
36
69
5
107
2
48
102
163
36
3
210
113
123
25
40
17
279
20
29
1
1
144
1
17
24
31
2
40
4
26
6
87
259
2
4
260
1
42
1
250
263
3
167
218
6
55
52
186
86
63
93
61
8
19
24
76
38
3
19
204
142
2
13
79
49
75
1
57
288
260
7
49
48
14
230
185
282
4
7
222
137
9
286
213
181
160
261
19
54
14
9
30
36
15
21
4
27
2
1
2
299
66
255
19
54
107
67
12
148
123
111
21
5
72
79
23
56
81
7
6
14
79
77
128
227
63
7
93
1
11
290
2
2
1
62
25
168
30
50
210
2
95
159
83
198
243
160
1
37
7
116
193
153
174
130
5
31
226
1
43
237
7
4
16
30
3
218
159
80
178
10
59
104
141
1
6
244
3
1
37
71
8
1
123
1
51
2
85
300
24
162
287
119
262
117
47
8
2
117
3
100
37
9
110
3
2
2
206
142
192
219
7
120
20
256
3
3
54
18
25
76
2
59
5
8
165
1
64
48
13
200
2
10
46
29
5
66
5
80
1
51
1
209
163
176
12
10
7
116
154
39
235
1
3
183
12
8
275
28
1
201
210
7
1
186
4
5
197
17
294
26
33
5
251
1
7
142
231
14
241
55
3
34
41
207
2
86
1
14
244
38
5
16
99
1
210
2
171
268
44
165
289
28
19
242
2
24
8
1
131
17
57
8
44
300
35
26
22
94
1
6
20
8
130
168
5
4
274
1
195
8
200
22
298
28
52
1
99
108
271
67
1
1
7
40
2
128
9
58
268
73
23
7
65
230
14
190
12
112
9
234
2
147
170
269
54
2
37
10
2
2
13
36
6
28
21
2
38
54
12
83
70
280
3
118
64
11
10
1
138
183
28
3
108
2
1
57
268
54
220
1
257
81
12
3
96
20
4
1
119
20
70
2
1
3
1
18
243
35
104
4
112
1
168
2
33
164
118
11
41
3
112
31
1
195
1
1
2
263
1
292
257
8
4
52
175
1
25
101
163
61
254
8
165
1
105
24
5
15
60
78
18
293
14
4
9
33
4
108
1
26
97
174
