2291
2131
551
46
343
1600
1038
1621
1231
3305
278
1453
203
949
696
3049
1527
877
1921
776
498
1307
1086
1565
2631
1559
564
661
220
464
1061
1095
167
873
181
308
1069
420
610
183
2026
3093
163
270
50
889
692
1022
263
23
1108
1138
2025
1611
1114
256
784
1505
639
759
290
62
138
728
23
1027
261
777
803
1305
256
149
728
392
352
64
377
1426
234
160
1309
329
1511
1412
166
1841
1621
380
766
263
724
445
943
1388
1340
1583
291
1337
4058
1579
982
756
227
1276
302
1006
517
3973
938
392
5279
197
644
947
848
591
317
874
1362
1153
2542
1584
340
4905
190
395
187
218
113
263
404
925
57
23
206
258
2428
121
1668
260
1650
240
564
215
569
237
716
585
2849
1161
6088
308
946
69
3421
1419
3629
826
843
833
614
2358
749
1300
1758
872
2380
217
855
1741
252
2133
1860
478
2566
1565
493
644
123
1952
451
185
1341
321
707
989
441
326
591
2313
992
440
568
112
115
427
260
4
682
366
109
889
836
1014
1349
179
122
300
1768
162
1585
4433
1638
1327
707
797
213
184
603
1742
2834
432
2028
181
2955
2728
1323
319
1136
984
520
227
50
1788
1677
536
349
2527
1261
590
2080
507
2797
2445
199
1348
471
295
1003
34
768
2162
123
743
173
762
321
320
1916
149
539
645
1474
1290
831
1740
1213
1280
92
410
26
330
1136
1987
400
343
944
867
3201
1534
44
1739
304
330
313
1267
245
3288
887
463
595
143
280
270
436
931
446
2407
1779
824
1854
45
817
1353
429
294
4006
2083
1985
355
137
1284
763
268
1041
251
92
3391
139
189
171
2052
589
637
464
1197
232
194
330
1642
3400
201
345
1741
652
1867
306
545
289
664
1316
1125
850
174
963
246
559
3338
1191
1789
29
116
975
775
350
478
481
48
360
869
29
3061
2910
542
383
497
651
1213
489
1093
732
66
239
1629
2864
548
1685
532
319
32
290
804
2373
1172
186
70
489
153
2746
82
5793
572
644
642
2356
420
875
789
937
1506
2259
4386
137
1622
184
370
149
175
178
29
391
1324
4004
471
500
640
2636
1402
2160
1675
248
56
1212
41
176
899
684
97
169
2770
5486
541
102
614
1240
48
1181
337
1371
379
1559
2262
474
1977
268
534
306
2709
198
777
348
1142
1896
876
127
1559
253
463
2451
1855
358
768
160
37
759
2075
100
220
376
1374
1843
1136
169
1073
166
3329
617
2888
144
27
1805
591
670
937
649
163
416
3410
1064
35
55
1727
82
1183
687
3807
1844
1916
1579
104
336
640
2349
575
425
1529
1075
386
167
950
2165
418
1004
208
429
2281
343
225
117
713
3150
6
135
464
1744
1390
121
553
1076
2551
4081
1138
301
873
5926
168
1576
1952
632
353
405
255
766
1519
65
299
2203
5492
576
222
1397
1468
73
1611
219
130
1121
105
823
303
140
1208
541
675
645
166
1276
331
2277
417
814
855
982
494
2126
793
465
306
1105
880
658
110
1492
175
117
1786
953
597
352
761
203
1686
1851
2030
1337
318
69
1047
202
194
294
107
480
884
901
1859
959
1584
770
1046
2447
834
475
351
812
2470
1731
2969
693
319
2432
101
61
243
267
558
187
678
301
378
180
40
1354
648
793
1607
3274
948
617
87
797
91
960
2017
3117
957
697
2371
672
2729
2453
564
2018
202
313
354
1088
1907
1159
438
547
38
1941
2553
1668
945
1034
3321
589
1596
364
2236
1813
1074
2018
512
1196
469
628
732
24
3381
583
815
634
226
1362
571
949
72
582
1167
210
93
3269
6868
910
1197
828
385
870
1837
27
656
1256
831
495
1307
259
573
2230
423
1219
991
849
19
304
2558
458
794
3673
1996
461
2236
530
111
1877
263
192
1302
2187
2096
94
74
1381
551
443
368
2302
899
92
1174
423
1027
396
767
479
1574
1203
1227
1711
1574
2028
773
902
3
1144
184
1352
213
128
1962
2893
596
213
90
236
2202
33
501
895
2731
801
2601
1708
2164
75
508
308
25
339
1107
624
2946
959
271
278
2103
1394
547
962
1312
355
345
1223
1808
83
500
143
523
711
2568
4446
505
232
309
738
381
310
385
1646
311
196
51
690
1018
321
395
2195
271
2141
1340
893
2673
2326
144
495
357
385
654
46
144
434
1169
997
494
915
1032
446
391
278
18
171
1305
1668
3575
2115
849
773
1194
2616
371
233
3259
40
3604
848
2008
265
3313
2391
12
2487
905
62
194
56
576
754
4190
1238
589
2029
1579
5309
144
2598
326
2056
11
441
437
490
1297
2856
1423
4446
108
222
1847
369
2571
4435
431
969
826
507
1422
1096
217
1737
607
1312
481
159
816
2327
1221
375
1640
3354
681
749
112
182
1184
573
3283
1271
1356
1248
298
771
1112
522
396
1267
78
28
497
168
2114
99
44
432
169
66
779
1207
998
1243
726
1059
1361
1509
386
821
460
340
598
842
1416
560
1975
889
2062
2082
1794
68
562
1743
515
424
56
538
894
158
943
612
323
99
170
882
611
56
190
138
15
630
416
154
91
2257
87
2485
2431
855
825
604
123
429
487
108
325
447
348
1034
1469
544
1832
1085
315
60
1406
1321
4558
1915
2040
93
847
1037
188
283
208
990
3834
94
923
195
528
1104
1417
290
178
1771
62
1044
255
218
882
1563
46
2462
267
588
2682
1440
33
231
488
1790
466
145
203
1653
637
537
2719
623
346
87
101
698
95
1275
119
1108
691
361
25
237
442
1080
195
1211
1786
169
363
538
2489
1092
3106
646
669
1636
