1600
224
1956
361
1941
829
72
344
1933
1330
0
1735
2662
51
687
972
690
2040
1762
1544
434
1052
2200
1625
2508
797
33
80
2453
140
3019
1290
1328
47
726
634
6
681
441
2684
3405
294
189
3029
146
23
768
152
305
335
1352
1116
1932
4624
63
24
177
571
806
12
324
4994
720
584
290
1226
8
1128
1078
184
492
925
985
967
706
679
832
1619
1924
3774
3384
912
152
330
2652
1781
203
1460
814
882
349
485
1527
1767
472
1227
206
254
114
287
403
593
27
1288
698
370
710
387
374
702
336
5985
1757
660
1460
755
331
232
294
1048
385
3098
667
188
134
482
941
844
1020
299
271
2042
336
895
327
305
1318
1659
338
146
464
839
1578
900
2084
200
522
2459
960
2430
2620
1080
491
633
1903
1262
256
5836
119
262
614
1385
791
915
145
460
644
255
118
2534
527
492
3
158
540
799
493
334
1859
1400
314
1211
310
314
918
1022
430
1315
239
327
5545
359
101
158
426
270
35
1573
2898
299
874
186
21
733
3445
1791
685
646
287
1689
574
2513
402
380
11
617
403
469
196
81
1394
553
1258
1305
3522
5148
1776
1209
340
1420
1275
1767
309
60
437
518
24
967
1013
1078
248
524
4624
1118
1647
3422
977
731
683
138
1702
2848
221
137
1253
182
1554
423
1811
68
795
518
946
1235
111
339
899
598
773
70
944
31
1000
130
378
1113
725
1278
84
1
94
881
263
1019
1201
1440
326
1559
1574
1705
2000
2569
500
545
445
1065
250
2904
3646
804
669
1589
960
1812
354
560
1857
392
889
2173
920
1749
253
675
39
985
544
465
945
416
1748
37
1620
267
1399
462
515
516
404
675
990
105
471
542
242
193
168
2126
351
254
1666
2104
181
3095
2611
572
410
1733
70
77
96
2693
682
1110
416
2502
12
1027
1096
385
3575
272
778
287
86
977
303
928
6
251
182
262
78
1169
1288
752
869
98
2255
92
568
1023
583
425
1624
973
1364
2266
50
1747
189
2178
1362
238
1248
2129
1488
812
287
1065
66
376
1697
418
175
555
1778
521
1614
114
433
1157
366
603
1849
795
386
2561
851
173
4161
157
1302
2162
1961
421
694
804
224
177
334
160
1188
478
2736
1922
12
629
707
565
266
1000
4191
676
1381
698
228
183
1119
2984
1476
118
834
1866
2763
591
104
1531
198
3176
26
474
1060
389
1071
1092
1699
63
2413
853
632
763
2309
1838
347
167
1486
616
72
120
2571
1852
835
1847
970
516
1167
2801
49
601
1680
2072
534
65
2915
405
1868
255
859
472
4116
2452
2734
180
156
458
903
568
156
2250
289
2558
436
967
768
2443
134
1899
269
5267
1278
59
2946
1977
793
609
2813
213
779
772
436
1193
2740
480
1415
297
725
423
1035
612
433
83
777
942
17
342
1572
15
1117
203
2115
524
2389
8
220
2622
591
692
646
4980
2838
64
259
1690
221
15
1998
2082
236
997
2001
54
932
0
601
674
316
36
1790
588
1628
829
3725
1213
573
6
33
2487
155
488
1087
918
51
914
929
538
927
289
1716
1539
351
44
191
26
1284
315
168
1617
3537
742
2607
205
1196
2618
501
2251
294
115
663
3400
1522
593
115
533
533
82
724
2621
789
1329
730
2283
306
246
292
331
1933
548
633
1454
1494
1135
61
1760
41
2283
2151
1415
1055
1494
81
946
211
40
965
82
369
835
227
26
723
336
235
724
1216
329
217
1601
1747
633
1018
1115
2884
1822
326
577
60
351
633
355
2152
132
783
20
1920
1513
322
577
905
1178
25
2315
208
170
441
1524
107
1468
0
1796
588
42
758
723
79
437
731
1133
200
1751
42
1244
969
549
678
1303
297
134
265
625
1273
6
1007
603
1313
224
4811
368
2045
1145
104
859
332
623
5736
30
20
2371
503
494
663
79
2062
1624
363
1264
264
785
1989
531
1372
35
1891
109
732
739
1439
95
1255
610
281
1098
3277
1660
426
569
473
463
535
872
2148
4092
3727
3257
1105
472
1422
247
179
273
2492
1366
786
1470
132
1839
1011
271
2663
838
460
1022
1851
849
907
343
231
386
980
408
2655
107
192
147
113
335
172
2925
105
331
1984
358
46
35
1235
592
143
143
1901
4256
692
1035
1551
790
235
736
139
264
1456
112
152
348
583
1816
55
64
1870
218
812
655
106
831
93
70
670
430
1942
1197
117
1945
350
3803
688
186
29
417
1312
177
510
1856
1766
178
243
118
742
458
671
2356
731
1156
1964
276
2800
145
638
1114
1698
1809
1033
102
1006
1822
306
211
2762
400
834
66
1217
251
1611
184
883
571
44
3551
2923
8
960
2198
1007
1186
499
1691
2501
131
603
1310
1686
730
1790
744
856
232
132
529
262
1893
771
386
330
340
2172
464
1295
364
201
900
792
853
200
545
701
485
1600
78
1010
178
2247
854
452
20
3112
544
234
114
1228
2533
711
761
1372
1210
612
157
145
69
1692
1037
288
161
1429
304
1546
51
1017
374
855
66
1325
1877
911
141
262
496
986
469
2019
226
688
352
282
532
641
1685
1506
1104
123
1916
431
213
41
356
2850
228
386
676
84
91
89
474
780
1104
141
329
2343
484
606
1088
731
247
123
18
548
1152
548
1690
834
1370
3
1664
2055
808
630
134
679
268
1
1037
1843
1810
548
2314
14
12
2229
2175
576
440
1889
1181
27
1329
561
338
4307
328
312
527
253
424
333
230
1051
319
145
1334
730
1820
161
3105
81
915
912
560
1837
594
482
733
1698
1303
1294
73
1083
232
1194
