273
374
1263
427
2303
261
426
93
1057
113
2017
912
2667
912
723
795
1733
216
272
500
1576
1190
295
379
1057
994
1836
205
968
1152
940
5511
831
964
1831
102
274
315
1036
67
1169
675
582
1097
1392
545
1737
188
6146
256
1038
139
1867
1065
1198
724
753
854
81
463
540
1132
456
1
554
740
4156
39
324
176
305
320
19
623
1023
2224
1119
127
812
1791
1641
1075
350
419
2244
1087
1522
2943
52
569
283
122
1605
1079
1455
138
46
203
1917
2180
694
3988
2187
304
1271
2942
3045
545
1016
156
1760
4684
3309
1127
1593
1329
784
591
218
2557
942
3120
118
329
704
2657
1224
615
61
1849
3097
167
2037
1691
837
398
73
641
823
858
419
149
421
373
707
233
761
1430
224
2975
1124
558
451
88
1030
370
371
2176
169
547
993
94
1721
326
142
2134
649
415
503
505
336
1228
538
3566
1127
133
347
768
121
72
1068
1242
240
573
1623
2141
3501
1341
34
119
869
1123
2013
513
35
308
1887
1426
568
377
326
2195
1865
499
86
450
1391
169
1381
76
546
1172
1406
3029
460
1909
44
818
3908
1097
662
217
5701
531
164
390
1980
1733
1911
572
113
1183
3039
305
2397
862
2395
1518
660
580
80
241
490
963
729
40
1039
1524
196
1536
774
496
550
1394
756
958
811
2125
326
1072
353
436
389
112
2517
332
225
942
23
597
677
915
1081
185
1579
4066
588
922
89
3
430
638
105
2511
144
3359
1331
2466
1899
1634
656
229
2091
1388
478
588
477
1297
169
4613
339
44
4870
920
688
395
351
2635
696
28
1269
493
302
2893
2170
223
1265
2663
175
1313
259
756
490
115
634
1197
361
2441
2079
1720
1388
345
374
734
180
3345
559
359
4213
20
906
1990
4089
1999
129
1636
1239
316
989
469
821
76
1687
19
88
239
324
1289
938
909
1655
892
39
164
520
73
1252
758
2548
74
1244
1458
994
1173
932
255
438
169
183
2928
921
553
438
3763
249
1727
1067
764
1422
2606
45
137
412
1208
1130
572
415
286
451
2514
1347
1972
187
2564
363
1239
279
2948
1451
622
1665
2048
3280
481
851
212
4
58
564
80
231
266
1006
441
33
477
115
16
53
1664
254
109
3051
205
707
349
738
2078
292
473
155
276
2654
103
999
839
6
1236
1664
202
338
1254
635
664
59
402
232
1677
1440
546
1996
967
2445
1629
3353
400
238
401
917
293
749
1007
413
771
156
56
1811
1002
393
1344
902
743
2
466
58
1730
1128
667
4229
3450
1195
741
1688
582
2754
2371
446
583
1279
1435
703
2744
426
5407
152
31
123
2307
98
1212
101
1319
129
295
1130
2064
17
794
715
1352
2021
1288
1109
4020
473
15
1723
1134
423
215
1568
530
924
1417
218
22
844
1904
230
354
195
16
2381
1068
298
666
3010
727
576
861
70
1243
201
57
1008
792
1563
306
1833
517
357
1044
644
2026
1904
2093
358
21
87
206
1278
363
1419
198
360
2036
151
992
366
1131
1058
1755
249
1051
1715
3149
550
2357
3728
1516
53
156
10
4286
4156
617
2111
414
269
253
875
55
898
743
703
127
2234
374
479
390
1509
1209
377
2230
775
876
1032
810
1013
789
843
792
508
384
380
641
23
2102
164
769
1235
38
180
131
2962
2688
855
127
2893
3617
448
3363
2280
370
1050
1713
2280
700
485
1931
1586
270
51
217
329
1217
2205
1396
1371
574
1577
2360
1394
1698
41
393
12
643
1128
5014
819
639
994
17
3281
66
358
1690
7
26
45
216
1321
177
2358
619
1399
1049
2387
1198
1387
26
3521
1087
6
767
377
1247
81
1754
1450
673
262
409
655
49
2538
1306
968
26
61
384
63
699
65
173
220
5
123
22
1242
75
42
106
563
675
304
867
92
1726
243
226
1045
661
5921
540
490
1967
586
371
94
12
748
5120
2794
588
877
130
1126
258
985
2274
434
762
133
4522
44
719
2299
311
2275
279
110
607
123
111
108
788
441
1276
35
2027
1774
1427
1386
568
605
845
2648
430
380
829
129
1232
318
450
2808
379
2594
12
8
241
989
375
337
626
83
2432
622
440
108
479
836
1087
139
731
1456
1410
1730
1700
823
2171
177
473
354
534
3952
1873
1147
54
546
694
1180
134
2419
292
378
1757
448
114
355
1028
487
576
1216
39
529
1247
686
85
1087
1844
934
614
320
642
378
92
1213
2569
499
7601
1111
5172
2316
401
645
504
440
3013
2043
552
1556
1476
883
2474
514
282
955
691
1824
911
130
271
1193
1167
1904
1360
557
98
1176
3184
734
594
499
2067
107
610
1
333
542
373
98
557
1356
1069
97
1585
1110
274
404
3372
616
726
226
75
386
54
76
125
3039
1312
1468
1120
2376
221
82
953
232
162
1683
1135
495
2783
177
476
218
1306
1363
786
285
1299
1468
14
582
584
478
684
279
1721
82
1216
3034
620
134
1092
1971
3375
912
1081
1224
1148
647
2133
816
1059
463
845
3179
313
847
412
811
746
124
550
1689
1152
1316
650
677
892
1037
149
115
3377
59
384
61
1730
114
144
1724
103
326
76
1343
219
216
38
10
1401
207
100
2618
336
799
1044
691
239
214
23
424
479
53
836
1457
834
1277
2589
764
874
1635
908
701
618
1058
644
310
507
215
2456
767
2101
56
170
383
691
1287
379
1187
1564
416
457
1170
223
976
137
64
1768
425
1709
1407
108
1837
5329
1037
1017
1006
813
39
1585
2003
718
3796
1263
61
426
489
2002
2245
2283
912
1049
2081
388
1175
2910
39
145
1688
116
4606
2160
675
