12
11
5
44
104
19
3
65
125
2
74
247
29
1
129
107
1
73
96
8
290
92
125
7
192
33
18
105
1
163
269
2
31
127
117
265
219
97
49
16
124
5
1
5
33
9
141
137
223
2
5
118
14
80
139
35
19
41
9
37
56
1
289
81
173
12
8
114
219
48
206
30
280
1
1
1
128
1
24
40
8
11
290
15
9
7
1
31
290
8
280
1
21
7
119
210
115
53
2
29
1
5
92
10
20
99
141
112
25
57
147
2
2
14
109
207
50
214
9
32
72
111
51
3
19
10
2
26
2
1
48
2
20
108
10
6
10
128
6
3
296
141
3
110
111
246
3
16
122
4
113
52
182
188
3
4
176
3
144
1
4
1
2
3
1
66
1
1
8
29
35
110
107
135
47
238
1
1
80
1
175
15
2
34
58
15
103
214
28
15
6
67
15
55
9
16
8
223
21
2
6
9
87
1
10
159
8
65
3
14
37
143
18
2
199
1
1
10
23
37
5
151
6
105
3
4
3
113
51
281
11
18
46
14
54
4
10
1
1
71
30
25
106
43
229
11
79
74
185
140
27
126
57
38
37
34
19
250
207
102
276
1
4
65
23
8
10
9
2
13
15
101
80
297
101
70
66
3
19
218
228
24
137
8
1
165
165
165
10
36
22
161
1
162
119
114
29
35
239
17
8
197
37
127
63
3
40
26
39
4
2
8
230
138
73
3
214
4
285
200
5
7
261
12
299
8
129
21
220
2
189
49
60
14
28
23
5
33
91
132
54
133
192
8
2
14
121
5
242
142
169
8
2
50
86
12
15
154
140
24
116
36
184
61
24
234
1
146
140
3
142
86
29
100
8
143
194
54
1
14
141
1
7
122
91
14
2
41
3
104
2
6
16
23
51
35
6
198
5
2
78
221
1
261
18
1
3
2
3
121
28
1
6
8
6
79
8
2
27
2
25
3
6
1
48
34
180
45
5
1
17
113
15
187
211
190
15
2
69
94
140
21
2
3
11
3
12
183
50
34
104
28
17
7
255
65
10
15
250
134
40
17
86
102
250
2
62
5
53
53
18
28
1
9
7
81
1
23
139
140
200
2
145
53
18
26
1
17
275
1
129
89
155
80
31
165
37
16
275
44
20
6
9
13
141
97
29
47
26
101
118
25
10
2
119
192
2
240
4
57
3
8
134
173
51
7
3
28
136
7
41
24
81
33
76
2
133
10
148
156
269
188
38
2
1
200
14
2
84
2
8
13
18
1
1
88
11
35
128
88
14
5
64
64
1
7
50
8
55
102
290
90
7
98
38
21
6
1
34
29
59
50
1
4
34
2
71
6
121
4
95
58
20
118
1
3
7
113
26
7
103
262
2
5
37
93
5
9
1
15
4
252
176
1
6
7
21
93
250
1
99
52
56
1
83
1
73
6
11
12
55
255
41
118
277
7
1
123
3
69
15
1
229
191
9
58
247
1
17
119
101
79
14
145
2
226
1
174
101
102
15
285
69
47
218
95
6
19
158
126
225
7
23
13
71
261
73
143
1
88
4
2
10
14
21
251
3
74
5
180
40
41
218
81
137
1
92
2
1
1
1
8
177
37
17
3
1
63
127
128
1
2
14
15
36
70
24
6
1
2
111
88
147
176
1
80
234
54
43
82
6
191
1
5
21
36
3
51
1
1
7
5
4
9
11
276
61
13
2
37
36
133
24
9
4
10
1
165
291
2
143
12
51
74
145
3
17
17
60
267
269
47
296
4
22
150
126
198
1
8
1
99
256
16
30
45
2
3
20
202
150
50
241
1
4
1
101
20
3
27
10
274
5
5
262
1
152
21
45
94
92
92
58
14
38
192
12
13
10
239
133
41
31
10
99
1
128
66
87
152
115
168
3
1
4
30
254
86
169
1
102
60
184
3
219
40
1
196
2
1
3
11
104
40
59
249
22
95
50
44
13
1
58
92
10
13
32
17
14
120
43
19
290
70
19
16
3
22
44
26
1
31
2
201
7
5
26
28
186
55
103
127
27
207
9
237
105
199
181
259
14
44
1
139
9
4
4
180
7
28
228
62
44
48
3
89
10
1
5
4
78
13
19
18
174
3
15
171
45
34
174
207
226
16
1
130
1
136
64
174
7
158
16
37
25
144
40
38
22
163
21
29
99
39
1
1
1
4
1
139
297
15
1
3
211
21
287
13
17
119
6
11
18
7
38
2
9
186
2
121
63
221
1
15
62
22
2
82
63
1
100
66
249
168
10
49
134
199
89
107
1
9
123
185
191
66
23
147
179
24
100
77
7
22
29
121
4
186
118
44
23
4
39
13
3
5
9
10
7
17
12
211
54
24
6
9
262
152
68
12
257
20
266
108
3
6
213
21
53
23
1
281
229
54
1
12
20
2
221
113
43
88
1
81
33
50
2
85
78
21
18
58
1
107
276
