1
1
2
87
25
264
7
74
4
6
54
55
17
17
26
33
144
37
64
57
38
161
147
132
9
130
49
17
1
6
11
14
80
176
109
115
45
49
5
94
8
3
61
42
208
110
15
1
142
1
96
3
1
2
6
275
7
234
1
24
26
127
19
148
3
34
10
51
90
92
1
149
3
41
16
57
8
6
55
4
19
286
234
7
1
2
31
10
166
209
160
4
166
72
88
5
266
49
16
21
4
1
106
37
3
19
188
36
269
1
180
2
173
2
2
17
1
15
1
40
5
23
1
5
121
47
262
20
69
13
2
222
271
146
27
156
111
1
32
66
237
4
70
6
1
287
30
48
20
27
4
30
167
8
32
112
233
27
282
10
25
13
29
96
74
11
153
2
1
169
9
12
4
111
125
22
5
43
22
25
2
13
46
3
1
5
3
2
65
2
6
114
182
5
20
29
79
265
99
54
4
96
177
8
11
2
78
2
71
55
7
34
17
298
10
227
8
13
139
20
248
22
13
25
299
128
272
18
90
55
169
1
192
18
170
56
4
129
174
93
251
189
230
14
2
15
2
3
17
34
31
32
3
195
300
55
36
3
165
177
58
284
113
1
5
162
7
55
11
68
111
57
51
60
1
66
162
6
3
57
137
6
21
22
4
6
113
98
16
23
3
15
29
1
59
13
8
2
91
10
51
14
296
117
210
35
112
188
162
228
10
15
269
4
12
58
2
19
40
57
12
282
10
1
254
267
263
92
140
55
2
98
2
1
19
16
8
29
70
58
49
1
83
3
22
106
9
19
14
176
7
192
236
9
44
4
248
5
2
6
19
3
2
110
168
287
33
8
1
10
3
126
271
8
18
1
226
3
26
1
171
5
128
2
216
7
227
132
1
65
1
5
42
45
35
8
1
249
91
1
224
103
19
200
24
188
8
2
2
2
10
10
2
24
168
45
3
4
45
9
1
239
73
16
5
125
68
99
123
25
59
34
1
1
1
86
22
54
178
54
34
31
1
77
35
5
4
4
200
46
3
135
2
1
10
103
278
1
264
256
30
48
18
2
13
22
237
76
276
11
91
201
2
12
13
2
92
197
140
76
198
292
37
3
2
10
109
2
39
6
1
1
1
1
6
14
2
173
96
8
204
183
6
123
239
101
28
80
254
228
2
195
172
78
95
196
119
283
198
145
157
10
20
189
2
2
59
10
2
36
133
70
5
36
1
99
188
175
264
71
290
216
113
295
10
58
20
11
5
217
95
185
2
25
30
22
52
2
234
2
60
54
4
1
14
105
245
64
126
13
205
267
208
22
4
7
152
231
147
66
4
52
227
214
3
87
189
12
3
123
6
5
2
216
1
10
160
1
1
125
36
24
48
28
3
18
10
3
94
14
204
134
58
16
59
190
39
30
1
228
3
78
29
210
21
93
44
6
205
96
13
179
54
14
12
1
5
63
41
100
142
71
1
140
74
1
28
12
10
55
21
132
296
1
19
13
11
22
33
133
1
38
77
6
120
23
14
5
114
28
8
2
138
272
20
38
1
47
210
12
7
220
60
35
153
217
1
32
22
282
5
3
4
257
2
3
5
275
5
1
10
76
1
51
72
79
3
69
43
4
271
22
198
13
9
1
184
10
111
14
69
252
4
24
152
16
3
1
3
34
41
1
170
7
5
209
110
201
116
263
98
54
47
1
63
47
121
4
36
1
21
1
175
25
170
39
168
100
17
21
1
11
35
199
1
3
6
1
17
287
232
36
210
45
1
160
154
25
43
102
29
139
45
239
2
28
1
11
134
6
40
54
135
29
39
2
1
166
189
200
4
9
295
79
42
284
261
2
47
13
40
3
43
1
98
38
1
2
1
280
53
16
3
36
23
137
193
1
1
22
2
9
119
17
39
130
230
194
82
159
80
5
1
96
58
102
41
24
25
13
6
56
161
72
32
257
16
29
4
134
31
44
270
6
143
263
61
39
25
1
3
33
273
235
54
26
6
1
237
111
13
1
3
33
98
106
138
284
20
123
2
15
22
16
274
258
36
17
24
5
103
3
130
41
3
4
45
1
3
108
5
12
9
41
12
183
5
37
2
47
8
169
30
1
85
4
1
25
4
229
66
26
238
27
120
16
1
50
13
47
40
98
126
104
20
2
97
251
4
99
196
126
6
26
1
160
252
2
110
1
108
217
212
97
4
144
52
3
39
16
121
110
1
265
282
73
207
101
12
7
133
83
4
70
1
60
3
1
30
17
8
4
59
2
40
2
20
2
1
297
35
35
30
23
72
14
296
1
6
128
265
4
40
142
9
4
16
295
24
267
48
60
131
5
128
1
12
10
75
252
7
23
3
7
53
54
2
130
77
226
1
243
65
62
123
21
16
154
14
1
279
263
6
139
196
13
54
25
4
138
2
3
109
74
55
50
1
7
30
5
14
44
8
161
2
