198
28
50
91
1
290
1
9
64
231
115
12
42
54
1
71
153
54
231
296
50
2
85
7
300
1
94
43
252
3
47
106
3
252
166
217
124
18
154
30
22
154
89
28
202
216
43
68
6
2
185
145
108
144
23
257
268
12
3
11
66
5
47
3
35
76
251
10
4
5
31
52
11
3
2
133
32
7
25
1
97
41
148
23
123
3
2
12
4
2
4
2
101
14
3
2
186
180
248
14
2
18
59
11
129
4
19
2
5
9
131
19
119
77
204
49
15
3
37
220
52
64
224
15
165
189
31
2
14
96
25
110
10
27
4
1
20
100
2
2
2
10
178
37
3
35
8
51
137
137
157
8
57
1
5
15
15
14
8
110
95
35
4
266
3
2
82
83
1
12
15
176
129
4
60
3
36
68
58
1
59
4
2
24
3
125
26
256
287
1
172
278
112
283
4
2
8
264
298
19
53
64
83
185
201
11
245
32
43
114
155
13
1
1
9
7
1
213
33
286
72
41
18
8
1
23
14
216
16
43
256
173
22
83
3
14
1
259
18
215
4
38
194
1
6
30
5
151
174
94
5
159
298
164
3
24
3
253
10
18
259
187
106
2
3
15
1
29
109
169
18
12
1
39
226
69
101
155
38
191
216
1
1
6
78
17
5
13
17
37
195
65
11
32
94
28
1
74
10
21
287
7
11
88
31
2
11
2
3
3
5
71
100
21
2
7
45
181
38
58
1
1
11
182
14
3
240
1
23
37
56
1
116
27
65
33
1
1
7
16
54
69
1
24
67
171
2
128
1
1
20
59
27
42
21
105
58
54
7
2
126
111
31
80
52
216
64
20
55
15
51
14
186
299
243
40
15
255
266
1
27
10
5
3
11
207
200
123
50
22
223
1
7
222
213
3
29
1
3
75
5
9
115
3
94
143
16
203
296
2
170
90
64
11
124
49
5
31
207
16
2
165
1
50
104
53
1
148
6
32
267
7
237
43
118
1
187
49
251
213
91
38
138
203
152
99
2
54
40
40
149
129
59
119
151
37
116
150
30
4
70
80
2
80
12
11
39
18
2
16
50
50
4
15
20
6
3
61
9
8
5
54
26
36
2
89
24
33
189
34
32
14
68
8
10
2
184
215
17
8
52
47
18
115
166
150
192
22
13
2
38
97
101
266
147
1
7
2
250
65
155
174
123
14
6
232
132
174
3
214
55
64
32
15
116
263
2
1
162
2
98
48
112
1
187
83
65
75
189
2
1
227
136
292
23
1
27
1
60
1
53
2
279
243
158
235
260
78
10
10
71
36
10
99
2
204
1
23
2
180
19
4
2
2
9
1
3
1
151
10
6
97
50
105
31
115
2
11
259
3
70
54
160
25
175
2
63
12
15
113
261
14
14
163
5
162
25
232
292
290
124
24
95
36
30
200
79
230
109
141
14
1
10
2
183
40
3
97
144
3
7
32
10
46
28
5
16
122
130
4
10
122
179
4
4
9
2
19
40
168
243
16
19
139
7
39
158
30
1
71
22
26
42
2
72
279
187
184
246
1
5
55
9
10
8
129
52
1
62
65
9
66
3
10
66
1
252
4
5
10
13
139
290
249
29
91
127
4
17
25
157
1
49
5
4
6
27
111
53
43
16
23
25
58
1
3
12
1
1
1
203
3
12
44
5
1
114
6
31
1
95
269
3
208
60
22
277
45
194
123
1
17
82
29
3
17
23
123
4
8
1
13
101
11
15
6
5
10
3
14
19
7
72
3
27
50
258
112
35
108
41
207
7
114
7
19
5
157
4
35
2
170
198
96
1
3
2
165
122
1
195
17
248
86
57
15
72
42
22
27
145
44
4
165
240
57
13
108
241
2
3
1
15
13
7
271
14
58
161
168
2
1
1
158
1
8
183
62
1
41
44
134
255
54
14
3
73
32
66
110
292
5
34
273
40
178
262
1
101
224
153
29
59
85
41
114
146
15
50
11
84
256
3
90
28
9
158
6
105
4
15
1
3
59
10
70
264
7
21
64
1
176
44
1
85
29
274
23
1
88
1
2
89
237
262
259
133
5
19
88
8
77
119
283
37
60
10
185
157
67
7
102
35
16
281
53
6
1
2
7
26
88
245
5
167
100
87
249
186
13
49
8
31
240
285
18
8
33
1
2
2
6
1
131
20
6
74
35
1
158
2
55
3
178
266
29
299
210
43
1
49
30
14
68
238
64
3
3
9
140
114
48
59
49
8
243
18
82
5
3
61
205
39
12
39
207
2
1
40
2
138
3
145
3
14
159
135
22
273
89
34
5
274
224
59
17
24
34
8
28
1
35
23
51
266
140
209
20
130
55
3
16
7
110
112
11
36
198
115
1
2
52
15
191
5
106
95
152
89
22
140
157
10
5
240
3
25
1
2
1
31
121
47
146
157
1
128
2
113
147
18
8
208
4
66
