2636
3167
1301
271
322
2536
2975
1761
1116
290
6009
37
604
535
900
1349
643
300
1159
916
3123
282
342
431
1159
1098
161
2280
1049
558
111
212
555
1011
854
848
1945
257
476
48
1702
401
788
781
788
340
859
16
917
1689
597
97
319
1326
495
228
42
3544
741
1224
806
891
275
2136
1934
1718
1475
592
187
35
681
1543
1948
1036
5974
1616
605
1401
285
1733
690
264
650
107
1197
503
3186
195
1051
128
410
3517
4198
1590
43
1899
1364
878
136
207
1804
1055
60
55
591
1363
290
297
2389
495
1499
1487
464
525
76
2158
1722
1756
851
635
200
223
140
2451
336
360
8
642
153
211
876
1172
411
2376
650
2084
1641
120
100
620
528
61
3137
884
419
2812
446
109
1748
147
789
2978
598
109
1209
9
2490
1576
1110
1619
41
739
705
252
264
427
169
1058
2334
3231
881
824
57
193
583
682
31
1161
135
539
870
2823
1995
258
1915
208
814
1607
565
906
388
727
291
3608
354
159
1847
865
1114
1817
832
102
111
903
285
479
633
4146
993
3317
355
1714
1634
448
632
2291
250
2543
1130
2246
262
1374
49
923
1379
181
635
354
483
186
48
1715
3180
2756
223
423
32
217
4074
198
2041
1066
2151
2935
638
1517
5
271
694
2246
30
175
318
2319
148
1873
480
287
1246
607
3375
643
1930
426
1382
746
287
2845
3431
100
1474
1707
38
2019
700
897
673
495
2682
206
71
1723
517
3415
2476
282
1073
1094
382
2473
168
1123
1371
431
95
294
538
41
82
688
558
217
376
1391
25
2952
554
85
568
710
219
618
2368
3883
234
838
2310
740
28
545
350
150
570
1449
552
523
715
3517
1540
101
1372
536
120
356
289
324
141
1640
101
301
1365
618
479
619
1246
417
471
1661
136
24
910
1522
93
634
3329
657
1166
25
223
5449
1248
169
400
521
47
374
2320
451
1128
316
2
518
1275
777
750
394
3453
602
833
2482
31
1616
2649
1734
3912
314
1304
641
1829
3248
1605
937
701
674
1341
853
261
706
1537
3524
733
223
1894
213
283
955
1162
3947
1661
547
383
707
549
1408
1519
254
834
1349
276
569
1946
2232
716
19
292
1906
1480
1699
3674
2281
2743
1130
388
1879
2865
769
850
1060
524
1117
921
783
852
1303
264
143
1468
1182
415
905
440
1889
837
965
320
1371
239
1260
2084
3983
1498
741
449
761
936
3194
1932
1398
340
480
1175
7449
1605
149
826
903
1401
674
951
568
751
435
961
812
40
321
1031
381
558
1395
282
368
1647
490
1577
1636
225
1891
2993
1851
31
208
701
1181
581
2340
577
746
200
660
737
1055
3765
150
1068
676
924
98
7308
1350
148
1195
124
1300
1195
131
336
1253
140
59
2792
600
2812
774
1548
435
218
241
1174
1716
1871
1991
61
387
738
171
1347
1264
94
222
698
230
349
246
495
3951
643
506
2701
2525
270
335
547
272
1136
27
2012
168
511
879
3192
2820
264
1489
775
770
550
1804
251
167
962
1622
278
44
1425
565
226
2094
1191
721
1692
1920
184
1189
1355
260
205
112
105
612
1131
524
467
361
71
304
206
1608
1650
2101
74
405
20
247
2338
1426
3644
742
813
1605
164
366
380
746
154
765
2117
282
218
826
463
2257
1646
76
696
1472
1009
2182
1026
6002
1734
1410
100
90
1106
1603
1381
410
2178
438
2256
1291
3900
368
113
70
6
465
461
14
272
4282
1238
956
1108
91
276
216
120
587
3002
271
2380
1257
2084
466
229
98
1317
1372
985
221
444
417
519
1655
1080
44
640
1081
1292
411
248
2468
174
715
353
284
49
60
422
270
2828
1147
438
2338
156
1650
3248
1107
81
422
164
632
2120
51
155
2180
2869
998
1669
1541
323
523
792
1044
502
1351
1159
2335
909
410
91
2212
1844
2262
2182
211
521
1113
109
1378
571
4595
2995
2124
267
371
349
7
931
1787
805
1332
1210
812
1543
1183
479
982
486
260
5306
3077
98
269
1481
1094
885
1542
2
2834
476
77
259
394
354
1520
52
4572
360
1658
2434
1032
14
986
493
967
954
151
13
715
714
1050
1103
2305
1707
4081
301
742
1603
753
76
997
566
88
1412
1817
861
2453
2672
109
3341
1468
2702
126
1082
2915
260
115
260
2807
1343
666
362
96
173
92
1809
954
253
3214
1761
949
12
3849
1407
1409
125
2120
431
3096
3425
157
136
326
685
178
2327
224
42
2888
4311
3584
638
832
762
522
2454
2855
627
2872
1868
1373
738
1350
1165
4254
138
1376
1556
693
142
344
363
1166
711
63
134
535
3539
1128
2591
980
600
135
605
142
6632
654
879
725
3984
412
546
738
1054
320
4341
13
1200
1000
2741
1531
936
861
2190
993
143
1136
56
0
921
72
744
1031
351
52
960
4423
1024
80
2815
477
539
656
169
325
111
218
14
480
440
4547
613
1243
2169
452
409
1568
1426
1268
118
1796
1514
345
569
5576
37
337
54
702
704
2450
316
573
1
634
2746
798
526
1597
2018
415
1218
639
6
299
354
274
315
151
755
621
868
1137
7146
902
1266
62
444
1013
2103
797
747
35
560
1875
1622
132
1621
1066
111
617
1183
1263
79
1467
1386
1428
1133
67
240
418
353
974
1109
221
2856
1258
1782
95
310
101
2409
1107
1191
1011
923
2850
556
652
1589
662
555
1216
1759
2059
112
236
276
3634
488
1635
831
280
523
529
557
711
1924
2111
357
2568
372
146
2409
9124
328
994
906
1284
1810
181
51
1960
320
255
191
1022
2746
135
166
151
934
255
3220
867
1093
2043
599
24
168
171
3
