301
616
2527
1555
758
722
2846
528
1308
1443
1147
1547
237
771
396
2696
3338
2385
1005
1986
182
1637
425
612
135
1565
108
36
1801
617
138
1946
508
1640
3505
384
1525
789
5712
950
3771
33
730
512
86
607
796
1180
1575
1073
271
575
1657
828
838
482
78
1696
296
129
0
1422
396
1694
3166
1030
357
27
219
398
1059
330
2742
102
1422
126
902
1081
1282
694
445
318
357
316
575
707
147
337
2218
2495
452
1652
1312
924
1113
480
1424
773
95
86
53
94
1297
448
1018
2276
1572
2884
334
726
1072
2328
1442
1223
1173
619
1092
1293
1703
512
114
320
787
309
1099
1465
850
1248
1741
848
241
1439
448
135
272
429
166
1175
1106
79
913
2257
2974
229
2420
304
469
123
1356
7
427
792
3396
112
1648
1130
1655
1
459
674
209
1706
289
1093
2753
1747
379
111
549
1249
257
551
1671
359
1127
265
1115
1010
222
380
1359
1297
899
1239
589
228
53
146
772
4893
1175
1568
659
149
630
563
1990
638
478
7
4687
3756
507
1522
10
4219
1787
233
25
222
597
990
164
268
629
137
296
1018
1778
1298
116
2366
850
739
10
701
148
1264
23
2843
1075
212
909
260
127
1393
2110
429
990
1645
1301
392
479
1497
2561
290
710
184
950
177
730
420
79
1676
476
330
161
1095
97
183
2418
530
139
644
256
2180
2518
2141
715
2809
660
98
662
2364
61
808
897
82
905
157
732
4632
1061
158
2976
4558
799
1174
1057
384
290
154
535
3084
1879
625
1926
2336
295
1966
256
352
399
292
16
1490
629
894
473
1356
493
1172
2447
301
1495
48
80
1514
259
1374
2012
1984
2777
896
1204
78
386
682
511
2115
502
26
378
141
817
165
1876
171
611
3188
145
89
805
230
646
762
1184
81
822
1816
459
24
260
876
1479
2967
1648
8
939
137
162
581
475
235
1231
2994
1496
1229
329
607
294
1584
2586
1054
397
1436
3800
854
1815
148
228
2107
604
617
1189
1468
249
1456
1737
164
573
24
197
810
1230
695
1297
92
1162
1473
2058
101
128
753
2311
134
57
25
8
456
235
4097
278
3818
319
99
3031
1420
632
223
3705
118
2129
398
807
218
1698
2701
1239
2082
2168
1045
1439
39
668
2905
62
2827
183
63
310
408
136
714
839
1908
2822
746
8
1339
566
1822
913
592
900
535
107
1017
814
1371
185
1944
643
734
28
170
484
424
168
317
1585
424
1032
224
14
925
2350
431
2477
1948
1233
575
444
226
1301
65
563
1250
510
493
1924
850
21
372
2279
225
599
1684
188
702
276
1138
330
1465
4325
827
1110
2695
797
1917
1164
554
249
1555
1035
3312
742
203
442
2016
2786
598
1585
3824
1595
176
735
1733
1422
1919
838
38
112
198
467
1273
1701
2236
7
254
749
1747
1174
2102
2158
2766
601
160
274
421
504
825
812
196
551
1511
161
1997
1884
210
1188
1150
103
130
396
108
87
151
361
278
854
912
1905
461
604
359
220
100
2585
60
99
339
255
544
1861
282
2862
338
1927
1465
126
1115
1633
1730
174
619
548
193
1720
83
315
582
514
285
174
737
856
52
599
117
117
22
805
149
10
48
451
2746
381
89
456
1162
899
2815
399
593
2243
1051
212
219
2002
592
415
789
385
495
542
1182
412
929
1876
1431
1127
759
3797
1130
348
14
4636
74
256
421
1886
201
239
4081
391
577
93
159
26
72
3054
34
120
1819
79
1182
340
250
332
2862
41
216
523
687
1032
138
1400
1206
563
413
1098
1562
758
1896
119
234
5508
2333
1662
997
265
953
621
3336
2208
440
266
714
174
4391
1886
47
1280
593
1469
320
716
600
2714
725
3067
6
617
156
1661
3399
186
892
538
189
1328
234
31
1147
2546
51
482
102
165
1422
2197
1349
81
2498
868
545
434
571
3276
1827
81
1204
2652
308
477
887
643
505
2239
109
871
107
387
205
185
1272
684
441
1422
763
156
65
682
1263
1162
2435
2096
506
1194
297
591
384
1597
169
535
2432
392
2407
635
193
453
956
1949
128
300
1694
256
458
1128
3699
305
784
367
777
1659
378
1147
9
1154
921
286
546
581
625
3964
3591
4751
101
268
899
4052
893
635
144
757
2098
166
341
1302
227
456
446
230
1395
16
1083
2557
1408
452
621
546
3680
908
431
413
1938
862
57
587
622
567
725
760
1748
370
642
131
968
1835
4367
577
648
1329
32
221
177
701
1547
176
502
1458
1007
1028
648
985
472
484
239
1022
45
678
1357
306
1138
2486
552
163
4269
890
504
85
1751
482
667
797
890
1659
159
15
860
186
2216
1563
1575
252
980
1452
1093
2072
1220
518
2715
140
311
816
179
60
1647
2573
8010
698
430
971
1041
1126
46
1690
120
2545
465
1980
713
1873
451
399
681
3124
290
821
723
1244
665
1814
44
249
306
27
762
118
775
1922
89
877
1071
350
109
2522
1547
977
224
3323
725
576
417
187
1964
291
159
304
126
2664
1312
3291
73
1227
2559
439
876
452
552
545
1482
599
1084
983
247
1060
2954
168
454
1404
553
411
1325
1149
192
328
1121
605
897
2706
1961
586
605
2228
1644
1198
43
668
3793
170
252
168
549
762
968
84
619
1316
46
458
242
1399
996
361
305
1176
242
814
1154
468
870
18
667
68
179
172
1014
2592
371
283
1644
636
1185
1536
662
146
1616
1836
226
590
293
11
2177
1100
607
2947
570
605
291
94
1021
2852
594
325
315
676
1936
839
1980
1569
105
617
487
127
587
1005
1533
663
202
1192
513
1040
