1746
1495
397
5750
832
373
151
4055
703
166
2890
64
847
1616
3929
115
848
7773
2353
46
2172
289
648
2182
2993
612
275
910
1431
1644
311
730
992
2641
176
2607
3552
562
2241
355
83
3518
76
2069
488
1019
887
156
1686
236
532
1083
707
1973
353
1236
164
1049
430
1479
2494
44
35
228
648
1622
658
488
51
934
1183
2872
234
1475
757
1544
281
1974
184
1705
1847
363
243
517
1437
109
816
1298
502
310
575
285
91
164
1259
2231
703
1303
1466
840
370
1298
315
711
543
907
647
2519
545
2446
527
1221
74
363
1218
3
158
301
966
476
227
333
685
1936
1300
2044
537
219
164
1980
1781
575
3342
3298
333
78
288
1358
4406
1200
112
1845
1557
462
305
973
959
1097
1351
43
647
729
1214
2737
95
241
783
614
219
392
788
1431
1326
2008
488
1562
663
2150
1206
539
1035
44
1191
76
552
49
1930
685
142
18
867
121
526
596
640
796
632
3667
2652
411
2515
476
396
2727
1125
1754
547
1143
32
753
24
212
2196
558
701
93
17
1485
357
1711
313
620
108
36
780
500
1081
533
1937
1058
166
2018
1454
275
656
318
750
3549
1678
836
421
350
70
708
254
335
356
28
199
555
384
3590
238
1551
701
598
193
3
3559
508
1181
636
742
1585
1526
1148
478
378
295
811
212
36
260
402
928
2972
1317
671
101
501
1001
6325
557
71
9
982
2740
1796
175
1184
3626
467
3256
1233
1174
2346
126
22
2040
1861
622
3400
442
1738
1240
983
403
1547
593
461
46
2082
328
1906
1770
71
310
341
1540
943
1325
285
3468
1580
1027
162
830
2155
2354
1053
2990
1233
1200
157
600
123
840
359
24
652
274
1873
259
955
581
338
1089
2811
2104
705
1134
18
129
151
27
1740
735
1857
996
81
1693
34
474
467
2859
618
645
3068
1301
3082
256
213
285
649
2121
651
191
291
843
2072
1673
865
674
326
1443
830
521
924
1121
583
451
661
1213
651
555
907
494
698
806
1074
42
125
650
469
1519
699
662
556
2234
90
386
149
235
1200
1001
880
953
200
547
54
920
855
2896
1002
868
10
478
49
1441
4046
301
1260
735
903
1725
91
113
1426
2385
1416
267
79
1403
940
337
4880
1160
1196
650
247
1761
887
2355
478
510
2669
653
1467
702
853
684
2733
2322
226
18
113
553
623
1727
1413
467
914
575
894
416
369
286
559
420
359
3268
137
2471
1276
1806
275
318
80
429
1285
541
134
543
1922
98
1823
1726
1406
3113
1550
1291
3174
905
56
4831
1554
1975
217
689
1523
421
2217
2062
1998
1312
2294
273
719
220
233
632
385
212
756
95
482
805
805
590
450
95
710
343
1652
917
902
1349
162
235
957
553
832
445
329
204
171
2004
288
324
264
319
1234
810
1103
86
1925
399
181
912
941
183
1916
2567
574
979
390
46
84
770
341
231
1070
2702
111
923
38
197
2232
127
567
1665
899
503
1284
0
1100
1352
755
824
26
2626
651
370
1251
305
6
496
1656
255
877
2532
1209
2993
1725
935
72
503
453
26
1388
508
878
921
946
1128
567
571
1310
85
857
206
3513
383
255
10
294
196
1765
671
92
634
586
322
2806
291
3513
1362
677
269
1668
568
744
2233
1083
468
731
1663
1427
889
1240
1484
967
749
661
49
2192
509
2739
164
1497
1634
1208
1785
3259
1245
962
16
188
318
2343
280
558
395
473
1792
566
2711
1707
1577
241
86
2124
1119
96
346
931
1379
167
101
430
983
524
401
999
22
722
653
3549
16
933
231
847
1549
1263
302
703
1953
1542
795
421
1451
350
1561
1220
58
427
2413
897
439
1778
6018
126
285
527
33
1266
1406
950
248
887
1577
475
1071
163
803
74
566
1328
1864
2479
1554
2916
672
606
1385
364
143
1775
526
2957
2224
1402
533
302
441
3731
194
46
722
273
5785
392
37
2975
404
3469
414
585
213
2976
289
2444
919
2053
800
738
8
2332
864
1419
227
2759
37
3224
119
23
1483
376
1488
392
1056
242
439
240
1056
107
884
1004
225
2530
1060
353
138
599
1510
1054
732
12
640
91
1903
597
102
6790
1807
79
2525
583
585
532
722
432
278
85
215
162
5788
446
1239
131
226
596
250
2651
286
37
1444
2380
30
275
217
1223
2258
6464
119
417
328
4106
650
1198
658
2016
118
1073
999
5784
1820
286
289
1061
480
129
138
1054
336
1886
2402
220
196
225
2345
1388
3862
741
1591
995
1681
388
262
540
271
554
925
693
5200
353
12
1380
65
165
1571
535
840
80
81
1466
738
604
806
740
629
1759
477
726
826
1335
18
288
1570
269
201
1242
189
135
126
303
334
1652
2305
22
286
182
51
1500
559
578
946
614
572
416
1824
277
261
398
56
600
758
894
140
144
2148
2760
2016
180
1934
417
3564
2976
63
893
1351
1501
826
1322
233
173
2032
192
20
366
657
131
499
5
844
968
5
959
295
833
435
509
662
512
964
104
257
950
1139
1336
2286
1447
1007
29
1086
129
259
397
945
1231
4003
268
40
626
2117
2016
2282
101
333
385
72
737
158
704
341
1130
75
215
275
629
2527
2897
186
121
98
810
1011
3550
172
585
464
275
257
530
1460
743
762
341
297
247
1009
1886
1248
288
1943
270
216
11
2352
6668
1612
3005
1722
120
2497
1263
358
142
138
251
595
1178
152
179
424
95
1052
94
1483
127
209
306
530
561
393
80
273
189
811
1713
148
460
95
283
269
52
2231
18
70
1257
885
68
1471
398
3372
