1
75
2
9
74
80
7
3
2
27
1
277
93
2
5
203
7
21
14
16
85
55
5
181
38
4
18
134
1
18
155
50
112
70
11
133
17
91
3
9
234
1
19
12
160
254
6
109
13
86
4
92
265
181
137
44
286
85
13
12
7
194
26
49
4
5
1
139
3
288
275
214
51
153
84
1
196
23
5
7
16
183
175
79
165
131
43
199
11
87
2
24
109
190
6
19
74
204
12
19
256
4
248
2
69
24
50
1
285
13
24
29
287
95
86
1
51
54
126
2
86
142
3
9
1
69
24
1
6
47
29
2
50
190
97
135
1
1
7
43
121
54
4
12
2
131
10
35
297
292
11
16
38
8
2
81
5
14
36
35
97
13
160
3
33
1
2
152
87
41
27
7
63
101
63
243
5
32
1
2
15
143
3
38
132
9
6
12
10
7
6
167
6
21
41
3
35
93
63
34
288
82
126
154
27
17
68
137
2
8
4
1
49
110
215
1
4
23
53
186
146
9
9
41
134
70
32
12
124
8
1
65
177
1
292
15
58
90
165
15
235
2
24
241
96
205
6
18
6
36
128
171
83
7
1
1
27
110
49
24
19
11
153
5
37
24
271
3
1
23
7
10
8
75
1
11
1
13
42
48
49
11
113
6
1
1
50
32
196
14
1
90
105
44
38
14
4
1
12
1
3
36
202
52
41
2
69
3
26
26
137
22
3
60
99
5
288
19
100
91
9
1
1
171
115
3
101
239
241
85
1
27
96
46
42
264
221
157
38
111
38
101
1
1
51
10
2
26
55
284
14
23
1
93
1
26
120
24
298
171
31
1
39
4
194
115
103
1
8
111
8
1
20
1
21
85
2
2
13
2
1
16
45
256
136
33
298
153
1
54
10
35
19
2
54
19
40
138
44
51
1
252
1
275
101
101
54
28
8
246
46
40
8
212
84
10
27
44
204
56
8
3
8
2
296
82
3
29
204
2
5
3
39
16
1
90
1
3
47
10
299
2
3
17
6
139
34
101
3
14
289
127
4
47
53
236
1
270
152
6
139
27
85
23
11
280
126
3
13
9
68
17
107
7
2
182
1
204
27
82
44
2
104
199
292
14
45
232
272
4
87
6
49
42
1
145
27
114
41
14
4
48
1
1
4
2
72
4
2
13
120
66
136
27
20
1
163
5
13
91
290
7
1
16
294
101
4
4
61
19
89
1
209
4
1
6
1
2
1
224
3
21
139
13
173
40
72
25
1
1
14
4
218
11
1
1
19
1
85
3
203
80
1
68
65
22
146
3
77
1
1
36
33
181
128
5
32
151
143
37
81
256
7
1
1
229
2
9
290
229
197
23
17
6
49
151
2
210
1
169
209
8
3
61
76
191
9
4
4
29
16
48
167
169
1
54
7
4
5
230
296
39
2
1
15
104
43
204
118
1
12
3
3
2
141
297
23
53
57
47
1
15
140
7
59
6
1
137
5
1
1
4
1
2
3
95
88
1
14
197
101
17
5
3
7
21
207
6
17
11
11
228
171
199
81
2
92
1
63
2
1
101
91
150
90
43
4
38
58
156
26
60
53
47
80
1
164
119
18
19
170
20
116
2
16
267
19
10
39
2
72
126
223
12
7
66
47
22
187
158
9
1
281
18
35
39
21
2
289
7
18
55
1
28
83
156
103
40
158
167
2
1
69
115
3
1
293
6
26
216
5
167
23
111
61
8
262
25
158
75
10
92
2
3
81
53
119
4
49
54
25
190
121
56
82
151
139
1
12
8
1
102
212
196
129
2
33
51
1
29
105
74
1
108
85
5
29
6
94
130
42
193
32
16
189
292
194
206
205
31
234
172
8
18
43
5
13
154
14
54
4
23
66
300
27
141
6
1
171
35
10
60
220
30
60
122
50
268
1
12
186
87
35
171
27
1
129
2
81
25
4
146
4
89
2
8
89
95
69
101
2
9
62
20
62
286
190
100
10
52
168
1
184
155
219
237
197
6
10
1
198
3
39
27
262
1
4
24
204
122
11
3
287
21
2
40
1
20
3
51
256
10
24
206
121
191
61
61
144
277
27
33
64
53
16
1
1
32
6
7
4
12
31
23
19
1
152
131
33
76
1
2
114
17
146
140
42
130
20
254
2
45
9
7
133
21
2
3
5
1
1
1
2
58
209
59
2
26
69
290
77
130
26
1
153
14
183
2
2
3
266
1
13
1
2
36
29
4
1
170
7
283
19
1
200
34
104
94
2
4
56
248
47
73
9
99
36
17
11
89
57
4
109
75
2
16
1
2
161
2
293
115
4
11
26
90
180
66
112
31
143
56
75
3
4
61
9
203
255
3
6
39
22
184
34
22
1
91
231
3
3
1
144
20
100
38
9
276
226
1
23
227
7
130
61
17
6
92
5
66
84
3
46
34
7
20
168
8
10
19
27
98
1
207
34
