2
14
3
10
130
93
1
51
73
6
172
140
5
3
38
12
91
3
1
1
17
49
63
2
1
87
2
147
34
2
1
69
1
1
51
27
2
2
2
4
93
4
59
180
170
166
24
5
110
4
1
2
38
38
163
16
295
231
3
60
71
218
1
1
96
1
6
37
237
252
52
1
2
5
13
249
200
1
253
2
251
3
90
171
13
51
21
28
99
36
254
279
80
14
1
2
180
44
23
117
141
23
169
80
156
10
52
237
205
79
258
216
5
235
24
1
267
7
60
28
1
280
44
99
77
113
2
29
1
239
37
27
260
8
6
137
43
176
160
185
3
172
2
193
58
106
1
10
108
270
21
6
172
76
220
133
94
35
20
3
27
85
22
108
288
4
86
1
265
2
105
29
233
38
1
6
1
1
1
39
129
49
32
246
80
83
6
176
23
1
70
1
212
6
114
7
235
276
34
151
4
3
236
3
25
4
4
24
7
210
300
6
4
74
22
262
6
48
3
38
54
74
1
24
7
7
17
65
10
11
1
39
288
277
20
96
200
28
47
16
2
49
1
38
292
128
57
1
117
51
1
95
33
1
68
18
31
285
40
40
9
20
28
40
140
13
21
1
4
204
106
280
153
89
7
3
14
16
150
227
2
119
16
39
165
257
92
8
1
28
34
25
68
63
45
9
281
104
3
2
56
24
260
120
30
69
38
13
35
54
57
69
85
3
27
78
21
8
62
30
1
23
23
28
13
139
6
2
1
94
7
39
289
25
1
167
16
82
26
116
58
4
58
174
39
26
12
8
9
8
11
299
233
10
28
4
8
68
5
1
2
7
101
51
199
20
2
20
10
166
4
229
1
32
27
3
125
68
108
1
2
55
234
34
1
196
15
20
175
4
24
260
51
19
60
181
1
290
19
13
9
2
11
85
2
16
19
1
133
18
32
5
27
1
1
119
3
3
9
62
52
103
139
69
18
80
1
66
60
217
1
2
2
1
71
1
10
8
133
154
3
1
77
1
5
167
200
283
44
2
112
108
213
287
3
126
276
88
5
3
173
2
19
18
3
88
6
52
2
2
65
23
132
108
108
3
48
1
62
34
24
33
8
79
169
17
49
120
19
117
4
19
120
2
119
5
121
164
7
43
3
59
248
4
5
23
91
24
48
56
12
10
3
20
56
2
16
37
182
69
281
84
220
19
123
45
7
74
16
93
4
47
94
44
1
135
146
15
11
1
75
17
139
1
168
86
33
17
278
137
178
2
218
48
103
201
78
170
164
168
230
200
64
283
7
20
4
5
5
42
88
64
4
8
100
192
61
186
16
16
188
104
1
28
153
115
42
25
268
1
37
1
3
5
213
98
37
295
43
206
57
96
136
18
175
50
114
160
3
49
3
204
82
176
6
50
2
296
254
216
77
249
82
39
80
90
42
18
3
28
299
250
2
17
27
1
1
207
12
81
20
175
3
2
4
39
113
11
264
5
26
2
257
44
6
12
72
3
31
95
51
11
6
136
184
32
2
293
1
12
87
10
26
145
15
158
7
2
14
14
31
63
223
6
1
27
1
141
60
87
264
73
9
293
154
17
6
54
110
81
181
119
270
211
279
64
259
292
226
42
4
117
19
137
6
26
2
49
3
1
2
9
68
72
27
183
25
58
139
126
25
241
81
1
194
11
7
108
29
24
249
2
1
39
272
168
3
19
1
1
287
1
2
37
298
3
92
4
1
2
243
154
44
11
34
2
7
77
25
71
90
107
21
4
157
26
268
21
1
196
3
23
2
1
296
214
286
2
29
2
182
1
85
204
6
29
2
1
129
19
106
2
108
7
2
2
6
46
62
67
2
47
107
2
88
28
78
1
279
27
77
1
11
76
7
1
9
170
89
2
1
83
14
56
30
4
39
170
1
30
120
1
133
205
1
10
106
51
92
71
92
3
47
62
229
1
250
96
60
96
22
41
17
32
83
53
48
23
257
1
34
58
29
127
240
60
6
78
1
11
1
97
21
19
1
10
23
146
135
4
102
152
1
109
1
7
241
57
254
171
35
10
65
4
31
1
8
1
13
2
3
63
192
147
4
1
111
3
57
13
4
1
43
100
83
25
13
45
92
100
42
5
1
38
108
6
50
38
7
101
152
1
37
2
34
167
159
175
84
32
71
9
80
21
11
1
256
1
2
21
43
293
237
36
12
18
28
9
148
117
16
291
69
7
51
171
3
2
227
1
104
74
22
4
30
57
272
93
1
2
135
249
5
1
4
1
35
75
179
1
205
1
7
13
7
133
1
208
11
110
61
85
224
145
53
28
108
23
34
166
63
148
6
146
62
1
21
6
224
99
1
10
172
1
219
215
146
123
1
2
124
1
24
18
15
272
14
65
252
8
4
1
32
13
96
262
54
133
58
1
28
73
56
19
91
8
1
38
194
8
7
6
10
1
13
