5
61
85
11
62
6
10
195
1
56
65
11
3
4
173
1
72
37
1
3
139
29
156
4
2
61
110
123
239
3
10
138
28
18
183
18
3
5
30
46
54
24
9
6
300
1
84
78
1
108
33
57
5
5
43
1
192
27
20
37
61
11
1
2
8
46
3
49
53
62
76
185
10
7
1
19
13
244
74
151
1
1
129
82
151
113
43
5
46
1
2
279
20
8
14
2
84
1
1
193
47
36
172
22
111
97
157
270
6
192
1
10
57
74
2
236
30
4
1
222
141
175
171
2
147
18
30
17
2
11
1
132
7
176
217
9
5
2
258
7
12
294
8
1
1
144
4
13
7
112
51
212
87
2
7
173
2
63
55
6
1
32
1
47
7
104
150
50
2
99
69
226
28
26
15
280
30
21
2
43
137
10
54
2
45
50
2
30
203
205
38
34
69
27
1
14
7
78
8
36
282
5
5
36
130
23
185
181
103
110
26
100
4
24
184
70
1
4
4
40
3
55
101
226
72
206
17
34
3
178
95
16
30
29
1
4
7
10
93
65
245
4
251
4
178
33
82
140
210
2
1
70
5
129
3
12
176
101
297
87
13
9
51
17
2
2
2
4
2
132
153
18
74
157
97
2
3
59
1
206
107
153
23
58
23
2
147
33
1
137
255
6
60
276
1
148
2
34
1
259
156
205
71
97
9
258
1
130
114
199
4
39
2
239
94
204
61
244
268
64
33
2
1
148
16
31
62
1
48
29
165
10
115
1
2
216
9
89
82
19
9
28
5
14
62
4
179
56
1
19
9
291
4
96
82
38
20
87
51
3
47
54
1
10
52
2
2
1
19
2
185
120
51
4
87
5
9
12
8
30
20
2
92
52
36
58
1
30
165
11
30
138
61
47
12
128
4
187
296
113
33
33
50
16
29
2
10
121
2
276
68
223
155
31
1
208
28
27
5
96
1
94
20
6
1
13
100
1
16
2
265
70
19
46
7
45
250
90
1
156
80
97
3
27
6
7
66
80
105
2
5
57
133
5
125
169
1
22
77
1
23
8
3
12
3
19
198
1
4
29
197
35
19
39
7
23
6
2
3
53
132
49
2
1
2
1
105
1
288
4
36
1
74
289
177
9
7
14
12
211
160
1
241
177
67
8
1
118
26
3
1
20
196
52
72
217
39
5
42
104
201
2
22
290
1
253
98
99
4
8
67
5
5
4
8
256
29
61
3
113
248
136
7
2
22
26
3
3
1
4
43
24
17
13
9
11
12
151
5
8
1
273
66
12
51
12
51
9
23
204
243
52
2
283
247
1
162
242
286
55
19
254
11
14
267
24
29
125
1
3
9
155
1
140
70
4
10
296
161
18
257
4
1
141
1
285
15
48
3
25
12
21
91
281
2
5
118
30
30
271
118
25
47
46
52
9
210
49
2
15
6
37
58
2
79
4
3
67
12
98
72
51
36
3
1
184
2
1
3
7
24
1
37
11
10
12
45
6
10
77
4
2
173
155
2
5
2
4
14
129
62
2
147
1
14
108
111
2
99
206
277
6
4
6
30
1
20
110
54
21
57
1
244
2
1
4
1
1
22
57
35
59
156
76
47
273
175
2
204
5
35
151
20
110
124
116
2
222
54
31
1
1
263
8
67
222
140
170
2
4
20
11
268
1
242
18
30
3
241
9
1
134
3
148
130
1
79
232
74
1
87
21
2
30
156
11
78
222
105
6
68
12
6
212
11
4
63
1
34
46
291
5
18
1
104
79
19
1
46
42
283
67
250
252
66
112
2
53
5
35
11
86
2
10
132
228
13
230
2
1
39
64
264
72
14
280
70
21
53
291
7
277
57
1
202
1
2
271
277
83
2
25
1
24
199
79
146
2
33
3
67
30
29
170
60
133
56
114
149
70
69
101
1
11
1
261
50
21
1
3
1
162
47
33
54
66
4
18
38
97
196
6
54
118
112
97
18
41
256
196
1
2
59
56
216
3
236
84
5
78
179
2
17
141
137
40
1
1
203
81
96
51
2
68
57
2
275
83
203
43
18
258
54
238
181
250
209
49
237
1
29
1
44
110
17
255
2
2
20
258
130
73
71
34
155
174
152
101
29
8
40
12
21
27
132
39
121
78
32
11
5
127
61
30
22
34
2
56
2
33
81
3
11
15
67
3
62
238
68
52
100
17
10
11
71
12
183
9
1
78
66
1
7
1
2
11
13
1
16
15
6
17
296
3
25
18
22
251
79
92
26
1
32
224
11
61
83
161
20
39
44
19
15
16
191
86
19
35
12
13
137
46
214
132
26
4
10
52
39
153
119
19
7
178
26
148
20
38
46
58
12
25
67
300
2
92
5
1
294
13
44
4
100
115
48
22
188
39
4
6
173
24
177
53
4
96
39
3
8
11
43
12
4
32
87
266
2
2
4
6
27
210
8
32
27
