408
714
140
639
179
3636
1350
457
1708
553
141
1286
400
4828
148
6
3708
1272
853
429
37
245
485
1641
120
242
121
687
2168
766
395
994
641
1555
79
1833
1944
135
58
1431
1326
1471
693
1515
486
3376
92
4525
329
2331
806
327
1462
2857
1037
138
1549
1109
303
3756
779
208
956
80
304
1373
2384
660
765
1713
3061
2133
530
1225
1150
2351
399
1074
1943
143
419
224
1771
435
3326
399
676
1608
95
843
565
273
324
243
1772
2215
2621
39
920
6548
170
1583
892
1701
1735
947
153
61
1089
842
48
585
147
559
1360
1137
150
3343
104
33
2440
132
1174
2168
583
3687
982
160
145
1247
383
1148
587
910
1469
389
1389
1168
324
990
1042
1112
788
28
1
1911
760
1500
540
3087
247
987
1114
926
12
1200
503
173
2994
458
403
2088
284
1294
535
1007
409
913
1068
88
573
1456
582
4587
719
938
304
260
1328
1514
1553
286
2799
3384
3375
2050
331
162
2121
976
792
11
1733
493
601
29
399
1687
211
460
298
911
173
2832
234
1022
413
926
1842
471
4243
377
318
484
212
131
4440
139
394
383
645
914
830
186
2961
575
899
302
154
759
865
519
2801
1422
323
1463
1732
133
2197
878
152
504
191
478
342
2289
2027
596
2806
363
1441
720
794
825
474
504
587
769
856
933
1649
258
490
136
199
785
976
1096
697
701
4352
1203
152
1004
21
3575
234
1717
85
173
1367
618
3555
47
563
1909
622
2372
1243
3601
293
1343
605
4814
90
94
418
793
1128
319
1378
16
454
502
1971
661
1184
1077
1486
3514
58
871
882
1526
1893
1966
2553
317
148
123
25
1354
602
839
153
845
330
40
447
1187
3363
44
740
1746
2212
615
673
3192
542
791
131
383
379
770
21
734
13
1084
24
903
95
475
90
5537
8193
983
364
603
3478
159
613
429
4294
675
2961
3743
1227
337
1065
204
1475
1663
117
700
165
381
880
24
980
2175
1962
4128
18
620
491
1256
1758
228
698
153
1255
469
1847
134
1093
144
2369
1097
1031
1242
2019
300
1330
928
2831
48
3
23
608
232
2540
3290
3530
423
506
24
626
390
331
1065
2106
803
496
762
3274
117
242
2501
1356
996
1475
83
912
637
2960
355
1521
475
2529
976
1034
280
633
538
499
22
353
189
752
1085
513
54
1510
1861
179
403
1329
799
524
764
424
1258
400
1499
577
2057
402
2416
1762
411
903
1762
494
937
1451
290
382
446
227
41
747
745
157
1323
167
539
738
1929
474
1622
1526
985
78
245
1663
2645
419
1442
433
1082
1044
604
99
459
3427
1425
1964
218
61
883
3499
627
786
834
678
302
411
442
807
320
2787
1032
1119
2066
1958
2082
598
754
1618
409
261
1359
38
3087
1293
91
432
1939
67
401
1673
83
530
73
21
1036
1525
839
140
1833
76
1048
182
957
50
3254
332
808
951
2703
1286
2611
737
376
808
238
13
882
1417
1216
747
537
383
315
1831
1338
186
1059
429
101
3283
1244
651
1340
285
328
2258
1335
4661
242
1941
260
330
152
59
516
1103
99
374
14
1109
2489
352
430
1062
53
21
2248
1828
783
1372
348
585
359
1542
664
1426
1493
1868
845
1734
1134
640
36
106
815
373
272
3218
4075
3307
506
85
2527
2
2101
1732
963
2919
762
7534
2640
924
257
842
1675
1124
57
521
389
684
822
1174
261
759
503
1864
348
519
449
573
120
417
2416
1463
3421
30
459
1667
374
1947
83
1505
1579
965
83
220
404
2037
632
193
1211
283
591
867
362
1018
736
414
2626
1864
171
748
681
3781
981
627
444
573
1174
133
79
614
3344
503
104
307
46
201
739
986
1988
226
290
919
1078
1556
63
205
529
676
3035
2316
55
2431
302
1811
767
594
820
1772
3065
1868
177
122
1642
2121
98
76
618
1170
53
552
747
484
278
126
255
55
5399
37
210
81
809
102
207
1041
488
1168
858
66
573
359
2655
1236
1335
68
4070
503
2131
62
479
832
862
1469
1912
1027
1901
2536
1035
194
934
1682
582
519
770
2128
1122
146
1158
4289
1097
230
56
1205
117
1062
49
187
175
4912
889
317
47
94
323
796
932
219
143
2241
1513
903
1785
180
3485
1090
2112
1505
244
816
1712
857
2426
300
1099
590
11
119
498
1477
287
789
554
2536
37
778
148
36
166
94
114
3151
67
1370
1074
761
999
2277
314
272
1255
201
1269
281
2405
843
199
1132
376
241
470
257
2576
594
34
1064
843
2581
1100
273
83
1174
894
1075
179
2264
314
2889
108
817
1325
1187
864
324
2142
2315
8
58
2086
2340
3274
170
437
414
8
507
1311
581
887
3429
35
823
189
514
203
500
527
152
294
1324
282
114
1164
1862
828
262
1617
759
3849
2231
214
1624
42
186
11
3
845
690
3948
878
213
264
141
1232
375
587
318
745
1385
2962
1775
78
1075
3
1577
2972
187
45
420
1984
1145
219
544
95
992
2087
1853
123
10
687
534
81
345
1648
787
264
112
385
50
1533
496
38
1463
894
71
105
9
118
797
421
806
139
2101
2158
141
159
2324
1560
87
67
96
379
180
474
1358
37
408
329
367
605
4800
852
309
1557
930
448
41
749
898
480
2620
313
26
3710
97
181
1395
681
1132
1800
690
213
1
278
413
558
954
617
916
215
791
1195
98
495
756
946
137
1030
55
2032
279
215
185
627
823
1364
329
946
287
723
3970
739
2008
558
288
1842
867
2854
3130
1250
174
891
1034
395
665
1174
980
515
221
944
944
987
1149
786
