229
743
655
3698
595
498
651
2066
1338
1007
368
73
1395
125
1302
93
2058
474
113
1252
2769
1051
975
279
1419
468
1272
203
131
101
227
2422
40
62
312
656
63
1588
332
110
1977
1490
4
76
58
491
3810
599
1562
1807
328
252
654
1052
428
1090
663
1191
135
534
19
848
605
1795
153
1284
1563
756
1000
254
522
2314
388
395
814
849
2297
1852
340
1154
697
266
597
2051
3661
1968
298
695
1743
1170
801
943
277
3146
573
71
63
187
445
755
150
412
877
5592
618
180
454
616
161
1194
98
1527
248
707
205
389
313
267
911
1139
442
179
1064
755
2512
170
1344
532
1577
32
649
950
337
1013
467
1996
649
2259
599
22
351
37
109
954
1348
2595
1931
1699
1160
409
184
734
33
1358
2065
2522
30
65
1263
789
94
434
4384
32
108
1106
335
1820
91
2189
147
3422
9
3017
870
367
1075
132
1658
3663
5642
2731
112
260
3823
235
1410
1708
1289
34
2364
463
3028
2043
1170
1909
160
2242
787
602
7
35
1252
53
26
1683
402
341
1273
1273
619
1723
951
53
1868
1692
1105
192
1932
797
40
1057
344
1354
916
3901
414
1461
157
52
367
1163
58
139
864
303
21
937
701
1517
1122
1154
1080
765
1197
723
248
62
2681
104
480
1216
2093
2275
597
1412
2167
805
260
1489
787
716
50
2851
708
3518
605
2913
128
382
35
406
1035
347
957
548
523
545
1234
1389
46
1819
897
338
155
1500
726
2597
526
1055
323
1628
37
971
2382
474
5260
266
4402
310
228
715
638
1159
434
280
1638
279
199
1085
1778
162
339
2667
4426
1147
2060
1180
1330
501
1069
269
3100
856
959
2078
423
436
131
727
228
232
1513
3
1555
680
1801
2216
1097
25
1948
3897
56
897
154
30
316
1657
621
1018
1615
596
2023
450
1253
1164
798
1112
564
718
1132
989
297
431
1798
1631
1645
5
132
665
241
80
47
459
57
824
99
2797
375
357
752
3174
2223
1211
1324
241
2071
2773
532
1831
392
273
1314
72
2028
102
1665
549
892
212
411
2535
52
30
1217
1460
585
472
2606
1153
293
294
1029
1169
620
712
239
3272
2775
275
7
1086
1855
1492
214
75
1141
2172
589
1292
1610
60
1034
1668
700
16
900
41
379
2111
76
271
9
184
684
4156
239
2034
614
1250
617
692
2125
662
2146
1009
35
1204
1162
300
278
764
649
3682
710
347
233
267
715
334
1419
198
2359
351
437
155
1116
604
1057
39
278
1602
567
29
656
654
2365
1573
5362
2185
1261
203
1458
765
71
893
3220
238
2101
376
1103
1838
405
2000
9
199
50
299
903
1335
1938
1159
904
1291
567
566
5
542
407
2216
814
2296
867
51
111
1400
650
36
143
1007
976
1360
629
153
1270
167
90
1584
1323
123
2647
2031
944
634
4055
456
1252
415
330
426
1265
86
915
2649
424
569
1151
105
1126
266
72
270
2304
240
1350
3430
1597
939
1882
1192
110
2095
198
3222
142
791
792
3662
1056
4193
1395
506
2830
1926
1515
1821
1399
354
350
260
617
2839
891
1535
1004
82
193
750
154
406
92
89
2425
1796
1125
1917
311
705
1411
1790
1406
5060
255
305
2026
780
59
785
75
2133
809
2114
361
277
363
217
1148
420
183
2840
387
32
1306
1534
1231
56
2836
231
1050
169
2466
694
182
987
1112
414
842
635
106
348
600
1051
261
1924
619
820
1073
269
1575
711
678
152
4593
301
484
729
1138
2820
2856
337
1215
2048
409
1265
504
1364
1768
625
1764
1366
21
2283
355
106
2288
972
804
324
125
2334
412
80
966
1139
1524
172
1384
2572
1549
206
3397
854
550
288
1848
136
1901
459
5
416
803
44
3891
115
1657
1276
373
279
913
3928
921
3452
246
233
261
1029
5466
451
1282
718
1054
32
2499
3366
866
498
365
598
1465
1076
1143
2202
1764
453
155
160
1265
1230
1187
1120
534
4749
741
1721
5395
847
170
247
929
514
884
124
1475
176
3663
27
277
574
159
136
172
2981
780
995
31
481
393
940
682
614
460
619
995
448
1375
820
60
912
2050
319
1145
103
941
127
2083
843
428
1241
2333
61
530
333
582
194
99
1559
2366
463
3634
502
373
92
119
701
3485
304
1377
1284
2248
2802
251
164
561
729
1931
1283
284
946
769
1352
1230
1998
829
178
4583
905
3215
384
2928
424
1514
255
1787
483
286
921
1084
263
2367
2491
1032
853
688
36
5720
363
363
3401
169
1603
680
790
1359
1895
198
1725
316
462
3827
215
28
1865
355
1451
412
2607
653
1323
178
1915
83
727
2508
940
491
2440
28
17
211
368
470
379
1063
1423
188
3310
264
1051
385
163
1327
586
763
1019
676
118
1848
906
153
894
810
3061
682
269
88
836
1039
2606
906
834
1263
1693
774
433
2570
54
476
665
681
249
71
317
1240
269
164
1155
421
1245
238
394
3075
767
1350
1758
239
176
834
34
1730
706
1173
83
731
2
528
581
380
1059
332
1837
310
270
2201
1678
2366
1736
949
790
996
1074
286
428
2221
24
931
529
366
2423
418
469
848
256
1792
1604
83
89
635
1209
2258
1810
334
1809
169
80
1442
4
820
134
1147
432
207
256
862
309
3304
2
860
836
700
2742
440
3367
185
1445
74
247
53
2168
671
642
2065
1035
172
960
488
489
81
155
621
744
45
15
1122
1588
349
233
850
1496
2547
649
83
2107
701
146
1253
454
2731
1139
85
185
410
206
316
1017
443
177
66
1005
3877
2
560
439
1417
1038
987
286
1499
4861
1028
265
178
457
224
1742
886
