625
1631
218
1041
490
59
4545
117
685
1630
802
74
979
858
981
794
1909
767
183
2673
583
1880
731
96
1642
312
245
352
1240
443
1460
523
2905
120
639
2932
420
1150
118
104
404
249
602
307
68
895
538
824
2316
767
1679
750
961
1075
909
2397
424
1549
3338
3890
2368
367
557
499
2580
47
1616
385
1892
336
560
624
183
75
957
253
1848
680
365
98
98
936
646
4795
373
1622
2705
756
891
452
3314
274
713
1782
2704
5865
2589
1467
596
359
1634
736
868
292
153
2945
3615
490
4883
814
537
1804
2058
18
2144
520
588
1241
1863
377
831
725
2840
788
596
1120
2634
1318
105
675
4621
1599
622
36
111
956
567
1693
1227
528
1373
2144
1318
432
256
973
1354
754
132
1151
514
588
1971
306
414
669
128
1735
516
915
922
1297
1566
658
93
329
1257
246
599
1869
358
45
272
1060
525
235
22
236
2581
986
909
834
1812
144
907
2122
1403
554
458
80
1426
471
579
442
28
1659
758
200
821
210
483
880
1012
2717
33
557
212
79
1308
327
206
176
2485
573
247
2464
389
18
594
372
2423
639
1257
1289
95
1139
3373
560
22
0
2020
1516
1107
259
872
889
511
4966
1681
12
1288
607
70
687
704
264
602
803
2761
3398
1534
1855
703
1596
79
132
881
1473
335
541
1317
436
2340
541
101
1772
555
221
88
1067
418
311
2096
1832
834
106
1068
972
2637
1834
76
1597
1312
1473
1003
488
88
742
1585
1934
1833
306
171
1081
869
1030
1253
152
515
624
274
705
1540
141
1776
346
243
710
2145
331
156
2918
2370
36
2179
179
2021
834
291
567
2085
3884
2459
255
1151
207
987
58
491
2551
2887
137
300
310
410
1004
2632
880
37
3236
134
2564
3500
1461
296
833
1238
721
753
1225
827
927
50
1043
45
1002
315
360
148
3119
615
1014
408
873
2966
733
344
890
1066
148
717
1369
132
162
0
1042
5
1365
2745
311
1249
1212
2140
691
226
258
155
2109
77
104
1042
143
1739
118
1258
1635
350
1054
662
109
1011
871
576
765
138
154
667
233
467
136
653
3364
531
229
534
537
1186
748
2714
812
2616
608
148
1361
638
638
384
2418
2051
2497
250
831
1106
24
1327
1649
275
1452
782
506
598
1558
334
1417
103
501
1014
1419
270
604
3693
842
19
524
1019
169
1084
43
2834
1554
194
1337
1534
142
1563
373
681
718
752
939
2766
33
317
918
1788
1028
1907
2145
1642
514
558
425
586
2278
2205
97
578
609
117
1018
155
679
722
1965
747
492
1213
442
418
454
154
1144
1148
1849
510
569
539
685
336
737
2298
2228
1470
70
1129
1165
30
546
2657
701
571
925
397
345
1562
101
3118
4329
2523
2634
498
981
2368
779
732
24
464
3225
1449
2380
2115
1801
322
770
1827
60
436
214
2357
491
3380
918
788
255
2827
673
104
1199
438
839
272
2049
609
1134
408
811
406
2024
53
1412
417
77
106
817
5447
1181
3795
710
121
986
645
589
101
451
885
2695
1592
2188
910
1135
509
485
44
711
704
4400
754
304
1589
289
157
35
108
665
482
824
2351
137
1551
149
109
1352
106
25
530
564
1695
2306
189
142
1240
50
672
610
1976
849
98
1887
239
264
480
2194
894
1994
1832
332
75
3264
2050
1907
275
315
234
1253
654
439
518
559
2550
1039
2321
1493
545
1581
471
199
125
243
702
667
1769
48
3294
1146
63
522
155
1753
664
940
571
734
994
837
658
25
1328
1424
2382
223
1480
82
385
1399
2249
928
190
406
1470
480
162
519
1585
1497
742
2049
1622
1336
733
524
3965
1780
398
2502
16
381
5487
1450
415
62
1837
1324
2135
737
107
1485
358
427
415
46
490
580
736
616
6005
240
1442
900
1122
1209
813
331
170
1985
1610
3516
219
43
638
888
451
326
1647
612
184
508
2137
1761
1126
420
1337
86
373
1832
3164
2322
414
554
373
111
676
583
213
797
1230
987
1370
429
16
2591
75
273
1193
3580
280
540
988
115
424
420
786
2186
281
1391
354
2270
913
1314
876
697
2851
100
1213
795
701
497
902
410
1419
900
198
1295
2344
1788
120
1399
532
20
465
1538
77
381
94
2762
1180
502
23
2881
298
3278
638
1080
1322
771
3848
835
921
2299
1314
2165
1066
487
433
1783
209
74
2122
1399
1090
3151
392
441
245
835
689
1901
42
1727
325
436
494
855
247
273
1969
1420
428
1366
841
17
3819
775
592
2240
545
668
828
883
184
1879
166
2
254
1986
168
4964
1252
56
855
430
105
1896
328
235
868
1319
517
306
1584
168
841
1083
464
1627
388
2168
30
805
100
35
1494
592
1066
37
506
1221
2354
1394
2813
402
2289
16
964
259
1165
529
1741
451
647
171
839
569
22
619
688
360
225
346
601
1819
1001
66
751
605
474
880
1533
265
515
544
1576
831
396
2241
577
3341
158
1706
1131
975
91
1247
1223
227
549
959
258
150
342
472
1307
12
1463
327
1075
360
865
181
3590
2363
78
362
656
138
716
1679
1768
921
41
227
2350
396
1777
561
2256
944
626
899
55
1018
3984
419
149
2834
324
81
1717
759
1450
2494
480
162
600
363
289
865
30
335
337
717
881
2454
1136
415
58
310
172
1103
10
429
1084
429
659
428
1437
1008
2155
127
418
850
493
653
148
1080
1347
105
2178
201
1259
241
299
533
1657
477
347
22
884
122
1186
24
5213
512
140
1672
105
1014
236
424
2193
688
134
1575
20
1825
2687
1085
3572
1344
2195
15
1980
2082
1479
884
710
