1
196
36
22
1
2
1
2
241
26
9
12
82
214
7
289
2
24
7
3
1
181
13
158
57
141
5
137
11
7
65
2
46
264
4
61
268
2
11
1
6
4
199
108
12
192
2
11
3
48
34
7
17
12
70
63
18
33
6
26
4
35
3
177
74
21
13
28
5
52
63
225
168
15
192
4
44
31
166
127
47
7
32
54
3
2
4
253
26
198
3
2
72
1
6
1
25
91
74
143
44
138
284
58
160
263
167
196
16
38
66
8
101
39
290
2
8
9
1
91
113
27
6
56
174
9
8
144
8
3
10
27
2
4
1
65
54
8
7
48
29
3
1
35
2
180
7
280
22
34
7
128
166
11
84
143
10
36
279
202
5
78
85
9
248
24
3
15
14
255
3
1
141
7
3
19
9
177
3
9
187
39
125
20
65
2
55
13
21
128
1
5
254
32
6
3
24
91
10
10
93
209
77
43
1
10
13
2
33
42
117
69
57
256
12
1
168
18
10
95
157
16
18
43
298
131
17
69
1
206
7
119
82
247
19
49
260
62
14
2
145
277
6
210
239
2
96
1
41
2
128
277
130
201
6
14
84
1
167
5
203
290
1
11
15
1
1
98
19
173
20
41
180
46
4
5
237
127
32
32
13
92
182
76
3
29
238
208
106
154
48
158
1
131
2
170
163
132
3
300
59
181
53
3
6
145
14
18
193
107
145
189
3
4
26
1
19
146
17
9
92
81
6
82
17
36
9
3
105
3
13
5
84
65
30
57
44
87
258
2
22
108
26
105
2
61
95
60
4
71
267
24
8
58
93
50
117
15
75
15
276
5
179
62
2
192
6
239
220
162
22
5
15
9
62
33
3
8
35
6
1
2
6
132
99
225
53
31
261
23
49
7
2
251
149
183
17
8
25
46
167
3
190
10
3
33
56
64
124
9
1
35
66
35
46
45
20
299
17
1
275
130
7
59
42
129
120
49
81
4
79
26
215
186
274
13
11
271
43
19
87
1
1
113
53
49
160
100
6
283
7
96
8
7
5
224
38
49
11
74
1
2
135
180
4
86
25
4
6
1
4
69
1
172
45
3
69
238
178
246
170
35
1
60
59
243
15
3
210
4
113
201
141
2
57
1
294
36
4
102
3
2
233
4
74
183
39
5
3
146
210
3
2
78
263
2
36
10
37
295
2
295
5
221
59
1
125
31
25
64
4
10
117
29
68
1
1
216
177
40
277
107
11
192
60
1
4
30
64
1
48
8
1
272
1
5
296
4
127
62
2
41
6
18
110
91
1
8
9
38
38
22
18
1
41
42
8
93
193
21
237
9
20
119
156
1
49
28
232
41
96
103
1
7
4
2
16
7
1
24
250
7
3
121
36
1
14
7
6
153
3
1
136
248
7
5
269
48
236
17
3
182
2
245
231
5
2
10
135
1
63
4
96
216
4
50
5
35
26
118
1
119
66
4
6
67
3
1
81
145
146
2
13
171
40
76
1
18
229
56
14
158
6
46
17
92
42
10
161
1
9
245
18
19
3
287
151
12
57
5
40
8
52
239
1
10
10
1
2
45
142
157
276
28
131
4
115
51
1
73
241
86
10
7
276
5
19
15
17
5
5
2
57
58
87
81
73
18
38
206
71
28
29
1
68
30
194
23
2
69
70
12
293
1
6
252
192
2
20
72
5
6
4
193
41
18
134
31
189
1
2
25
227
83
140
25
280
3
1
276
107
252
180
66
295
234
9
21
99
61
22
128
33
65
20
156
1
167
18
52
280
20
20
136
1
1
1
153
22
43
5
168
23
11
286
67
4
53
8
234
16
1
59
213
5
36
97
100
3
189
263
117
9
56
2
113
14
42
66
69
6
61
14
5
31
1
81
56
35
2
2
1
2
5
7
183
108
58
7
12
65
5
33
1
52
29
241
209
12
113
213
3
288
79
40
51
1
49
3
42
109
17
95
8
282
10
40
169
1
2
32
6
217
6
4
28
2
21
21
135
1
34
194
8
21
124
9
1
186
199
2
193
24
87
7
20
2
54
8
3
1
13
22
49
5
59
138
164
5
60
237
68
6
16
220
42
64
1
1
21
139
150
72
131
1
176
217
1
226
8
20
2
4
35
16
299
8
1
15
1
82
5
65
6
4
35
8
22
2
132
222
11
23
74
191
100
128
1
1
14
15
11
1
241
70
14
2
13
2
22
28
4
3
4
122
20
3
2
4
130
38
104
55
25
2
1
1
4
85
90
248
3
4
3
14
7
129
2
295
107
96
6
26
169
89
9
168
143
2
120
14
31
96
1
24
11
90
34
13
240
45
13
29
26
14
10
296
33
2
32
34
174
57
3
9
113
273
4
35
23
78
22
22
257
2
110
3
224
11
80
2
1
25
19
20
5
248
13
12
70
1
80
92
19
1
8
30
197
7
238
5
3
95
15
153
