113
108
53
2
16
97
3
232
4
31
2
29
35
18
182
273
6
17
137
27
14
181
11
1
19
10
12
162
277
162
155
2
1
130
1
95
58
5
65
217
2
5
41
101
2
3
136
35
4
282
3
298
61
128
84
43
35
34
98
49
25
24
4
2
274
76
62
16
38
136
54
1
242
50
234
4
2
112
1
12
219
295
1
35
8
3
70
3
174
266
1
31
1
11
236
110
29
2
45
33
231
14
37
244
199
18
28
44
16
224
119
285
23
299
8
1
207
67
2
23
169
66
82
53
4
178
3
9
52
25
2
21
35
86
77
26
25
14
57
22
141
3
3
236
4
56
41
1
19
49
4
78
16
95
44
66
59
4
61
22
160
11
18
65
9
288
17
25
116
49
170
46
8
194
20
4
47
8
5
1
12
6
106
263
237
19
15
12
122
194
53
141
3
10
1
75
65
215
29
125
144
280
181
139
1
106
77
187
293
3
4
26
298
1
16
35
213
2
6
114
43
163
298
132
91
3
169
26
82
24
83
36
83
2
2
184
31
59
16
66
87
84
197
70
187
8
51
15
180
4
46
5
8
52
68
5
11
17
224
38
129
8
219
296
216
92
1
102
5
2
97
132
67
74
2
14
24
75
36
11
178
13
1
141
2
187
5
55
225
10
56
48
26
40
146
187
102
61
96
23
2
22
2
168
51
185
248
87
38
15
237
9
207
6
139
1
37
204
42
5
180
7
4
97
52
10
5
22
2
24
61
1
133
3
15
162
3
37
3
4
67
178
43
281
20
3
75
16
48
168
1
266
185
8
119
37
158
47
14
2
9
196
17
56
3
22
7
3
19
47
92
188
2
6
176
200
139
124
15
152
3
274
2
158
2
24
140
5
246
6
3
1
62
281
79
234
150
170
55
171
139
153
50
94
6
11
46
34
25
15
18
68
118
230
46
14
141
137
32
172
161
240
6
1
55
2
4
140
3
123
88
42
12
41
27
4
12
295
166
18
1
154
129
8
1
135
74
91
3
141
7
35
11
116
268
262
189
265
15
79
178
8
240
19
50
33
6
22
298
87
7
1
43
156
119
17
59
176
22
34
7
43
4
4
96
5
1
113
10
1
2
279
134
206
24
22
5
75
8
277
1
299
208
1
4
127
24
199
2
1
251
19
46
19
161
44
67
28
14
7
40
78
102
94
66
11
21
32
250
31
5
88
1
77
4
166
41
49
1
32
1
142
11
40
1
16
7
42
9
1
5
27
6
232
3
13
35
37
92
171
11
75
139
167
56
107
14
2
69
234
58
25
199
222
4
6
4
51
7
85
71
1
45
1
223
30
151
81
263
101
255
57
51
138
79
79
221
215
223
39
271
2
1
25
12
15
300
17
61
134
26
9
12
97
25
239
2
68
5
121
6
113
2
44
5
170
157
1
10
105
16
7
266
126
122
11
298
133
150
40
129
112
113
17
13
4
1
27
266
8
31
223
44
87
18
59
136
60
13
95
143
60
91
19
291
266
30
2
273
196
105
1
69
1
7
180
2
6
85
19
4
27
37
24
103
8
3
47
5
10
143
84
191
28
69
21
223
142
161
15
300
3
12
1
9
1
234
60
108
2
1
7
128
34
120
257
7
62
136
9
278
36
177
43
40
1
7
2
159
29
115
6
100
76
2
2
41
1
103
150
139
161
44
7
154
11
7
23
18
9
6
20
124
5
9
50
5
149
2
74
1
230
13
99
147
1
16
17
9
28
32
2
3
1
5
141
9
59
204
1
160
18
7
9
28
2
153
171
20
35
9
62
227
17
66
256
1
211
127
3
34
21
130
278
71
52
21
85
2
76
14
1
3
150
281
3
74
27
172
135
67
24
37
103
12
192
105
160
11
3
19
20
137
1
111
1
220
5
30
4
31
107
4
109
284
39
3
5
6
1
37
1
98
72
55
2
286
54
115
266
21
5
28
212
199
8
144
16
6
1
138
26
276
1
16
8
9
163
48
59
115
23
1
98
144
57
115
52
53
156
32
124
1
56
3
103
1
4
110
152
5
86
1
27
32
1
49
5
175
36
1
24
92
1
186
2
1
104
13
95
43
18
4
64
64
193
17
20
76
164
2
103
36
29
4
6
1
15
71
4
45
30
13
5
295
14
180
58
1
27
34
14
208
33
93
213
113
15
4
6
168
1
142
15
1
5
227
3
2
5
110
50
137
144
55
1
39
37
53
96
187
7
285
7
5
1
155
47
282
236
2
8
27
37
295
55
230
9
21
58
10
49
256
250
2
1
33
6
1
24
210
9
3
73
78
6
295
81
6
6
119
5
126
9
3
116
10
12
101
24
244
136
172
8
136
7
1
8
31
1
195
162
24
40
200
133
204
91
31
6
1
9
24
27
1
42
4
4
41
1
71
4
222
105
13
2
23
1
15
35
1
1
41
15
29
