106
205
19
187
41
293
59
73
1
176
237
177
1
224
85
88
55
41
3
36
73
15
139
174
32
98
8
7
1
189
3
7
201
2
72
16
55
1
1
292
19
157
20
160
298
182
96
20
231
29
14
106
285
266
119
225
66
114
17
29
70
173
285
268
95
2
4
162
156
9
60
33
190
34
11
19
149
28
54
151
1
3
1
38
42
1
63
4
28
96
1
233
62
10
187
48
56
12
250
31
66
13
11
30
17
1
3
221
16
11
1
153
41
1
1
46
5
2
261
2
1
1
92
72
50
156
25
6
28
25
80
85
64
138
35
1
98
4
3
2
5
16
1
148
3
284
4
15
214
17
230
9
258
8
42
90
3
200
54
158
102
83
276
4
129
7
53
216
21
5
172
224
148
5
55
10
8
5
165
42
251
119
164
183
28
72
110
11
137
1
208
1
164
1
1
254
16
23
32
3
57
21
53
98
1
73
70
2
2
96
17
2
154
62
6
9
1
102
81
1
1
14
29
7
194
6
170
47
6
2
125
2
300
1
1
143
8
4
1
209
73
29
17
12
171
216
140
27
3
2
65
103
155
225
242
4
88
2
7
8
172
216
3
37
65
1
145
4
24
294
2
73
56
8
72
4
6
44
51
18
59
3
53
3
291
1
36
173
27
19
71
1
2
156
26
35
33
5
30
73
193
29
2
11
4
13
24
2
27
1
238
60
38
234
150
119
1
30
11
18
18
168
157
188
114
126
146
31
5
75
16
1
32
20
133
218
238
35
212
19
35
76
16
145
17
133
18
78
22
1
250
64
24
204
125
116
45
25
46
115
135
190
13
154
17
2
1
31
1
17
1
55
214
17
71
16
1
124
152
26
1
19
278
1
1
21
25
120
103
7
52
49
265
270
11
60
12
15
285
241
180
29
56
4
2
8
131
266
3
6
13
30
3
35
27
7
9
1
18
1
224
194
1
44
1
241
107
75
278
295
64
1
10
3
99
130
204
106
143
1
219
169
72
16
2
17
195
289
3
31
3
2
191
36
21
15
24
25
1
123
18
183
1
24
43
3
81
25
93
17
94
8
20
47
3
27
24
273
7
2
25
2
111
278
54
41
15
15
170
121
53
82
5
2
6
36
79
78
1
209
95
36
114
84
58
25
294
5
146
18
27
9
72
4
53
1
187
3
1
1
34
10
142
1
1
8
300
13
5
194
8
52
12
3
15
79
140
166
1
1
240
15
4
117
189
152
217
9
46
266
46
230
4
1
103
159
164
125
6
33
7
2
25
3
56
8
5
170
118
188
2
1
44
5
103
42
19
74
229
215
237
21
236
254
25
2
7
24
139
114
227
2
88
105
2
203
101
10
55
7
254
3
30
65
63
4
23
100
226
94
65
3
7
7
3
1
84
6
84
16
26
1
8
1
36
10
106
2
66
77
38
20
170
3
66
14
2
3
36
1
122
27
35
116
1
11
147
1
48
10
138
290
7
58
2
131
19
25
152
39
1
242
9
2
297
260
26
31
45
156
5
1
4
298
1
192
291
3
7
67
5
118
27
1
1
26
8
18
65
7
3
14
136
91
42
6
1
136
20
1
43
149
247
27
259
75
126
55
44
12
143
12
77
11
31
50
212
19
42
6
30
4
78
104
3
1
106
3
86
97
5
21
1
26
4
33
23
57
285
18
297
76
136
139
23
14
1
32
5
128
25
289
25
1
28
4
43
16
42
20
125
7
1
71
37
36
160
16
20
1
1
145
4
243
63
9
5
16
15
6
40
143
59
246
2
1
188
66
5
130
53
5
98
33
89
7
7
1
7
1
201
134
3
10
18
225
59
150
10
28
10
38
22
187
2
246
2
222
4
23
58
3
55
7
101
86
115
122
17
196
97
196
2
5
62
4
1
82
6
1
12
31
2
66
7
96
95
68
36
59
117
29
65
168
76
72
95
85
5
1
10
34
287
43
112
3
87
4
2
4
7
7
31
1
35
89
148
79
8
166
188
71
2
4
17
105
74
95
11
9
16
2
125
39
269
4
219
146
8
30
7
53
10
2
55
85
65
144
59
8
6
12
1
241
61
208
133
176
4
14
14
9
11
18
296
1
3
8
1
114
171
150
2
18
84
300
82
53
286
119
2
227
30
1
8
56
62
101
5
197
64
5
127
91
48
195
1
7
3
3
33
47
11
143
1
1
7
3
2
13
6
36
3
179
70
55
32
86
19
7
279
143
173
1
1
68
9
30
8
27
1
84
11
2
158
25
217
211
7
9
19
1
2
146
1
1
173
50
1
164
78
2
199
20
88
180
13
165
26
59
4
10
31
17
70
163
31
5
223
113
79
67
110
6
14
91
182
37
7
30
57
41
4
92
225
128
26
75
291
1
177
18
164
200
1
70
9
2
7
30
7
13
19
284
70
18
179
2
67
34
12
184
3
23
57
