1058
1682
1188
25
37
701
955
1983
423
6117
6512
1807
34
1553
616
1381
3967
1499
323
1629
437
101
72
729
1202
588
2021
426
307
64
1918
497
694
2662
648
425
207
273
325
1587
217
1008
1377
260
2954
93
161
2005
498
487
470
710
664
202
435
60
1528
1474
542
655
562
26
264
803
113
1345
3865
1619
1308
533
573
3182
178
3535
1056
4370
3233
280
183
535
616
375
116
1185
196
55
2309
2447
328
1208
270
1082
2768
2745
132
135
2602
209
2994
1461
1835
688
1243
1972
1187
337
60
1812
202
1195
711
923
288
915
1729
1350
1066
894
805
1807
2081
199
1467
12
80
912
1199
3972
1428
588
372
400
1022
1046
82
28
81
1561
1049
527
338
553
2027
320
460
107
1054
35
681
1095
1982
934
299
311
1889
2396
439
158
1400
1051
1773
1358
258
514
371
608
2869
27
46
770
1091
38
315
1498
320
256
517
441
321
625
667
835
1069
1345
552
299
3363
1732
81
274
497
286
267
174
2557
72
3594
784
940
147
625
300
848
16
374
1759
952
3961
380
1421
704
921
707
458
662
133
595
21
57
154
864
455
1024
471
157
4
2404
436
1070
304
1063
685
99
1736
2101
3372
1695
770
3628
416
30
1076
2216
653
379
3269
156
43
1289
3916
1827
943
264
424
166
1616
1193
292
418
358
194
2582
199
1266
32
485
497
1756
1086
1091
2405
144
38
743
282
555
2577
9
1851
3316
462
305
192
264
1375
471
871
1066
46
3151
1854
165
1834
1169
790
201
327
726
209
273
437
1469
2409
259
2848
1240
170
2327
283
1542
679
3233
481
668
424
92
220
4653
999
547
1117
464
59
260
4171
227
1258
544
5007
732
1028
2270
125
77
253
59
1772
151
597
1987
2935
163
564
1149
2508
840
512
936
566
762
1101
38
122
113
621
69
583
1069
2341
3861
899
306
2421
439
1507
1125
775
1319
2202
2279
9
590
21
252
511
101
877
1550
1058
291
1016
263
1158
1034
185
2398
2588
101
2053
750
199
168
2794
544
110
178
570
447
44
1217
1359
1991
1681
1624
287
862
451
15
1480
1162
449
1585
429
475
292
184
1728
313
107
60
563
16
73
706
317
281
417
128
866
208
2204
704
186
704
999
2013
1036
686
4389
1961
674
1009
158
415
1398
880
166
1020
1556
530
1255
178
218
2285
851
618
1631
386
301
1276
66
55
384
177
1750
285
752
83
172
162
793
870
712
269
168
507
431
93
3731
155
1132
2268
376
784
67
423
2169
940
1149
1619
1422
91
896
5
69
972
86
303
115
267
1009
7
175
571
49
136
8
841
1866
411
936
320
799
725
392
3252
518
689
1629
75
401
279
2473
3254
1048
3038
710
1897
410
2398
28
863
83
1194
269
7
243
318
5305
391
520
248
192
2392
335
436
1239
112
3411
668
29
3147
3802
278
571
1304
649
574
772
226
427
661
480
750
1659
3742
2241
64
2265
111
52
3455
560
734
50
1963
824
843
187
373
232
2673
897
2032
182
2030
478
1247
4
7063
707
151
1724
219
2530
922
184
3297
1311
25
216
638
118
280
403
1771
631
2927
1658
1951
559
278
1086
469
431
371
104
525
529
148
148
336
191
219
283
2886
663
26
12
113
388
267
815
580
539
1522
34
1032
124
862
1200
182
1091
3318
1207
3155
1364
1394
64
498
131
1871
44
1917
1845
278
652
1437
231
662
1522
2361
259
182
290
3195
204
515
329
729
385
470
594
1348
624
1160
1544
359
217
10
470
612
1295
74
1278
1360
562
3849
207
1485
264
1796
328
2279
329
647
1806
484
1703
175
3283
45
839
92
1192
1402
3791
514
45
1458
63
778
1239
2300
645
1885
2259
383
1270
1547
71
1900
11
1498
781
718
110
376
1429
240
161
537
1301
294
330
520
23
705
112
2621
928
742
228
926
176
85
3064
653
1198
96
1436
16
264
14
131
325
546
331
1500
543
2105
422
23
208
709
40
182
1270
453
797
114
662
523
1787
248
3177
284
56
836
272
562
9
430
70
892
2410
23
757
187
355
3322
287
1456
317
129
2602
26
1159
335
623
1454
709
1482
1827
176
62
416
1271
1772
3373
380
1892
1059
195
1421
343
3897
6144
855
2691
35
338
525
741
1847
82
2043
2543
684
1067
1285
414
2317
291
1064
94
3548
460
1407
1987
1895
677
673
245
203
1123
3
255
194
1687
1334
1336
596
1295
1146
880
367
1129
158
1322
1284
2001
210
487
800
2280
468
1400
19
153
697
1083
2929
53
68
562
1796
213
139
1001
1283
855
644
399
1282
1245
764
196
3079
877
970
164
458
1124
550
1119
1550
1436
364
41
536
199
1365
1030
925
598
3142
961
1471
2625
933
1183
791
1295
1504
1352
2456
861
255
140
1377
946
1409
708
88
1324
5069
1010
1208
296
1458
1227
5032
2370
422
868
405
993
4780
938
611
1818
258
157
971
124
28
331
786
704
76
1141
2008
1526
1212
1356
1968
433
367
258
59
333
1196
237
240
3628
1064
1577
63
1355
2677
2270
272
533
138
900
22
3026
57
19
43
179
2085
793
902
704
409
6160
342
820
554
2153
491
43
796
85
649
1950
1244
3934
334
2628
526
1306
2
665
275
759
1187
486
49
2317
381
1452
992
4714
1728
4736
103
35
682
277
143
732
2031
478
471
556
1358
1123
789
734
374
434
2121
539
2198
591
2378
1765
633
1999
676
1199
433
1606
2205
3734
35
235
1170
588
1853
1100
6545
180
636
1143
1705
322
598
143
67
37
157
372
1965
177
1913
2
1309
3660
182
730
311
