2979
170
2287
457
271
740
1486
2291
443
1087
608
35
1083
644
1561
1503
816
611
576
1311
448
911
2633
226
75
266
1073
317
1380
119
2210
636
604
479
662
284
1475
133
1017
288
1363
640
344
44
666
1901
524
401
536
2697
1995
1169
2021
2313
884
990
13
763
2833
41
3514
2266
1044
872
3888
1278
1135
3517
17
953
221
283
186
2140
3237
1408
1785
446
63
2204
1846
892
1000
3857
1714
251
737
1814
1059
297
881
708
2647
3158
2699
1262
1843
94
525
2221
1365
887
380
1549
784
1745
66
31
59
18
333
790
534
738
1637
606
192
19
675
3679
830
852
275
977
192
696
943
121
3271
307
2473
70
163
553
30
2490
2572
386
2164
1887
833
88
76
393
725
42
1179
518
1569
1048
392
1481
344
5828
528
263
1608
2025
1923
1786
15
117
947
226
1608
1810
470
347
76
1203
945
2673
1462
685
2066
1638
399
854
614
81
181
161
223
1796
43
1050
27
264
1260
2006
877
24
982
456
1678
1397
613
369
753
735
1897
1908
477
1192
2361
258
3466
434
1026
1233
860
1838
2165
604
965
449
710
475
640
60
263
618
1158
2706
864
2865
179
1197
586
1864
405
1429
1094
1471
3078
1250
6660
2650
285
2150
38
191
130
2494
730
1525
3602
956
103
702
1047
939
1414
1789
53
400
3081
68
599
319
714
162
1948
1725
1405
344
261
150
150
825
234
734
1468
1584
61
2328
1973
1619
1071
496
865
351
1125
501
790
675
133
639
257
600
255
220
138
302
2539
1423
80
272
955
484
763
3074
351
215
253
1562
617
1266
348
732
370
269
816
562
111
2755
934
449
50
1298
1341
265
461
65
3287
1443
2309
1498
671
443
758
140
1825
417
574
909
512
596
262
147
780
521
96
329
2541
2675
542
414
314
1517
573
1238
187
334
1482
234
448
1083
216
225
2396
3270
13
24
681
1410
550
2164
666
45
434
215
1242
988
956
626
182
2984
694
1757
1347
473
2445
63
2899
148
144
892
932
1890
3388
6348
748
751
2144
155
866
820
278
437
2051
1373
1376
1621
2028
319
2448
907
1004
155
172
3112
3266
167
59
649
1153
309
1258
800
2167
423
2249
1674
273
600
73
1955
530
1041
166
47
875
573
65
1468
846
193
603
2143
758
758
1087
307
294
1365
1604
1018
4142
1326
779
302
2068
1290
3094
643
310
1100
2642
81
2007
630
113
215
864
960
676
1504
1529
1574
497
2053
759
3217
123
1229
486
1154
1643
1462
196
1398
659
2547
2687
419
663
2940
296
1075
242
133
574
2173
522
1068
1878
1443
229
218
3419
159
552
674
774
183
63
2353
2130
215
1311
404
1350
411
1293
230
2476
1490
362
3997
502
694
1250
1666
364
287
762
83
91
1079
271
2536
192
971
1917
1823
2190
237
315
406
4195
65
107
1420
2780
1195
797
848
261
758
642
1064
4334
991
3764
213
913
433
507
455
452
204
1212
1278
457
3197
1824
389
1254
14
561
1700
746
468
1027
461
1424
2176
2059
9
1168
262
2240
945
2208
1061
1773
3806
473
599
105
1066
13
2409
826
1321
954
2206
193
339
381
338
393
103
694
450
1558
3344
294
1345
737
385
654
1268
1232
195
1804
5767
33
502
173
399
1075
2555
1042
105
134
2302
2332
2642
4101
1101
630
209
655
289
1842
807
3883
1791
48
857
677
25
737
129
888
508
2458
398
2670
1878
1711
2770
6819
292
535
203
2348
289
63
462
274
895
989
208
2000
1787
122
359
738
1046
2725
625
1212
538
373
2586
70
75
611
262
705
927
290
1398
440
1376
63
254
2066
262
397
2188
5
112
122
190
1083
1322
411
82
313
1930
1048
210
25
1175
223
2995
702
835
2569
234
2037
1104
1409
2603
278
296
1111
1346
436
41
51
4031
1909
2293
563
996
238
551
438
1079
779
157
664
821
340
4369
2122
1383
20
10
1258
379
1914
882
41
952
1154
1
364
619
246
2794
3423
1796
1215
1687
246
2554
2400
536
1857
913
883
349
1715
1754
147
1375
380
329
2337
28
315
2243
1093
642
288
2105
241
1034
449
680
554
28
23
658
916
540
1176
11
2274
882
666
422
476
1435
867
201
552
2751
801
401
490
769
259
373
734
541
848
308
3243
576
116
435
5027
939
85
167
536
223
31
152
1067
977
3336
644
1797
1137
1252
44
1524
1475
525
600
103
2600
209
785
284
400
804
1211
758
417
556
515
272
158
1281
730
600
180
24
468
420
1672
492
1094
96
52
34
258
1954
1229
712
1250
819
375
47
2802
3104
1402
1107
2030
397
533
296
1838
295
348
1693
1646
294
948
189
145
418
1608
97
1717
23
48
1862
707
1169
2616
409
621
310
29
872
56
1494
3989
977
231
1897
595
735
1028
2771
350
192
589
70
488
1033
259
323
2360
191
1109
1396
2097
470
3046
591
126
376
564
717
1175
1149
668
96
463
614
1622
1989
618
357
681
802
946
242
1438
835
1682
586
589
79
1266
866
127
827
670
1380
34
671
4018
640
545
689
656
1077
860
599
372
379
533
824
180
352
355
20
827
1415
339
3055
20
132
89
974
345
510
105
3792
91
3065
1146
1004
1862
2151
2531
684
75
487
943
479
2051
2114
819
475
309
7
782
1363
701
63
181
1984
1512
838
376
748
983
760
1299
976
1076
1540
332
199
28
402
652
1460
1897
129
653
216
840
425
2054
215
1386
253
1739
2178
2580
892
202
1325
1311
363
1709
1522
386
529
3477
1062
271
151
1227
427
521
224
934
677
1957
185
429
1261
3834
1398
1305
907
2755
924
659
1557
