1556
1097
262
814
1697
990
412
1740
13
409
404
305
248
7193
856
555
913
1010
505
3448
784
947
851
308
587
1204
629
4351
1039
343
324
797
2494
391
1513
475
707
193
1358
1367
46
988
2073
815
292
201
2373
304
371
712
127
1026
606
421
182
418
1463
1938
606
2477
267
158
1442
45
211
187
168
224
3995
2250
737
479
1045
37
23
379
250
1114
256
2028
309
952
818
403
777
2886
1196
899
586
80
2424
113
301
843
922
214
35
890
583
1412
234
606
910
497
1034
420
2136
615
1473
2544
1898
724
135
1746
2147
33
531
294
1807
210
77
437
871
445
442
172
411
531
1288
1174
284
1178
2050
4250
504
1613
8
1217
691
147
268
235
2637
133
1528
101
744
190
739
948
506
1841
1288
2445
319
2959
1688
739
780
2686
580
723
815
1372
361
790
1344
483
3580
1628
1453
742
208
1025
57
806
1994
1674
457
680
724
3197
190
179
222
653
61
12
196
1040
140
206
137
388
1123
84
266
811
233
2119
81
392
2569
935
662
3407
2207
1284
3732
1333
661
331
3131
2314
212
2368
247
1172
1529
255
2083
301
1742
441
1120
1495
933
788
23
2395
127
631
523
1259
935
70
447
3454
594
210
4
236
796
1612
1315
692
47
314
917
513
2252
1035
994
2013
473
1142
1057
1141
55
419
424
130
319
936
1197
580
3525
348
1367
572
133
1663
576
2098
323
890
866
2855
273
24
636
81
383
87
460
3743
2264
159
181
996
390
7
2210
1230
503
828
106
505
3630
105
187
1025
21
167
3274
713
297
2758
1708
358
301
1381
2182
2074
729
1675
184
2113
254
1052
1186
1119
219
2500
1995
1902
3938
908
287
420
492
537
643
2101
1579
303
558
694
126
1122
938
805
135
2936
1906
1317
896
208
112
1699
442
74
29
300
3835
228
1738
859
1192
2650
84
538
654
2008
3358
1223
219
935
2455
332
262
2114
195
3060
348
355
1279
851
1684
336
140
2939
703
1131
881
1094
1413
2089
1687
2955
1383
608
1236
3674
4340
2166
452
196
22
686
1017
1930
520
376
4300
381
421
377
2564
38
3
1426
836
1424
838
1834
910
170
1510
49
824
250
202
1369
1767
3031
111
859
496
951
2055
654
5107
1996
312
194
291
796
115
278
39
1983
807
209
685
596
2297
2762
2458
2200
245
41
308
1560
359
12054
677
1245
340
950
631
893
383
1100
239
30
492
972
784
2724
730
3619
36
13
47
774
1894
2536
651
38
3170
1485
2169
1303
320
987
90
1831
129
756
1502
567
620
430
130
1546
547
908
570
862
580
1554
1727
451
231
594
413
593
48
855
2091
4230
2790
391
287
531
2745
806
350
809
611
2380
177
907
1221
2836
185
1124
2728
1914
158
804
1208
806
497
1414
599
2
324
30
501
1774
696
882
734
44
575
2077
1647
146
1982
795
2274
1024
1230
2123
661
283
709
1300
158
115
1599
550
1350
951
635
321
853
61
283
872
138
416
555
2101
1180
864
1137
1130
2304
81
3248
376
469
24
1049
329
100
981
1024
1132
568
2692
1339
1755
200
59
183
2674
490
1724
33
533
711
1858
2381
2954
778
226
1046
2114
1664
693
1128
183
4328
43
1480
313
949
4246
618
1168
3402
574
866
16
2640
57
62
1556
441
231
908
1099
771
358
373
301
97
2563
13
6936
371
349
782
109
5
129
566
375
491
804
3490
620
4
33
466
2181
436
75
5517
142
223
542
1632
1495
797
562
2751
375
8
2472
649
686
781
1396
1262
626
47
2345
4249
1701
717
373
1760
2319
895
1780
874
545
126
363
2470
1021
82
606
805
449
2542
1370
3482
316
5263
49
303
634
313
159
1826
1589
229
85
120
15
752
2625
241
1594
1946
1727
109
411
65
1042
2970
1116
2170
1008
146
242
275
288
668
348
167
433
304
544
1695
47
1772
1034
1007
1388
1156
446
1428
333
1161
77
893
467
141
2697
135
2466
656
3230
2983
457
1030
1061
75
547
22
740
495
253
1365
1074
101
442
189
114
330
518
198
309
239
1889
45
2395
311
140
924
2085
1061
2198
797
493
11
872
486
504
1323
230
233
189
1488
2538
549
998
2501
2401
592
865
143
1454
492
305
638
408
539
290
444
1259
2432
3267
1981
588
207
833
667
224
642
18
886
1121
245
1996
2183
913
284
260
170
3202
1107
4201
1388
1096
47
942
2581
3055
37
153
44
1418
1912
562
2796
474
2642
326
37
3906
976
1196
1712
128
1571
469
1417
655
704
2460
3432
378
550
1900
481
1196
1054
452
1192
1073
116
920
1370
1304
2938
145
818
200
849
526
2010
530
266
294
871
226
1098
144
1723
4292
897
404
1204
1616
565
1867
585
232
146
304
1721
623
132
489
667
500
217
43
982
159
366
5614
724
2192
568
373
2415
11
366
270
2019
117
2366
214
320
197
4094
1565
2009
2260
2155
1451
1401
2150
564
1585
312
1767
555
383
209
3849
1510
128
817
344
167
333
851
77
32
720
172
2038
267
556
2854
611
4571
928
829
1156
8747
225
928
77
2831
486
774
609
3206
118
390
631
904
1780
367
1175
445
1311
75
2678
3808
16
1731
379
1651
667
182
35
1329
61
296
286
1039
150
389
868
795
1168
356
1361
382
132
405
1162
1456
690
293
835
1084
475
715
15
421
1667
2272
312
308
2051
5112
580
602
200
1300
1279
1655
2198
68
794
1304
793
265
907
177
1690
638
198
93
225
752
41
2259
2351
2211
365
142
105
213
1711
18
258
1501
2250
602
105
911
803
382
1462
425
715
584
1039
2327
205
60
