1
144
123
229
39
84
105
9
57
14
53
28
24
12
8
4
14
12
10
14
96
26
45
16
4
22
22
1
193
5
4
50
46
85
79
126
212
7
76
21
1
113
291
7
251
202
262
1
31
24
2
63
32
107
11
35
45
1
5
200
32
3
80
132
3
17
93
135
282
39
109
2
51
46
12
31
4
64
2
2
210
88
202
141
153
132
3
86
135
1
224
36
21
2
98
165
151
6
7
216
253
27
71
1
3
145
3
24
54
171
21
87
12
127
59
8
10
223
27
50
5
12
173
1
85
7
56
5
12
5
9
10
144
21
45
12
199
112
42
205
49
15
1
106
2
4
115
9
207
1
259
5
258
92
124
253
128
29
191
4
49
2
54
283
27
19
16
39
1
217
63
71
10
53
20
227
79
9
237
209
262
8
121
113
34
2
6
1
32
16
232
40
1
56
2
8
50
1
20
56
165
97
33
8
149
5
18
299
269
29
83
123
8
104
3
5
283
89
39
2
78
75
263
81
56
202
1
3
283
39
1
9
1
30
30
160
1
1
32
28
2
63
231
3
154
1
68
70
289
34
21
1
5
44
13
133
267
55
61
2
192
30
75
1
6
29
144
6
183
129
5
151
123
3
296
33
127
25
98
31
215
230
12
7
18
4
278
190
7
38
289
1
28
40
65
232
275
166
19
1
293
53
134
31
27
3
11
16
137
10
291
132
191
137
18
2
1
30
13
2
179
132
170
49
16
149
17
229
183
146
33
193
4
166
12
28
24
43
2
156
15
41
26
1
219
23
25
112
1
90
3
2
1
160
268
20
204
1
57
129
73
2
49
29
3
105
17
25
62
29
5
277
2
31
16
4
34
2
83
8
133
1
4
102
1
1
3
13
111
57
98
4
107
4
1
5
45
217
13
273
1
91
80
8
50
25
210
1
8
22
3
29
42
8
27
77
25
98
6
191
78
5
56
158
2
1
9
12
45
107
242
6
214
4
2
120
179
7
22
13
1
1
42
300
284
190
143
1
13
76
50
7
34
47
3
54
195
31
25
15
2
90
25
3
100
4
5
1
34
64
158
8
8
15
88
17
3
14
96
70
11
10
7
10
297
17
21
20
5
2
60
106
1
30
4
26
5
158
127
1
17
101
69
49
227
35
231
29
78
91
1
1
64
4
52
57
8
4
35
51
1
28
3
95
17
1
36
36
35
80
223
9
81
270
83
1
18
162
4
4
34
188
219
175
250
118
26
1
5
15
16
1
22
1
23
9
53
260
70
48
1
10
72
14
74
24
7
17
226
1
46
3
1
166
11
5
25
287
12
4
6
101
37
56
236
51
50
20
1
14
1
4
7
8
1
46
159
130
102
18
104
17
224
2
70
6
18
9
2
125
142
17
8
181
5
124
291
3
3
10
138
14
18
8
130
87
9
143
180
7
30
8
29
10
210
196
3
37
165
1
220
25
5
155
1
194
121
109
96
156
2
220
2
6
56
157
155
33
21
6
65
45
13
11
1
3
96
92
27
24
3
24
3
14
2
89
126
261
1
65
219
79
2
28
12
179
68
265
9
64
2
1
116
217
71
66
51
3
161
62
10
232
3
54
67
2
2
3
7
1
13
52
27
18
27
1
54
60
27
26
30
10
213
54
83
6
126
119
37
133
243
129
109
65
188
3
1
1
26
39
265
13
27
12
160
1
42
7
12
3
1
93
37
75
21
259
300
4
8
35
50
72
5
261
2
153
19
3
43
213
25
282
1
131
2
6
35
87
6
262
4
102
92
55
9
6
2
4
10
41
121
1
12
20
6
92
1
133
1
14
33
2
41
70
70
4
1
166
101
29
6
3
34
26
18
121
55
1
3
193
43
4
29
64
261
50
143
88
40
24
2
32
34
4
4
16
1
30
61
281
5
44
265
8
1
2
115
212
2
31
140
1
164
3
123
88
45
5
48
31
173
92
67
83
90
1
3
195
1
45
4
82
112
87
1
76
69
1
3
64
216
291
14
41
3
12
89
131
4
3
55
19
216
1
16
17
57
113
5
6
21
183
104
8
34
3
21
24
16
103
258
36
212
117
6
190
39
24
3
41
75
273
28
150
245
2
25
1
1
1
183
1
107
4
8
136
2
11
27
2
8
3
178
6
5
3
89
106
178
121
25
178
182
16
106
3
4
95
2
103
58
23
10
244
22
82
4
39
92
9
74
8
155
129
13
68
24
59
179
11
189
7
131
6
46
299
199
4
138
44
1
60
1
287
1
136
2
115
43
62
95
29
111
96
48
7
15
222
229
37
73
1
8
253
39
104
1
9
21
252
101
5
1
17
217
290
153
2
4
32
73
145
81
296
264
1
80
17
48
1
71
6
3
45
72
219
106
83
178
279
40
287
91
28
1
42
1
21
1
163
2
2
9
277
8
5
38
96
108
96
4
10
1
5
1
