102
1
1
8
3
19
186
14
1
4
49
10
33
3
70
297
29
49
194
4
140
265
23
4
178
226
244
24
99
132
1
56
4
40
138
33
1
38
1
137
184
2
71
23
104
267
5
117
28
109
69
75
231
2
167
138
18
141
136
3
214
42
64
169
18
12
39
55
161
177
75
25
87
21
36
184
51
2
191
10
1
24
7
32
2
17
62
48
1
116
92
4
76
56
119
133
77
9
15
39
5
1
207
55
221
57
22
107
21
124
231
34
35
41
19
2
196
49
18
14
238
8
11
15
22
16
7
46
206
74
15
2
3
7
184
9
260
5
3
11
257
1
53
9
118
193
2
66
25
176
145
6
18
3
161
21
4
31
27
25
1
14
45
49
285
5
141
283
263
122
6
63
294
4
1
2
1
1
20
19
7
2
248
13
36
9
36
1
3
181
2
111
1
57
49
2
2
63
67
1
136
190
6
2
262
8
51
21
1
43
1
237
14
46
234
8
93
1
13
168
104
41
67
258
5
4
198
21
1
37
273
1
41
1
2
140
1
6
26
234
251
281
1
174
6
73
1
1
1
60
1
298
3
35
171
9
120
1
11
103
14
197
84
11
4
1
122
70
275
6
24
10
12
7
2
39
66
16
10
43
3
114
2
13
1
11
1
15
3
200
5
108
213
1
1
5
1
212
2
18
1
20
31
25
13
8
14
225
22
62
77
2
12
78
137
221
7
60
247
21
43
103
3
23
43
93
4
251
4
86
136
58
50
200
146
33
109
8
1
1
16
162
285
142
17
60
17
44
3
92
1
123
269
5
105
3
154
238
28
208
163
277
196
107
105
1
66
47
7
3
2
21
8
62
203
102
8
2
217
8
1
144
3
10
18
50
5
132
14
6
1
2
4
25
1
56
14
72
1
162
2
191
285
135
1
19
4
35
35
138
123
56
1
65
75
9
3
30
5
21
125
7
8
91
231
20
32
2
170
1
21
103
73
2
171
1
295
25
177
4
15
11
4
29
106
50
41
1
242
2
25
34
196
2
46
75
211
41
1
32
236
8
17
221
3
127
200
83
214
137
37
256
100
1
190
10
198
106
133
36
1
289
128
39
119
29
8
2
155
205
5
73
253
221
176
1
262
2
2
22
58
10
156
10
132
86
71
1
102
10
7
191
18
90
72
47
22
225
1
165
133
10
10
143
273
125
238
17
1
170
5
221
274
160
40
14
260
274
185
8
70
214
155
243
81
1
293
26
22
117
55
5
80
57
209
254
3
67
107
82
133
28
19
28
98
29
250
146
25
186
34
216
4
12
3
1
1
3
179
4
99
22
7
1
39
178
56
4
2
9
152
4
25
60
72
257
10
17
56
97
51
154
66
223
11
151
130
8
3
195
90
299
3
2
150
70
276
99
209
40
12
26
42
202
236
42
1
98
74
1
4
14
245
23
1
6
236
105
14
10
2
6
9
261
1
266
15
141
48
1
2
11
9
2
42
7
105
71
1
1
4
103
24
7
6
90
105
2
256
237
1
55
7
10
49
151
8
7
37
1
129
51
54
29
80
31
1
48
34
69
6
1
10
2
185
13
10
116
4
262
14
115
3
1
41
10
1
15
15
50
247
12
77
11
73
143
2
16
70
28
14
27
237
145
10
114
1
174
151
5
1
83
5
23
95
21
56
28
170
2
41
91
87
7
9
1
3
292
117
112
105
1
269
1
72
2
66
135
125
8
116
161
196
19
161
97
31
3
182
1
1
33
175
283
2
124
4
155
100
17
1
1
6
275
1
294
98
33
1
180
18
2
4
154
217
76
1
28
51
21
46
152
2
82
1
111
19
1
82
1
130
9
83
299
63
1
23
20
23
2
156
7
201
28
6
88
123
27
108
9
295
63
8
4
29
83
2
103
10
8
15
1
76
22
54
14
40
15
81
98
23
74
101
197
102
1
140
10
3
217
3
106
255
2
5
96
120
247
68
1
47
9
202
265
3
187
291
2
42
242
5
15
3
90
26
65
60
19
33
7
24
8
2
264
4
24
2
6
10
2
1
66
66
138
1
13
40
120
51
36
138
193
7
1
1
78
14
7
1
6
34
65
41
5
117
86
13
13
26
197
21
33
81
124
143
64
1
1
105
120
271
114
39
48
7
3
207
119
13
38
10
243
9
205
45
1
20
42
72
12
106
283
7
49
50
122
158
33
259
9
111
98
153
3
191
60
135
5
20
71
152
2
9
48
2
1
40
8
5
189
33
8
14
56
8
3
101
5
8
147
132
138
178
2
24
13
8
103
245
9
73
92
288
2
1
94
27
10
108
98
27
8
71
235
1
107
90
1
5
18
98
280
30
2
2
45
262
16
34
115
5
6
202
142
6
11
45
107
167
1
31
37
34
29
24
1
58
237
74
111
15
24
117
8
137
30
262
2
233
141
3
101
181
2
18
