5
3
200
154
21
25
29
5
165
43
101
162
47
3
19
26
77
130
12
8
21
1
21
47
2
38
10
38
187
103
122
175
292
20
14
249
63
93
53
52
1
83
94
14
76
275
17
32
18
5
185
147
107
1
193
8
1
212
35
216
14
25
87
1
183
2
9
1
97
11
5
19
5
123
152
2
42
130
102
56
114
167
174
53
155
60
91
80
161
37
197
218
8
50
25
7
260
7
167
103
15
261
180
6
8
58
11
3
116
23
102
220
112
26
38
20
21
1
13
1
285
6
3
232
1
2
5
33
226
122
87
10
81
84
32
7
28
103
113
50
5
7
5
271
89
35
51
35
102
117
18
7
112
29
99
9
222
32
39
1
50
255
1
55
1
4
31
205
105
39
10
18
13
2
7
84
13
1
100
11
4
188
10
4
118
8
120
42
60
155
1
37
1
68
5
142
7
168
10
9
3
62
181
254
183
152
4
49
142
4
1
45
42
197
41
1
8
9
123
150
197
98
1
26
20
3
10
297
132
86
130
202
8
84
102
54
168
185
1
77
160
7
251
54
98
99
142
42
2
1
1
252
16
267
282
122
143
12
81
3
174
4
1
62
87
42
95
162
1
165
49
147
41
1
5
122
46
230
8
142
290
143
105
93
69
22
1
16
16
13
112
24
206
9
6
41
278
3
86
165
12
94
72
1
63
23
47
101
16
6
18
21
283
78
85
15
8
136
40
114
191
2
29
178
78
199
2
1
56
246
37
4
77
3
99
73
1
220
38
165
11
79
2
3
9
18
96
209
22
4
1
287
9
175
13
16
195
16
133
2
165
21
27
271
16
5
115
59
17
9
3
65
7
26
10
134
188
3
17
7
1
87
216
9
4
5
38
98
67
8
1
267
1
218
1
26
58
1
3
1
165
8
201
29
8
24
8
8
253
87
20
20
1
7
61
147
75
176
18
16
1
194
2
199
3
82
12
1
187
1
2
30
232
153
2
61
3
37
169
28
6
171
2
16
7
1
9
21
52
5
60
78
102
10
70
75
80
28
11
1
60
64
4
4
3
72
3
217
136
172
97
1
34
1
2
102
76
52
3
147
4
1
135
4
16
210
14
294
223
23
268
34
1
32
36
5
150
282
1
58
187
3
146
2
77
105
1
52
56
12
30
113
53
278
60
177
35
81
4
16
226
3
33
69
257
61
121
54
81
50
1
40
7
76
4
6
28
83
6
152
179
106
94
211
7
20
123
100
1
16
9
213
5
40
70
1
12
8
2
13
87
1
1
24
54
1
42
17
1
199
247
113
22
298
38
6
13
1
264
2
72
133
192
8
2
15
146
1
47
58
155
6
85
10
21
5
4
80
2
6
1
116
6
1
4
37
147
13
4
3
274
198
3
8
92
15
44
26
4
18
125
3
2
130
5
28
235
92
6
23
8
94
128
132
9
20
241
209
32
11
148
1
7
1
1
1
55
25
12
2
2
74
15
1
2
22
2
27
286
253
6
163
5
130
1
11
24
29
15
127
2
7
2
52
18
1
21
232
58
14
268
174
4
16
1
2
275
55
10
246
18
32
25
24
124
259
4
103
1
1
1
43
24
284
44
174
112
30
29
44
1
11
141
29
6
162
5
4
81
6
168
7
63
193
4
187
33
60
282
94
2
42
194
278
14
1
58
45
13
8
49
195
230
18
36
2
18
148
109
1
1
68
5
49
182
243
12
107
2
123
8
221
24
12
155
202
54
3
6
2
61
54
230
14
4
17
22
191
3
4
98
282
2
214
251
11
287
5
2
80
281
240
6
289
53
82
180
221
115
5
29
12
179
1
108
110
10
142
3
183
150
231
9
11
19
42
9
4
1
70
33
10
24
74
44
10
7
248
15
1
85
33
35
106
8
1
1
3
230
1
1
57
104
5
169
5
1
4
32
291
76
287
81
75
166
153
4
6
234
14
9
177
164
1
51
70
7
176
40
9
104
241
274
2
1
1
7
18
2
8
66
161
119
10
66
16
5
9
4
170
27
10
145
136
19
217
12
186
26
1
76
157
157
34
3
1
15
1
103
194
11
68
48
8
264
46
237
9
225
2
17
10
18
65
3
81
256
279
273
1
1
30
217
8
134
135
84
3
42
12
213
9
161
245
281
2
1
4
30
4
152
257
3
52
14
41
81
14
244
1
30
7
11
5
81
67
31
199
170
20
2
3
2
51
1
244
22
13
81
97
21
274
67
4
9
35
26
16
34
168
49
44
143
196
36
4
1
2
3
16
254
1
1
58
246
100
2
6
5
10
2
4
21
300
10
19
59
245
30
138
147
9
206
9
4
64
5
187
3
24
8
143
5
20
103
5
100
9
223
48
4
48
7
5
2
48
6
89
91
5
8
67
34
3
23
46
3
7
13
157
23
31
146
164
61
241
1
1
3
24
4
2
191
24
53
