382
1062
937
22
1607
510
844
658
1579
1430
231
610
1367
678
849
1558
462
45
2771
326
775
1542
639
268
67
3779
2917
347
1257
1511
329
1236
2019
1433
294
78
2585
340
533
420
944
729
1897
514
331
536
322
581
15
460
337
183
1098
1689
77
658
1289
1126
25
875
5644
2215
585
1418
1005
1671
1908
412
715
1768
1478
1299
2101
150
599
198
97
1768
835
1577
2602
1243
2038
458
106
1527
277
138
2075
3911
81
157
289
100
113
229
584
2070
30
1409
940
5143
606
2918
1148
597
477
4580
1189
2547
305
111
333
587
3148
114
168
640
1942
11
157
1720
1478
287
1701
116
1984
84
117
1464
1082
74
594
265
326
716
9
2073
136
164
1077
777
227
74
1004
1229
758
954
64
2689
262
311
452
2563
413
792
943
561
516
365
915
1845
2144
312
337
583
142
1187
61
508
882
39
130
530
49
296
774
2285
2312
788
1254
1034
380
2439
59
1870
508
1626
319
2628
1249
2135
204
1169
297
320
1125
1520
588
452
226
419
364
3328
718
480
368
1386
209
2756
76
769
1632
1954
131
1001
400
768
236
455
1758
1156
1333
139
351
3279
1141
1913
158
116
4331
1324
1725
407
1880
270
2939
2219
408
99
1859
140
178
197
965
1727
2100
1072
1011
459
1453
13
125
457
547
2180
50
775
2397
715
416
1617
33
283
256
7002
112
800
18
898
306
627
5104
1554
454
629
939
1303
715
704
353
792
516
851
3609
79
522
245
1004
446
1441
146
277
565
267
2693
215
339
2280
780
478
1802
648
387
24
806
1486
222
124
558
477
378
865
804
1452
2457
669
365
3806
667
1698
184
1259
844
647
654
2173
651
1281
2877
690
1071
543
1404
20
745
150
378
142
1896
33
173
3710
218
302
595
78
523
998
175
25
868
142
235
3722
1215
135
1333
949
553
1381
22
59
602
96
3071
489
174
884
1362
767
662
210
80
687
349
1005
242
1140
469
234
818
3202
1516
3767
1199
2635
917
1153
891
713
490
2241
73
213
1919
2262
191
357
117
1417
115
1593
983
1151
2122
581
66
189
309
38
773
62
111
6
1836
116
1605
595
119
1134
838
900
196
370
762
1829
8
1039
1143
50
398
377
23
475
123
197
273
618
785
1810
2751
366
1032
3124
124
1204
261
1429
3451
464
1270
634
2246
1998
355
917
1240
6878
3369
1447
561
1199
690
1712
126
131
492
848
271
2305
453
3160
7410
470
1244
399
688
316
106
390
2261
1418
984
3800
815
269
1662
490
411
1250
557
807
87
2534
451
450
14
1766
998
857
1290
3596
862
1921
881
4451
1383
106
809
1465
1637
320
1682
204
461
7
316
207
319
1290
572
720
1912
2270
682
283
742
257
968
17
113
175
2117
670
1454
544
841
438
987
1362
280
114
952
151
1081
5205
626
287
348
308
361
490
660
400
2406
553
1774
677
556
18
36
45
1347
1455
448
1109
42
297
465
227
489
1443
876
603
720
773
2190
1530
679
242
388
754
532
808
601
861
2239
113
328
438
538
855
567
944
129
1696
174
739
291
1583
902
434
1272
2236
207
1326
342
45
131
183
691
2216
298
492
407
183
948
2143
890
1869
193
195
153
832
4499
88
359
587
1962
4062
1714
791
129
1930
861
347
1738
152
960
687
1004
3
58
1032
379
455
511
31
543
141
634
1918
489
2915
254
1592
1133
676
1889
1516
1263
1
224
1309
1340
430
1572
9
487
816
315
2130
1159
1156
108
1042
6299
622
571
206
313
72
1888
3054
57
44
2194
1599
700
4160
3081
195
258
208
1226
4181
1325
180
3301
762
621
3507
290
3076
2355
1476
1054
393
311
4161
218
109
379
1164
2859
3043
603
1103
979
518
2210
296
285
2426
387
215
819
204
3296
1803
2103
164
822
205
25
239
1755
27
462
3000
2404
968
897
2730
1980
4251
2317
865
393
1435
789
996
1200
119
3190
141
86
96
1227
650
87
4216
268
940
2545
415
136
4369
267
2613
1147
676
1668
50
1869
1319
2646
1859
137
99
3924
1202
894
2184
1165
941
82
919
81
713
1563
1729
2372
268
221
48
635
248
874
5104
84
305
1693
491
249
411
16
1087
138
1522
58
120
998
629
724
1763
2908
1556
7095
3124
1020
27
470
1985
904
1023
133
1978
2089
875
1099
1950
736
68
1220
2311
384
2999
208
294
51
2566
11
318
972
1620
442
769
1435
211
241
1261
670
1011
43
65
350
177
2797
1588
1003
2974
3013
2484
753
780
910
1292
3535
453
736
166
594
2506
129
3
1942
927
1572
1415
2627
1838
678
515
522
1600
730
890
219
289
939
2429
1750
330
536
724
1122
96
773
807
213
1980
29
615
2606
2407
1685
905
975
1192
1274
1147
2347
694
1641
267
606
531
478
1677
560
1283
722
286
2079
7
1117
398
858
209
1327
2923
142
1111
4208
294
788
394
214
1842
2087
347
1444
80
245
852
131
6
789
70
113
1026
601
1840
1523
824
975
375
2470
44
863
411
455
478
55
708
3146
274
274
539
237
529
205
120
854
169
524
4430
540
5624
1602
224
356
625
77
452
303
58
511
531
1291
2245
657
1800
353
263
76
1792
448
1389
52
1299
885
248
570
22
66
827
704
331
661
289
91
836
174
4427
3005
1481
103
2011
2498
1975
1452
725
1707
2315
1521
208
1802
211
437
1230
270
617
213
21
499
1972
1114
173
439
768
263
475
1311
549
3209
339
798
4880
903
2914
2056
562
714
2947
568
1226
612
277
418
1254
162
151
1961
2093
1052
2335
814
2733
566
1683
1149
1067
