1967
1032
1996
1911
1244
229
267
1003
1121
726
2141
657
1588
16
504
1765
1175
696
1816
339
414
1534
8
275
229
1093
1041
1290
892
168
124
917
812
186
1421
2648
1324
1227
1326
49
987
205
934
291
1428
355
817
350
1197
1168
469
232
1685
24
197
191
84
455
4603
1183
711
417
725
2655
1158
398
1159
294
59
36
952
1479
63
746
20
550
698
1127
871
1350
487
168
583
709
825
323
3489
919
819
132
567
1111
37
705
389
1
1154
95
508
1429
84
908
1103
247
527
2231
400
388
181
190
153
661
1470
1297
256
1361
202
659
2359
33
3253
36
968
1011
171
1104
2251
650
743
698
1134
2511
243
65
863
1632
60
38
2036
1029
682
1851
1601
1266
583
804
1153
2144
704
1134
693
1497
707
685
556
1728
753
466
9
1285
399
1094
940
1008
986
826
935
769
1254
2224
789
958
265
1872
100
1597
581
551
13
628
2038
356
1690
1021
1345
575
474
217
2285
673
305
2915
246
3297
96
114
2638
1573
2721
40
385
405
588
451
496
2274
1541
464
1178
877
614
3768
589
178
1181
59
472
244
2263
122
513
683
262
1183
1142
2707
1210
1983
3952
897
1210
11
1355
71
202
178
377
1048
1210
99
772
95
1403
37
40
1564
4191
2758
191
719
506
3060
2935
894
313
543
882
385
673
2348
1914
261
83
3403
248
202
2724
1550
382
2165
161
211
88
405
1343
1076
972
649
131
1478
236
308
992
2205
1525
259
1227
188
217
70
523
199
2083
407
151
354
1441
2502
838
476
3044
10
2397
466
1934
1357
360
668
1741
224
561
818
252
2045
292
151
3209
394
125
210
1006
402
16
119
58
343
352
611
286
14
2347
160
2445
2057
117
1319
1972
1194
1186
847
1283
141
27
1851
198
50
3693
905
3421
1359
608
570
1108
1153
206
262
1128
675
1113
1961
258
653
1472
2184
1587
1346
721
1691
952
1360
398
302
3931
2347
792
939
1678
1143
2150
1884
948
2260
80
1842
2923
307
178
860
892
1905
3373
472
2001
508
681
931
873
589
388
724
1065
1100
2304
113
1493
1770
12
2086
575
1579
6791
478
244
539
19
2441
167
944
403
964
2981
638
252
915
1612
1389
441
361
77
937
3536
601
1334
153
2316
3112
1393
205
702
267
207
73
1847
150
1228
935
308
367
2336
7430
633
512
1863
112
1386
1789
206
983
413
203
1800
534
384
821
1480
988
144
507
2081
1357
109
16
32
433
700
413
430
2064
1816
126
106
62
563
804
273
1050
100
317
165
1413
668
260
1651
475
576
644
1036
964
434
55
693
60
497
222
85
1381
818
3201
340
2958
226
560
1427
2507
725
1303
761
320
935
134
522
231
1016
152
523
284
2118
37
1116
1109
473
535
479
123
1824
2775
1494
1699
126
2076
384
747
2366
510
253
635
416
2279
220
36
738
1396
5309
1028
1063
3448
1162
238
1553
1404
322
4692
1496
742
225
1106
266
1772
2096
139
2980
112
353
327
559
1631
1945
13
337
732
1168
2575
738
172
1237
2069
169
584
1441
753
2061
714
494
4235
2473
1507
668
1866
110
4947
1111
89
40
34
3137
2067
519
117
1744
241
1022
1433
554
395
1927
818
71
950
1370
874
190
473
13
402
640
827
2112
138
256
514
827
796
854
264
1056
2596
1813
722
244
152
3330
182
2794
825
2317
1257
1792
334
906
2461
195
1066
2833
1033
381
207
449
496
1183
1353
486
599
571
3299
104
237
1716
849
278
2334
530
2106
2090
713
493
863
46
890
1334
1305
185
220
3414
325
233
85
1523
1294
411
562
600
334
1115
1130
57
205
882
287
470
1992
3248
35
612
312
193
253
161
30
632
980
255
640
2067
176
692
1691
538
2557
1512
592
1136
2004
179
1182
790
405
1878
251
554
118
28
142
755
23
1030
529
46
717
530
1794
481
1162
314
758
1055
428
4736
3138
206
336
288
830
282
1186
963
494
205
3757
315
181
136
258
156
212
310
44
264
1655
1245
369
511
740
403
98
3444
74
852
250
1296
327
1234
2943
388
214
538
191
375
1016
153
1136
776
267
408
338
1677
67
976
219
470
364
578
622
106
153
46
386
1160
1079
2031
328
511
1057
2949
338
640
550
588
186
438
1009
2770
451
2277
2160
3043
1129
1919
40
1196
1036
949
592
1627
3492
718
349
719
328
2273
35
375
41
956
274
1167
759
145
1163
471
2823
106
2777
692
1079
268
1170
35
13
993
249
50
677
292
292
699
27
3461
1105
1917
1287
1163
44
175
90
1220
3123
894
3809
185
642
2490
761
564
1554
907
1875
1948
211
129
415
1631
1763
1039
209
1527
1743
1787
2012
277
845
689
1786
542
1559
313
2246
2460
260
2166
232
37
858
40
393
2118
1526
587
547
359
1378
411
2145
924
523
2227
31
307
2462
934
341
289
425
1757
694
11
449
803
391
190
393
547
983
95
214
1764
358
1684
2109
1118
720
318
366
1470
14
2283
81
100
1341
1125
732
635
2068
220
1831
1724
1266
882
2449
819
504
308
387
497
1086
80
309
752
2164
45
1507
2844
431
197
1051
431
363
10
1224
889
900
209
2648
13
2193
2955
1279
56
1770
1952
147
3227
1529
1515
1189
25
916
383
758
579
645
1764
808
1014
585
1878
949
120
345
802
241
398
2525
996
408
491
1338
2224
4347
930
255
548
737
842
806
2157
327
736
173
835
3922
253
862
2597
585
436
733
510
629
1080
1599
277
315
41
1993
295
3458
247
572
536
1178
1384
3241
2251
140
769
412
580
1132
354
2680
3218
3490
227
983
589
