421
33
513
2173
1006
536
3058
3014
398
2147
1153
2242
439
955
254
258
256
2101
539
2302
354
305
4316
46
21
1543
1315
1500
164
2743
1248
775
353
1595
769
2871
390
1861
561
39
698
697
2698
2611
767
7
17
1786
1841
2305
5525
159
3096
2029
678
275
406
171
1587
48
121
164
1219
1126
30
943
281
937
1395
238
415
966
540
1891
584
327
39
243
91
640
15
1742
302
259
251
1581
98
97
1302
822
1003
415
1177
504
2226
60
1037
1127
79
279
423
249
847
350
714
1216
48
169
82
20
59
3076
723
115
407
74
411
311
119
956
242
1001
1910
1841
1511
346
1440
1143
1380
191
485
2932
50
389
586
201
2392
1188
379
250
136
1315
814
127
2134
740
105
1662
452
354
329
98
1103
2655
2013
1758
240
32
2714
2372
55
25
248
1949
646
22
290
292
307
352
1523
484
955
25
1344
1560
1716
308
52
983
529
190
408
861
155
186
437
1002
2096
2153
1340
1642
1464
161
966
1147
1503
2
76
353
219
759
1559
1793
254
838
259
650
1966
2039
568
751
831
1451
648
1676
965
70
1242
1019
607
1396
3105
1280
141
816
454
507
940
490
266
483
705
76
465
454
107
384
10
403
418
508
268
1103
697
1507
696
50
931
680
369
165
842
34
915
1663
217
484
522
91
245
275
850
1
674
59
1184
898
114
754
1046
271
5
1736
389
144
1502
927
105
625
232
917
1135
209
149
318
876
456
48
1299
1858
3603
2174
757
843
1481
242
238
2494
1348
986
1522
1894
218
499
4802
720
66
428
1700
287
1962
355
484
848
1538
515
677
1500
921
264
1658
3059
449
1172
1004
397
3330
139
217
4238
286
107
2118
924
591
1122
241
738
681
1887
42
1518
1795
513
474
345
596
3616
148
1242
235
2138
489
862
183
290
79
2605
944
540
443
2899
271
18
302
766
264
10
822
751
340
653
88
1068
93
641
1929
1363
2333
993
124
847
750
3977
1130
516
342
1321
2172
362
1065
78
133
871
61
2453
1667
4
1732
178
6458
215
2011
2514
826
224
325
318
1065
3510
2174
145
151
1117
35
288
1832
720
1291
3846
83
2026
1196
277
1617
1412
4928
1414
421
529
589
176
799
123
427
562
577
337
357
2177
4970
1899
112
875
920
379
1730
289
2273
1138
1161
2407
1847
579
174
496
740
1094
2015
282
259
1607
2583
4908
292
365
1521
2708
63
85
261
374
898
413
150
1220
383
402
2835
1932
1699
93
911
198
288
1801
248
4683
302
555
2559
8
422
317
1895
1288
306
1143
1660
1201
315
1084
1407
919
465
858
363
1084
1182
114
1123
111
3037
1724
208
845
1832
281
878
2681
370
128
1103
759
3017
1109
15
1466
897
758
3178
198
330
347
294
59
83
125
724
1938
658
730
1263
363
915
1042
68
388
1646
1975
72
145
250
1925
4194
156
1011
29
105
875
1331
1112
473
74
244
4627
45
2969
589
1368
973
145
540
2795
198
1118
380
62
2093
172
921
482
569
286
557
969
277
108
1479
123
1088
637
2066
1406
2567
2355
1215
575
1584
634
1720
520
1234
1533
310
508
1455
2230
1367
140
2040
645
394
4546
331
2171
310
849
372
623
649
802
531
2063
738
2495
2444
260
2215
250
16
535
2664
5081
400
3478
278
558
1416
145
1149
417
377
1012
494
1772
1155
137
1135
1564
810
703
2205
250
90
228
121
1043
2885
468
2545
2017
1317
107
1542
802
2668
16
372
946
327
1454
879
537
1542
888
2749
3656
2467
63
269
4800
2900
583
632
188
14
205
133
40
16
680
141
1274
279
2331
147
183
463
279
408
718
1400
330
3292
451
530
1097
1314
206
701
1558
1796
1451
570
1329
805
1535
1379
1058
605
643
978
914
196
1795
210
11
155
1192
417
2673
1301
2652
36
1423
6088
224
1510
1811
214
1361
1889
587
1830
393
7999
344
75
100
120
254
231
426
726
196
1182
2331
603
173
92
557
625
210
161
1165
1945
2674
51
146
2022
1752
1078
1839
242
523
1183
608
2088
276
1373
1071
3344
1281
156
474
1109
482
413
31
211
3284
41
616
996
50
758
319
242
4747
1719
2355
1350
193
6
342
2539
1781
1225
959
767
4889
148
49
884
84
1171
648
142
322
1602
322
3143
1242
307
111
91
626
2320
910
1855
1275
1772
300
1079
469
1
635
67
466
752
4312
980
879
248
1447
1177
913
158
1467
58
86
520
3758
1164
241
1977
115
496
6805
408
49
407
1305
18
4677
1321
7156
1349
340
894
2355
5032
130
1461
629
902
1284
2451
333
223
950
128
1178
1630
2652
4565
824
1337
2036
547
427
489
61
2125
940
415
142
4470
56
1882
244
124
1273
1646
2957
915
2413
2587
1564
2774
879
407
225
3174
568
318
287
2584
49
1103
582
1818
38
464
960
676
145
463
2398
63
339
3820
187
1958
2422
497
1540
1280
3110
2061
1468
6
1451
2265
1770
1062
91
729
1263
1003
1506
2698
492
15
348
1879
17
525
365
2563
2799
318
1048
222
71
14
770
1234
354
1603
228
618
959
46
275
158
1429
591
1790
176
636
2863
228
370
152
376
296
833
380
123
803
1427
122
1576
2009
106
547
2273
51
703
164
1354
58
223
983
331
1020
755
658
811
971
48
26
424
769
2522
1828
30
1753
2058
149
1523
1077
1827
1979
210
403
157
1710
432
573
104
492
311
7
1415
396
93
849
462
1899
1057
1062
290
4042
973
38
147
944
1464
815
278
1821
932
627
4105
2060
2019
280
191
1534
373
142
365
2992
2458
1838
1243
493
1685
503
284
1433
