134
3
3
1
33
217
58
74
77
1
157
13
53
61
3
47
34
244
33
2
25
238
5
9
3
5
38
2
110
259
8
197
11
79
1
3
1
196
29
68
1
4
53
90
64
2
1
10
1
1
123
126
13
48
8
59
259
163
253
10
23
2
191
202
2
62
1
13
65
3
17
189
2
1
17
68
85
292
257
7
8
10
9
73
2
28
2
29
29
6
23
6
206
3
10
1
13
37
241
231
33
4
9
66
3
17
221
176
5
112
46
1
13
94
219
238
3
1
9
89
2
196
5
19
62
58
24
244
7
118
8
19
125
141
83
24
225
30
34
3
1
4
17
190
207
157
186
60
128
157
29
108
27
4
114
35
165
209
159
14
219
104
8
226
1
2
29
8
1
11
37
20
90
144
3
10
92
17
54
11
6
1
84
52
47
37
32
156
3
56
226
27
5
142
118
123
16
294
140
30
166
145
17
265
3
281
243
184
6
9
1
3
199
97
168
2
182
88
275
3
22
3
23
2
2
215
1
91
73
26
162
56
185
14
11
2
296
16
1
35
42
2
54
256
25
97
5
24
5
3
202
75
208
165
3
2
24
184
281
8
48
4
139
62
48
212
41
4
142
177
8
15
37
13
20
255
8
3
1
167
65
51
19
89
2
273
92
295
5
63
12
4
19
36
55
195
9
19
27
6
54
11
6
23
34
66
6
85
40
1
277
42
15
47
35
1
177
166
94
89
29
149
5
146
7
37
99
8
1
182
1
10
59
72
154
36
82
153
17
236
273
27
133
191
2
155
1
86
197
2
8
2
20
287
13
71
1
25
186
28
44
43
99
191
135
20
68
57
264
235
101
19
43
106
221
5
109
51
223
253
220
5
40
43
1
278
179
92
130
62
3
179
239
31
116
95
43
59
8
5
2
91
208
8
298
211
28
201
241
22
18
245
1
22
44
4
48
131
1
15
132
14
3
1
236
118
112
64
1
244
92
2
35
241
2
43
13
2
59
75
126
83
293
173
27
43
52
52
11
109
6
89
147
1
1
118
258
113
50
13
21
5
198
37
90
207
3
94
89
4
50
94
71
7
240
85
2
28
27
22
44
23
7
33
1
14
44
29
36
28
183
2
43
96
153
31
20
2
123
2
3
47
143
223
287
186
232
23
1
4
153
96
50
51
104
28
2
3
137
13
1
5
202
168
82
26
2
1
49
72
247
28
1
267
11
236
19
107
2
64
159
41
167
2
24
82
58
289
5
121
22
31
189
20
1
11
107
42
21
63
20
1
176
29
51
12
22
2
77
182
1
30
48
230
22
3
8
223
38
5
279
249
208
242
11
116
190
17
6
11
16
2
2
27
30
5
184
1
1
167
21
16
2
188
1
87
108
8
124
4
196
59
1
1
77
26
3
142
33
5
6
293
11
117
22
183
255
1
112
14
55
1
4
1
55
19
2
13
2
24
36
53
117
28
17
10
3
60
23
203
9
4
221
1
256
167
206
23
45
1
46
222
79
2
1
1
43
32
157
85
2
44
1
1
7
41
10
1
81
16
2
38
68
134
9
24
157
39
5
27
73
107
107
257
160
55
143
5
8
15
31
31
8
15
67
2
2
2
1
158
83
19
9
52
2
224
105
1
1
7
27
64
10
202
2
8
165
42
25
2
139
2
285
43
207
5
12
267
9
28
2
66
17
100
23
48
218
3
185
2
28
16
3
1
185
51
21
53
14
131
6
240
1
97
24
49
95
137
49
9
285
72
281
4
162
1
4
18
182
294
103
13
21
136
21
1
18
10
102
29
89
1
223
97
37
31
1
42
73
25
21
107
1
164
4
8
1
176
26
60
24
94
1
28
72
101
67
98
202
1
22
54
11
7
35
2
258
4
22
1
161
1
22
226
2
152
145
25
25
53
297
29
2
231
256
104
1
48
3
46
1
1
5
93
77
9
235
160
71
140
27
23
59
229
281
40
6
5
2
169
116
2
52
2
283
206
117
142
42
217
12
194
224
4
26
1
267
5
6
7
7
112
16
227
235
96
163
46
47
65
9
8
227
2
1
45
27
9
25
5
31
243
9
115
184
110
250
70
6
245
123
127
11
161
21
1
8
19
53
230
13
174
236
3
71
109
280
20
11
81
24
31
1
1
6
12
57
5
1
161
9
21
44
2
280
300
1
1
2
69
56
3
2
23
70
14
3
50
37
77
142
291
25
186
3
3
23
115
280
7
9
4
111
62
1
53
3
43
11
1
86
35
142
64
1
26
127
24
32
36
4
93
165
3
78
107
12
1
68
272
168
16
71
13
2
1
13
7
234
33
9
39
1
197
30
284
123
9
57
16
1
3
272
10
56
13
222
1
25
106
252
18
1
5
112
62
160
68
266
167
1
243
131
6
154
1
229
140
121
8
45
1
48
157
12
8
44
45
15
52
17
119
2
14
270
