101
104
57
1
106
1
241
153
116
133
2
221
2
4
1
5
113
56
23
4
4
289
179
95
24
18
5
7
6
4
3
245
148
71
69
285
197
48
33
10
145
1
107
2
32
3
11
82
38
37
130
2
88
67
234
24
59
242
2
1
12
1
35
93
10
213
195
11
11
208
174
10
44
29
191
9
34
13
3
18
280
1
3
1
21
1
24
3
108
191
26
281
53
2
32
1
51
11
107
278
51
221
22
49
277
199
37
289
29
273
25
1
110
160
231
50
11
3
8
280
52
41
100
274
3
8
100
7
8
170
116
224
25
179
7
2
5
5
21
7
8
62
65
5
31
8
100
4
38
2
271
162
1
33
45
77
5
71
99
1
21
12
8
4
114
252
5
116
1
169
148
55
5
200
2
214
10
2
93
24
3
110
9
139
67
293
75
117
23
1
133
216
25
2
262
2
84
18
1
56
66
221
10
23
41
1
289
149
9
225
35
9
7
11
205
34
6
23
75
6
48
1
245
23
78
24
11
35
91
1
143
70
7
14
70
1
78
50
93
7
11
182
1
19
125
23
37
57
245
68
3
3
63
2
6
129
11
27
7
241
1
230
4
30
230
45
7
1
170
170
90
42
41
2
154
3
162
43
3
253
47
1
16
35
3
140
27
72
5
2
6
12
233
1
119
104
11
114
28
1
26
1
156
168
48
1
250
234
4
10
34
24
25
7
6
4
169
36
70
14
32
4
46
2
17
9
2
2
20
154
70
170
126
74
18
14
224
4
1
5
10
43
292
72
14
31
241
84
9
135
231
89
86
33
53
254
79
4
272
1
8
14
127
270
182
286
1
40
50
1
10
98
42
45
29
4
8
4
36
37
142
13
195
4
51
27
6
11
130
1
153
25
3
1
127
8
1
1
187
40
61
1
75
2
7
11
95
1
213
23
32
1
7
146
1
118
1
111
29
52
5
17
4
13
15
190
73
1
225
4
20
5
3
15
138
281
128
103
35
4
53
80
12
257
1
20
11
225
189
23
65
176
111
34
15
2
22
3
1
290
263
219
40
1
60
1
56
3
227
44
132
9
194
9
69
10
6
46
16
9
28
186
280
5
54
206
66
1
59
8
39
1
11
1
159
2
30
44
213
7
2
58
16
83
293
156
21
113
5
110
98
2
130
50
3
86
2
102
2
216
1
170
10
1
6
5
16
1
1
22
1
200
1
247
1
1
49
5
37
12
1
1
1
77
228
154
13
24
6
29
72
4
51
119
205
191
4
7
20
2
12
1
292
248
112
41
81
56
17
23
1
2
8
240
75
9
99
16
38
70
26
1
210
260
2
4
237
90
17
143
29
186
4
9
124
141
26
90
143
162
8
7
16
122
42
4
5
49
12
20
6
4
132
5
104
20
3
1
31
7
262
7
16
45
42
111
70
7
50
5
1
283
19
21
16
5
4
133
120
196
7
161
3
55
87
84
2
222
19
5
188
2
7
91
3
2
160
38
21
3
6
3
15
27
2
183
14
4
130
85
150
9
1
4
18
4
143
11
30
23
4
269
3
8
130
23
1
2
7
124
37
5
1
90
2
40
222
21
1
1
63
58
7
4
1
130
31
25
127
12
6
1
6
104
8
32
6
4
196
2
169
8
54
60
11
11
26
2
2
5
58
18
34
1
11
193
129
92
176
11
48
9
2
216
44
1
7
234
3
8
258
15
64
29
2
156
81
40
13
2
4
32
41
1
1
11
46
3
98
79
1
17
16
90
9
2
47
87
23
8
68
174
12
8
1
44
287
65
7
121
1
27
23
282
103
133
1
31
17
162
225
289
18
2
145
9
2
2
150
57
1
91
20
1
14
22
20
19
3
6
91
18
3
106
46
111
84
2
59
3
244
1
295
15
5
108
1
15
153
1
210
118
1
11
27
2
46
4
232
11
101
150
12
17
205
108
11
164
196
81
7
96
156
3
81
82
244
1
1
58
151
228
33
56
131
9
1
1
25
2
210
293
1
5
12
254
7
237
123
97
3
30
15
23
29
167
234
143
39
6
155
4
53
3
181
67
64
14
16
113
2
1
33
39
17
15
30
22
300
238
7
1
273
6
23
276
3
3
96
41
86
3
8
131
130
2
66
68
18
150
151
59
282
3
16
29
88
95
244
7
289
189
1
42
198
16
15
9
84
203
9
46
286
14
39
31
113
1
138
20
4
48
2
64
22
4
6
4
1
61
6
32
49
1
44
14
65
2
1
132
79
56
109
11
27
170
183
1
4
4
66
17
4
10
140
2
246
33
2
28
111
76
108
1
53
39
20
84
154
1
42
205
29
18
18
1
5
4
37
48
64
1
35
243
13
25
1
35
15
2
37
26
30
1
4
1
1
78
2
215
212
48
9
71
3
24
51
30
5
33
2
127
90
162
38
1
64
9
132
45
235
34
1
1
76
