3
17
224
138
13
25
80
23
40
14
174
58
40
128
16
47
7
1
12
4
2
6
1
7
7
1
90
15
5
5
209
16
255
1
4
1
6
1
126
1
210
24
24
2
167
53
149
16
15
15
34
8
27
2
84
277
117
30
6
19
4
2
8
1
151
40
57
1
4
44
5
43
18
118
2
221
29
160
199
241
226
1
199
55
38
35
11
249
158
9
51
46
80
7
86
9
3
15
78
78
34
34
9
10
9
68
28
106
282
1
141
1
182
13
52
69
2
210
37
80
4
93
4
2
137
135
82
59
14
1
28
53
165
9
35
1
20
33
121
30
1
6
11
16
1
1
199
12
158
5
159
41
80
5
3
187
20
218
38
1
3
6
23
176
1
6
82
106
2
21
226
259
13
204
14
12
3
7
57
299
257
156
1
45
240
26
10
2
5
133
282
108
69
1
42
24
5
2
264
71
27
19
27
44
19
27
1
40
24
51
41
1
26
47
173
24
24
191
69
5
144
1
7
1
35
2
5
21
131
3
273
201
1
2
1
19
261
22
6
295
40
84
22
227
1
141
92
53
281
5
120
19
17
9
7
25
36
97
105
8
146
199
55
81
147
116
1
4
2
24
274
12
1
15
179
1
172
43
25
16
54
7
203
64
4
14
33
52
42
40
71
9
11
1
61
31
125
5
22
48
36
125
1
2
218
245
66
69
11
1
300
47
213
17
228
17
4
28
23
9
94
64
114
3
50
1
39
291
27
23
41
73
219
41
9
48
189
126
66
2
27
82
29
182
50
285
15
10
5
5
104
5
115
131
196
4
8
191
45
13
274
22
1
110
129
6
1
70
9
296
27
1
218
3
24
7
3
185
3
17
226
9
3
18
206
10
227
297
21
71
7
1
4
2
9
1
4
135
135
2
19
1
6
10
50
1
2
1
13
23
60
18
78
139
111
13
1
13
5
7
33
235
1
145
137
24
163
115
53
276
16
193
76
74
258
19
15
126
294
51
34
68
59
261
81
31
20
108
243
1
51
12
248
15
20
152
14
17
9
151
1
40
3
74
17
57
10
5
73
151
46
4
1
170
176
45
20
1
155
50
17
14
130
11
33
194
6
64
3
7
3
14
190
149
5
57
43
22
16
63
17
124
4
1
6
1
2
2
107
1
162
62
4
226
134
3
204
4
1
96
58
19
79
164
34
14
13
30
254
293
206
74
272
14
38
155
225
59
189
3
39
140
5
299
13
3
1
11
142
23
171
3
31
124
1
12
3
208
53
3
6
11
6
2
11
75
48
3
8
1
2
154
232
12
6
242
80
71
3
2
132
74
18
170
288
3
18
91
8
211
26
57
11
4
47
145
31
92
11
1
49
6
3
1
2
35
12
131
5
136
58
33
81
296
142
44
16
45
5
22
4
33
2
22
3
80
145
7
153
11
3
189
1
108
19
75
5
64
9
199
4
145
15
2
3
211
118
84
14
130
14
6
21
84
113
67
169
38
3
19
286
65
94
46
189
1
20
3
3
6
223
1
12
64
151
6
71
1
3
3
9
102
179
1
262
172
98
2
88
1
135
260
250
45
2
18
238
61
288
212
62
26
300
217
4
92
83
139
9
110
186
48
185
38
118
39
2
30
29
18
9
231
39
78
134
10
9
152
47
124
81
228
224
1
125
94
278
32
62
157
46
31
51
8
140
67
13
2
3
1
138
125
167
18
234
1
28
7
110
1
9
224
267
24
1
120
5
261
11
25
91
121
157
130
76
27
299
1
12
165
9
1
1
19
246
54
45
30
254
21
86
2
194
3
6
12
2
69
257
78
282
65
45
16
29
12
18
19
238
1
115
1
24
1
89
87
24
7
1
1
25
44
89
34
252
26
4
29
43
2
127
4
49
97
47
65
1
3
10
2
112
8
214
98
12
20
107
24
140
28
44
14
16
1
2
14
6
49
44
8
35
25
13
74
169
34
5
116
29
284
5
299
74
27
36
4
1
5
4
231
153
3
22
1
69
160
1
268
4
27
151
4
163
124
3
30
222
7
81
291
106
35
4
151
23
54
212
56
4
8
124
3
97
32
2
8
1
300
6
44
20
1
31
34
232
5
39
1
257
34
21
199
1
2
149
271
1
152
2
142
57
26
33
44
4
131
254
19
31
29
9
201
70
62
90
3
20
183
1
82
4
3
44
3
183
97
59
2
8
2
2
82
167
2
197
18
59
1
38
10
1
16
9
3
36
9
130
94
12
51
249
21
284
48
145
7
151
13
18
16
212
36
154
78
161
5
34
8
231
9
61
144
23
79
1
81
42
40
19
221
21
41
53
134
165
36
4
224
193
4
3
49
16
45
296
11
58
52
59
90
46
46
3
16
300
9
262
231
21
4
2
69
103
3
2
69
10
16
5
181
87
13
69
48
5
191
1
17
5
1
58
72
22
208
3
