117
355
1564
265
915
1059
181
852
382
956
928
608
4513
240
40
145
491
1878
3285
41
384
662
403
410
739
766
410
1279
2586
85
747
1106
345
24
487
1477
74
1134
2991
48
918
627
336
816
88
4958
1330
348
1857
1260
1585
784
720
1762
631
102
915
1882
327
669
68
326
995
100
667
1434
52
923
2149
294
256
1957
577
2214
2577
617
244
873
1468
169
1937
999
449
836
78
2
1741
2875
616
1540
531
1322
4384
374
1077
935
633
1271
397
1402
2212
209
483
3817
1062
1491
213
1959
379
581
4034
1538
374
804
349
217
1736
2109
1635
380
602
2729
643
208
1709
1934
134
47
2839
200
1131
1160
94
1042
1486
1551
1509
734
1087
711
1747
1786
2856
133
4990
455
668
329
1775
424
642
296
1752
268
1382
728
838
834
2067
54
1761
825
941
1616
530
425
1248
273
77
1880
527
1680
209
996
88
216
218
977
386
316
355
485
1412
594
1095
4805
152
48
813
1777
177
527
1188
1099
604
94
84
3261
635
72
2162
515
628
1381
247
6
357
1335
63
2326
1480
285
242
1414
3356
396
2144
1175
9
166
1006
959
4657
968
27
3141
430
554
423
35
1229
614
1622
1539
434
289
381
2402
533
2878
522
244
3372
339
1462
145
398
41
386
3441
365
1093
247
444
659
57
976
265
549
1451
47
526
1953
838
587
3387
1008
4372
923
247
1597
536
672
1208
3278
1180
556
582
1666
1089
484
84
1111
1049
503
1873
247
613
2048
1561
2937
1052
203
1574
227
452
282
714
1608
953
52
549
54
250
194
348
336
597
2038
2482
805
1461
946
969
1234
1984
764
1127
427
273
339
150
1973
10
337
70
460
1608
1390
887
158
17
1289
1333
772
197
276
1522
428
500
1009
1165
1191
48
2099
2412
829
156
948
284
62
199
676
329
136
118
758
989
102
934
87
1639
136
4224
105
779
2019
325
114
450
178
2149
267
1870
427
238
305
1188
34
714
5290
155
536
1777
290
642
297
672
1
760
1049
537
203
673
649
868
1108
406
1561
50
526
297
262
3506
1467
1127
1518
12
591
1581
241
87
411
3207
375
158
285
772
946
2954
815
1407
978
125
223
375
193
606
114
1751
134
2355
2667
1404
39
455
2011
3845
476
53
96
1769
167
3895
1902
1328
670
471
197
2280
649
1173
2173
755
2270
275
512
1967
135
593
1078
226
511
780
982
932
3384
844
974
139
722
367
549
1390
416
2560
3096
1844
1501
777
1956
1088
666
277
947
846
1212
3350
101
3423
420
3465
651
797
182
612
288
399
1061
3016
2227
441
500
198
1475
287
427
580
1797
1498
2971
156
341
1
310
2120
2449
1925
1882
1359
942
438
1529
578
61
33
487
1706
71
1154
267
3657
203
1409
532
202
1390
2059
191
502
509
60
157
1244
1035
3136
988
256
897
977
845
1445
15
1147
1081
1350
1864
773
2479
99
790
1508
417
1000
4
792
568
1630
86
1420
1629
2399
715
612
2074
230
14
20
896
231
119
1604
975
2703
2535
244
32
1703
1303
2308
0
2984
1551
435
400
1109
365
1073
244
1617
3457
326
747
553
503
1041
944
1309
1751
839
401
64
50
168
1264
207
1195
227
434
704
2380
28
498
593
483
102
1288
751
1818
2042
705
1623
90
3864
658
913
502
6
350
420
2534
374
2021
386
736
1139
411
627
714
4351
1198
1516
1294
415
236
993
1464
2814
350
477
866
890
59
2622
1958
216
827
1243
161
1412
706
932
433
2590
243
106
57
661
87
1097
827
78
3530
694
843
162
560
655
1033
756
1825
750
87
885
4685
2619
834
1790
408
647
3053
367
3391
166
35
4505
2295
1698
956
271
682
872
898
1532
426
276
123
1715
754
1369
41
1335
328
3107
276
371
1084
704
1513
687
1899
98
729
119
999
283
2065
440
160
903
631
2153
2720
673
622
176
218
2940
672
1713
94
2647
932
419
106
1841
884
515
735
720
991
153
1581
422
1276
1918
5175
2864
115
2667
680
1332
1360
220
14
484
9
61
2410
726
2042
25
575
604
2461
398
624
1087
617
1483
170
133
1381
26
15
1038
2203
124
1979
1279
533
218
155
1974
29
584
704
528
1899
1212
712
3179
78
3683
686
460
1979
285
2280
819
1621
1064
1380
379
191
2142
982
725
2910
886
251
1264
392
701
1243
1291
2578
438
234
627
1135
505
302
830
11
1633
153
2324
247
2215
2188
227
4168
417
909
1424
109
1077
2077
5
2058
1759
1726
1318
1864
2338
1060
1046
2189
1121
837
921
601
176
813
376
1239
1188
707
206
323
14
827
361
260
600
393
795
1631
1372
479
1675
1422
921
2324
2049
353
1012
742
1681
449
1
9
431
3528
426
1329
1037
2634
2763
865
656
799
2394
27
2032
1112
1145
17
635
85
2318
267
215
173
970
780
10
2514
752
3971
717
2321
60
188
864
381
194
89
1154
640
603
1253
530
1915
282
361
157
1431
1125
307
2777
524
1566
131
570
819
516
3274
39
1420
569
228
99
476
176
150
727
148
654
1566
3
625
209
1708
1011
872
2749
2563
730
852
1559
158
2135
1212
302
102
560
2306
459
765
565
1023
706
331
280
428
33
318
1658
1468
1913
1009
1161
1715
7182
208
2137
3834
2036
183
2
1185
189
489
855
2614
119
498
43
31
194
2055
66
5578
199
371
249
459
1433
409
1094
337
4675
328
414
3049
1331
53
1086
2873
1099
4481
848
418
4
1988
2868
5019
540
2510
342
968
351
752
1161
370
2183
2497
145
453
156
1362
1152
3115
2418
1024
512
22
452
202
6
194
1186
706
