365
1642
3368
347
139
17
3808
1434
2511
620
583
887
995
2409
2268
423
413
404
294
474
649
727
154
1930
4069
608
1414
1016
477
450
2778
55
1379
3011
270
222
94
335
549
16
305
298
441
504
2123
1345
39
875
132
843
332
1843
6299
1413
1683
3032
1808
4112
3174
278
3773
1015
189
2789
701
233
2002
983
299
2375
598
1091
877
3720
296
398
1355
1844
312
1722
55
283
398
23
1192
7
1155
628
830
1221
1104
3935
748
538
1086
2995
1823
538
172
516
1343
168
537
383
1570
457
611
335
908
58
474
1227
450
146
1908
2772
70
1532
1030
2378
2089
49
836
190
1236
2869
993
445
168
1606
2392
79
106
524
2122
645
126
2512
1146
596
598
718
252
1416
131
271
294
1026
328
1829
1070
397
991
5188
408
144
404
760
1950
1852
276
237
484
3453
815
343
381
836
1794
3627
881
1998
5145
344
1900
1513
1223
2796
13
323
185
2174
342
2693
297
1217
1850
3393
522
1110
765
688
1127
638
128
1328
773
398
2452
2821
91
1981
4192
679
5099
39
239
56
1226
50
336
663
497
790
196
2326
1870
5877
2955
2225
2254
932
5120
2200
849
2231
3539
1108
24
150
207
268
994
1872
397
349
837
531
648
216
743
4435
818
2525
4064
533
5214
517
84
1617
1021
359
2819
1464
42
422
1073
3287
61
1951
525
14
1095
3671
1221
440
521
124
815
2947
506
1593
500
1612
4830
1017
978
127
1750
256
244
1748
367
4055
839
2921
2871
141
1601
530
500
92
722
1238
1473
893
525
1824
704
2400
85
456
380
2856
344
669
739
353
0
2350
407
624
683
670
250
867
2041
769
650
32
1
959
228
246
1375
1759
3766
3193
327
913
93
990
2826
1876
182
2459
426
2886
923
818
253
1964
171
1924
1239
620
1166
783
1734
484
580
998
634
843
642
21
143
359
413
1416
1279
244
296
875
1180
198
939
1340
447
815
1078
24
1161
421
3355
625
108
510
2509
3745
3022
343
3359
151
2311
193
775
1304
1266
429
656
350
1083
597
263
1683
185
325
27
277
448
1004
643
686
1523
84
12
825
718
3404
116
393
175
571
1235
306
615
883
858
2322
496
1596
1740
15
173
79
222
9
5538
807
1074
149
265
70
1486
690
522
1301
341
1265
974
125
631
1959
475
769
2026
693
717
123
2503
40
621
333
866
1172
1835
365
2731
280
2603
199
1644
1538
834
731
898
1414
949
290
1476
692
209
932
1088
84
876
159
2158
41
608
120
428
83
262
119
55
1330
305
108
2209
436
645
1766
9
1149
401
1598
120
44
1346
792
239
103
176
139
1608
421
712
2847
1065
677
1510
1387
945
3797
1408
683
402
1371
1247
1391
861
434
673
482
2221
918
2927
2215
259
754
404
2257
1600
182
1157
527
1293
2501
1450
191
547
1010
983
1196
1344
1007
754
1509
519
446
366
461
654
223
801
638
2708
398
65
1514
169
713
474
417
515
925
3961
2114
491
437
2778
1722
766
845
1085
585
531
233
719
1070
796
525
740
964
756
980
160
4503
135
429
751
887
47
1546
18
568
797
166
876
1164
89
1131
611
120
522
937
589
603
1264
345
3366
3001
231
102
17
1343
959
250
405
1414
3165
1271
679
482
641
1070
3752
1107
1336
213
1503
1887
830
362
410
5
1145
152
217
1026
2121
100
974
217
593
663
1877
1834
1062
1605
425
2305
2169
2504
372
162
852
3941
20
538
2181
376
2078
221
407
1051
1006
592
2348
1323
380
448
29
888
32
783
1923
707
254
3295
622
448
3014
2726
394
3633
296
3
501
1448
470
2556
784
1528
1113
597
12
26
196
443
1495
232
810
246
1299
508
2469
715
2071
231
261
1148
1010
1706
774
1878
691
2789
472
85
1147
1094
2548
1119
1007
106
862
78
987
237
2840
744
769
1473
2170
1077
413
1527
88
468
1502
305
1217
1291
1745
102
27
3036
489
445
759
2203
1515
106
756
1161
420
557
2091
568
168
157
386
1318
991
5303
3292
1482
127
291
1028
379
4114
1655
419
394
1714
617
140
1385
429
1945
1870
567
688
2154
1052
891
1203
1118
801
797
182
244
945
207
335
630
176
93
244
282
516
502
128
3393
976
113
414
925
1198
2182
476
3073
1023
1488
496
448
904
937
1234
874
791
240
618
61
2127
1725
579
185
935
57
1825
9
98
777
986
646
8
866
1079
614
135
871
351
259
179
447
937
976
185
706
636
1974
613
761
1865
89
24
1816
1366
323
358
543
44
177
77
757
1485
1206
260
67
36
335
2206
471
1145
996
21
7
1467
800
1671
141
52
528
2993
379
613
1030
160
1285
124
525
896
67
3298
1639
658
475
703
1480
285
115
2541
568
3020
511
238
610
743
277
236
226
444
419
101
778
916
735
1134
645
1716
1253
2788
323
154
2378
1526
319
569
523
1017
778
1999
74
228
211
2108
864
536
66
234
295
296
1692
400
532
1926
210
59
469
461
1613
27
639
3191
1244
2246
292
3030
85
13
138
54
1186
4638
996
1355
570
1859
1060
99
602
142
494
1505
47
101
344
77
878
874
3763
5222
1224
1252
428
395
1198
1795
641
1371
1597
2260
2926
1181
354
304
150
2579
1025
611
1384
99
4544
93
203
2068
31
648
2221
449
3288
111
700
1647
23
462
3903
772
946
695
44
5251
1919
86
2329
230
248
391
397
1380
1177
883
197
422
915
1502
1186
210
310
78
754
616
702
29
351
1545
829
640
1705
407
594
2878
5233
362
201
358
1464
774
873
1801
322
3271
583
1267
161
441
12
235
991
935
