629
673
436
136
535
796
2424
2282
504
1667
137
680
193
390
196
862
241
2112
243
1034
1723
1803
261
65
2691
1179
1825
2161
1865
835
387
2325
1468
741
583
939
37
2121
1523
331
239
2533
1091
580
2430
1032
359
1906
86
596
2341
238
2776
256
438
5
348
28
3254
856
1110
194
447
799
271
420
608
787
714
1586
2716
1080
2356
85
556
447
617
451
1325
32
128
57
2279
550
493
85
675
1348
2747
280
32
1069
613
2009
754
1959
102
159
342
573
323
607
1104
618
727
814
664
580
382
2752
1118
261
3099
462
1857
984
697
1032
81
95
97
210
49
48
578
9
4041
1345
196
536
523
241
459
61
21
262
358
675
62
908
2167
267
1234
1097
2542
306
2466
689
335
682
8
929
2317
239
1795
1235
296
135
1319
36
510
1378
1473
0
3158
866
211
750
652
1087
975
1672
1775
8
454
16
325
95
315
2983
1047
338
465
12
3023
469
455
323
1183
854
1567
1549
833
261
52
1509
635
855
121
2728
1242
2020
911
8
945
159
640
29
2365
2006
2283
1241
1817
1732
796
2745
314
73
673
1595
57
104
2256
592
936
534
844
729
3700
104
1409
229
2
4630
10
409
1085
1658
61
109
1891
775
285
276
424
102
231
2034
1391
1512
782
2261
535
1881
720
616
1196
662
3052
1317
49
603
807
981
612
196
656
416
2783
336
971
1242
1043
735
753
884
985
298
1330
1361
210
146
923
370
768
188
3158
1152
1933
1587
969
2759
23
478
623
2807
922
1215
2443
465
1852
2247
743
2194
2347
1066
36
453
3778
1644
1229
4224
4157
1061
1930
202
3270
988
629
356
3561
206
1330
645
381
1048
153
1092
1421
967
1671
20
1275
94
214
4543
269
1796
963
1239
37
95
1281
654
54
305
59
1213
3014
538
200
1294
313
110
1948
197
1483
524
1827
407
124
3224
417
11
98
705
352
2700
435
272
457
678
885
2761
52
1305
1148
1411
634
1583
386
1526
2364
2972
757
96
797
1740
1173
513
819
470
649
836
841
928
1661
238
1819
622
877
332
714
143
426
777
2461
3374
1331
4773
294
1754
719
2767
80
1017
2958
2437
2079
651
562
2240
999
2583
3476
802
929
1411
1347
995
145
206
998
2274
699
1349
27
532
2627
370
1024
1335
222
3760
627
95
626
393
250
715
308
602
3654
1330
13
9
2132
744
832
210
221
642
1888
256
161
520
428
87
61
2723
2040
2014
1198
734
2193
2837
813
1389
607
799
426
320
2188
114
93
949
1374
670
272
332
2688
330
1084
2029
2047
146
493
466
1499
1775
399
8
1733
277
401
3019
903
1294
227
385
638
1465
969
3225
1258
1144
1562
113
3890
107
1010
891
5170
106
432
557
947
893
582
2676
1829
1105
574
315
595
431
2738
425
719
12
518
9
1325
1459
232
3466
455
1046
109
3690
1145
277
102
1478
366
2972
1186
652
907
57
662
1010
33
17
1764
1029
1596
589
113
1191
32
373
81
30
2092
1148
331
424
699
1051
263
1378
304
1910
1232
525
510
294
76
421
222
65
1889
28
431
1228
18
145
2289
219
255
516
576
859
1996
1883
1526
830
762
387
2624
159
486
185
882
1949
9
4148
1054
666
177
238
1285
165
156
725
433
251
67
2431
121
232
362
3936
1537
407
615
390
1582
239
2208
2733
56
944
1016
1181
846
774
558
352
36
2989
284
247
2503
133
115
414
1810
407
2757
469
424
1440
894
296
1614
476
530
367
740
1802
802
183
538
467
1736
1523
377
286
162
1495
384
1025
357
293
0
2426
219
5613
654
905
34
2518
12
339
5274
1845
848
33
1119
2903
481
46
952
1713
889
1877
1075
1389
3247
572
557
579
700
226
1272
174
1197
243
992
88
75
412
263
569
566
64
606
594
1097
143
2244
252
917
919
505
1983
1448
826
782
1858
671
2101
303
1549
1742
7630
1043
1360
874
1080
568
129
39
1040
192
300
535
82
3099
52
393
543
24
1123
323
586
1643
1322
6688
439
1393
72
782
1890
928
1060
41
1443
1233
884
998
779
2072
338
314
400
4202
99
1568
1603
14
940
1012
273
12
1548
245
357
1874
194
1542
307
465
778
1047
16
123
1370
4382
1234
1980
18
504
593
870
4
1754
1268
1439
49
1940
2052
505
1268
139
735
96
144
1755
500
155
262
1686
1297
171
3181
873
148
1336
1465
402
225
267
4304
104
1906
837
41
1220
180
40
106
562
372
2531
219
802
10
332
1188
415
476
1241
803
565
130
794
414
1379
1997
794
98
406
388
283
1188
1911
896
12
1818
603
2753
523
1525
4361
299
1335
590
25
1751
852
528
746
166
238
714
291
107
513
673
65
1432
1673
1512
6395
415
12
3814
71
458
2573
533
289
1819
443
2464
3527
221
362
3204
597
268
1032
747
51
2142
17
682
1917
965
25
2181
1938
717
2113
169
2161
598
440
312
170
3518
387
552
614
1039
1675
836
629
39
260
2051
398
990
1341
995
77
885
33
825
1555
234
767
2110
539
146
255
809
178
1185
1217
216
1430
905
621
2798
1375
475
2142
1715
1104
1330
1786
385
257
648
156
841
2423
1056
49
786
6849
311
1811
2052
1941
3618
533
2367
1020
1563
69
1287
92
2357
2212
1433
908
604
277
2189
356
361
4559
279
2115
945
62
56
47
1283
61
406
753
25
406
682
1492
594
489
2707
781
1753
863
2236
436
1491
653
1843
3573
1503
1111
2544
427
413
2861
51
945
2696
338
2002
91
1248
854
1924
86
305
320
1276
86
154
1087
258
1274
1235
2632
389
756
856
20
1911
675
