2
181
75
85
58
4
88
145
24
22
102
33
5
257
79
222
16
1
74
275
100
8
1
65
79
56
117
201
1
76
16
29
90
14
5
95
10
29
183
169
133
16
2
1
3
150
48
110
69
4
31
36
171
83
23
24
120
46
143
9
1
25
23
77
7
1
1
116
2
47
11
19
1
1
101
6
86
164
1
240
122
182
12
69
13
13
6
5
42
5
37
255
1
4
142
9
5
209
11
1
4
17
36
5
5
6
12
69
17
5
49
36
252
284
105
148
233
262
1
53
55
144
113
69
1
1
2
130
14
31
6
182
1
15
19
36
1
179
1
2
205
223
5
156
1
83
3
41
21
2
5
8
6
101
166
29
65
165
7
18
15
140
2
1
84
30
86
64
26
1
83
8
1
227
191
3
1
79
44
13
79
224
25
4
27
64
4
3
3
44
123
7
126
16
42
26
2
1
2
281
280
234
81
83
43
1
23
100
43
8
27
4
272
16
174
47
28
10
150
203
2
72
242
18
7
5
12
27
93
1
174
29
24
48
130
1
2
4
163
66
196
155
1
144
1
159
260
6
4
26
71
1
272
26
1
10
117
2
290
47
68
3
254
1
82
34
15
134
9
2
1
86
74
39
31
67
56
73
5
3
198
33
7
67
18
2
104
10
1
30
280
28
253
69
149
2
59
55
32
102
7
137
30
18
117
189
136
122
41
85
3
30
175
11
41
1
88
2
2
207
5
86
1
45
16
94
152
296
221
88
61
5
102
105
4
4
10
56
284
58
232
270
75
288
22
182
73
58
152
12
288
200
19
31
247
61
248
5
13
22
113
135
36
60
206
120
1
1
1
59
38
54
86
200
93
90
7
142
9
8
241
1
26
26
61
188
36
41
14
22
1
139
6
18
2
224
50
18
3
14
2
49
138
245
18
142
73
195
10
193
94
78
122
4
2
267
3
52
72
16
27
13
25
15
20
131
38
27
5
17
9
1
21
168
215
2
55
49
70
2
168
81
43
23
252
110
1
5
38
103
153
12
189
5
14
212
193
108
131
43
77
62
96
69
275
3
74
4
74
11
36
51
1
100
59
131
42
207
20
3
36
7
4
35
3
275
96
123
64
6
179
92
92
117
256
2
5
253
115
253
15
122
257
7
280
107
1
102
2
1
28
14
202
203
102
227
5
6
121
289
154
3
24
137
16
153
28
4
1
199
138
1
2
2
24
66
7
64
7
47
14
211
27
30
171
6
171
41
55
63
45
10
4
7
40
13
3
12
20
13
75
47
52
2
2
2
5
125
213
133
61
10
138
23
11
78
10
9
8
26
6
9
63
33
2
182
4
35
30
41
64
42
40
13
123
46
123
4
69
47
12
2
7
42
1
2
205
24
223
65
58
9
4
276
297
9
9
1
114
108
10
47
10
2
4
217
66
11
39
156
135
21
4
45
12
4
20
3
7
34
175
163
149
186
133
4
65
24
12
14
17
178
294
148
4
98
32
275
63
1
16
17
18
137
12
6
47
1
3
189
10
6
136
210
14
7
5
26
8
140
52
1
6
18
78
10
143
75
24
15
20
157
3
133
130
14
50
166
137
53
30
121
31
211
21
23
67
3
42
31
118
42
150
150
19
89
4
80
38
239
59
249
3
43
244
50
145
2
2
277
3
277
3
217
2
1
10
6
169
6
21
9
139
7
9
8
231
204
249
28
2
5
143
45
48
140
1
1
90
34
103
1
4
53
137
26
1
28
5
10
152
32
55
36
10
59
2
5
2
27
5
4
30
147
8
6
191
22
109
200
8
76
1
155
7
13
61
44
289
15
3
2
189
4
85
8
188
66
5
145
144
6
61
197
21
81
7
81
5
20
30
18
199
2
7
40
1
1
225
116
11
39
184
11
5
1
25
165
53
3
71
97
4
4
123
102
1
92
24
20
90
16
111
2
96
44
39
196
157
2
38
44
247
168
5
280
1
208
19
16
26
9
271
1
164
24
7
1
94
14
2
258
2
195
136
29
66
1
146
82
137
108
18
10
31
7
14
43
10
1
6
68
282
274
127
225
50
1
10
154
20
15
149
2
9
36
1
25
3
2
172
18
2
288
201
135
31
272
2
177
16
151
91
1
214
100
298
193
204
235
177
7
16
37
9
92
188
10
63
13
8
106
137
10
3
38
150
298
18
43
221
88
55
299
179
4
128
5
67
222
192
30
20
27
231
1
5
168
9
214
127
4
98
36
114
60
3
231
70
1
4
177
26
1
50
40
36
2
23
4
47
6
44
11
28
1
57
1
2
6
12
16
148
15
1
131
5
18
81
132
191
148
232
261
1
19
62
1
3
124
11
27
2
11
1
218
2
42
1
283
3
3
5
59
2
127
53
5
39
35
227
27
1
37
32
234
1
9
51
1
228
26
40
8
290
1
27
240
10
22
25
109
16
4
194
