62
14
246
4
45
1
5
206
48
187
72
5
19
4
4
6
30
198
82
27
43
1
81
37
14
133
9
1
18
12
223
58
1
2
164
32
3
63
47
17
1
15
238
99
235
9
226
3
2
137
110
11
3
11
45
1
2
1
17
2
1
1
2
23
2
1
1
1
48
8
63
15
186
4
244
82
44
88
228
217
3
8
236
1
35
77
105
232
200
3
163
16
122
54
136
203
23
85
22
3
212
225
15
17
39
1
52
167
2
5
5
36
1
44
77
25
167
2
52
2
17
1
37
191
52
2
22
4
237
1
1
15
81
9
28
1
147
2
115
181
4
165
59
18
27
1
126
247
152
80
185
173
4
125
254
8
194
17
244
198
33
132
2
182
66
30
13
12
54
28
58
13
2
1
10
141
10
29
147
13
18
12
69
34
13
294
31
214
45
1
1
190
189
69
32
298
10
261
72
25
25
137
207
1
294
193
3
142
291
1
1
6
2
5
24
24
222
65
1
3
59
181
157
56
11
1
84
250
22
155
5
55
27
151
207
49
21
26
1
1
113
16
4
13
15
117
91
91
104
117
95
3
2
52
14
16
276
18
34
99
9
1
104
153
117
240
275
1
6
1
206
4
19
31
40
59
49
13
3
3
102
228
84
30
5
164
22
11
1
32
1
35
12
1
1
59
1
243
49
17
33
71
192
1
38
5
3
7
53
159
6
193
11
92
141
4
3
16
43
7
9
7
6
6
75
208
68
152
28
138
79
31
193
29
162
252
108
262
3
6
8
207
3
31
23
67
1
2
289
14
16
4
48
238
12
173
48
106
19
49
181
21
5
127
74
7
73
55
3
193
10
1
67
1
157
72
2
12
12
3
2
19
3
257
6
2
109
60
155
38
187
85
282
14
39
154
94
42
2
299
3
15
81
105
4
45
1
14
58
2
4
5
64
50
79
5
266
215
74
17
2
31
128
78
251
130
1
44
12
64
69
2
7
248
219
5
71
289
145
128
3
1
27
17
2
9
5
8
48
33
1
3
135
25
95
250
1
98
88
210
2
4
98
2
221
203
8
43
64
32
13
20
1
283
56
13
1
124
247
6
9
2
11
8
7
2
50
13
248
3
9
169
44
77
196
32
1
58
5
9
28
23
7
37
262
23
75
57
8
39
2
5
32
21
5
108
1
83
51
91
1
8
144
35
6
31
4
12
100
105
9
271
3
16
19
13
156
4
11
16
122
9
84
1
20
1
73
86
2
1
44
31
9
240
2
12
157
17
44
6
1
2
100
282
32
72
191
2
177
3
18
5
28
136
17
236
103
4
7
5
1
258
218
143
12
3
1
61
1
96
284
16
127
258
8
11
300
12
25
250
235
1
29
32
79
289
31
4
1
86
25
46
6
222
36
6
3
189
17
19
60
16
3
109
73
23
14
37
91
67
97
99
21
235
288
36
1
20
57
12
96
6
45
256
4
65
199
3
11
31
6
135
136
2
148
13
91
7
120
2
49
42
298
3
22
7
125
1
15
5
85
7
1
193
35
28
73
81
5
7
17
88
153
24
91
1
1
111
181
3
185
36
29
3
122
145
203
201
181
218
116
12
75
99
7
50
113
123
76
2
142
7
117
64
8
266
48
2
10
109
3
87
6
1
33
243
163
58
2
286
130
2
42
69
2
8
248
17
11
63
58
98
265
107
158
24
204
5
1
24
183
90
289
8
1
107
113
60
33
169
69
13
42
19
24
26
154
4
66
202
21
42
2
1
185
100
132
48
64
26
4
10
7
122
43
124
2
75
9
2
56
33
52
238
18
3
3
285
99
56
4
20
4
25
7
1
27
1
133
1
48
114
141
62
95
3
54
188
62
146
12
59
3
19
7
82
26
2
2
11
46
58
4
8
111
97
29
11
18
4
11
30
95
10
2
8
1
1
263
6
231
130
2
221
4
18
55
1
50
37
1
2
113
25
210
5
16
21
1
47
4
162
100
13
135
130
9
15
98
140
13
36
11
13
21
31
13
37
50
33
58
81
82
8
209
100
2
37
64
213
58
42
1
8
21
108
27
29
25
62
2
8
87
43
108
39
46
3
42
187
2
29
2
1
1
40
5
10
2
3
41
10
5
53
187
15
1
52
1
82
1
252
17
21
1
16
32
11
32
6
126
3
1
37
46
160
3
42
11
26
79
123
82
130
16
43
125
80
24
1
1
20
98
1
63
1
2
37
28
214
2
97
7
1
162
5
24
151
20
1
154
84
47
146
150
5
51
49
147
3
20
273
1
263
44
220
8
104
3
27
5
80
200
3
16
165
178
31
165
28
57
3
31
35
21
8
16
90
207
1
8
74
2
11
13
50
233
28
1
153
122
12
295
61
51
4
76
126
168
4
167
254
23
28
1
179
2
20
15
254
9
3
20
4
33
1
15
3
99
56
29
19
79
1
6
