20
6
95
59
1
1
52
6
3
64
8
4
92
212
14
126
1
6
2
1
47
5
40
108
169
283
166
268
7
39
260
147
1
41
89
14
274
39
44
2
87
21
33
55
4
2
125
277
188
84
263
87
16
35
94
87
254
287
44
16
3
195
27
17
12
1
21
36
95
54
72
97
261
1
46
56
1
12
2
215
3
82
212
1
33
43
21
3
1
25
9
38
4
2
5
9
121
100
35
213
299
6
16
134
35
100
198
4
2
31
67
6
25
249
179
4
187
198
62
36
200
22
3
232
55
205
125
121
142
200
102
29
10
1
48
109
63
2
28
21
219
1
76
157
3
189
3
197
21
203
89
32
26
113
22
297
2
130
15
3
2
4
126
1
98
29
6
114
1
160
247
67
1
1
10
92
91
2
141
172
93
1
55
9
9
5
81
2
3
10
17
2
167
61
1
8
275
169
165
2
101
121
5
27
3
166
269
232
12
56
28
67
40
117
17
1
197
58
13
19
58
218
216
267
20
7
233
38
50
147
282
8
114
129
30
115
3
101
15
147
34
151
1
89
15
2
93
2
61
30
1
3
40
28
45
273
24
6
119
33
269
37
40
4
139
16
13
90
211
10
283
2
179
33
1
114
1
13
15
2
214
9
1
32
117
16
118
6
66
8
39
1
81
60
9
64
7
32
79
101
2
66
183
6
80
4
195
14
103
2
76
13
109
142
288
49
77
8
1
128
4
11
40
202
48
52
147
136
12
292
4
298
152
8
100
17
10
14
5
165
88
174
18
1
123
12
20
7
247
3
16
165
1
293
13
81
1
7
2
262
1
13
28
1
289
9
75
4
11
12
3
15
179
69
2
2
102
105
57
101
109
31
5
140
10
1
33
160
14
1
190
194
241
15
10
22
18
65
51
64
143
2
18
1
71
229
64
11
275
6
9
175
4
1
11
77
2
22
81
37
119
33
1
3
80
115
11
1
25
155
64
2
156
47
3
146
29
205
41
17
24
166
28
1
128
59
11
1
264
177
213
6
222
9
54
186
139
1
8
55
38
10
190
93
7
78
286
122
203
190
3
8
237
100
84
3
17
95
280
54
37
93
4
15
43
184
8
244
18
281
1
99
103
151
19
136
31
11
6
110
1
47
20
122
220
185
1
290
132
5
7
5
1
238
1
1
25
280
24
10
207
96
22
1
9
21
267
63
31
179
2
147
7
6
4
239
1
120
2
166
2
19
5
4
12
228
124
1
5
27
1
41
237
1
72
1
96
18
142
103
70
13
226
7
178
211
79
2
182
138
26
87
59
7
212
1
20
75
50
195
12
6
26
198
187
1
2
265
1
102
116
22
21
17
157
172
109
260
9
1
23
126
36
161
125
1
3
102
1
67
2
8
7
127
299
8
10
8
1
161
193
19
14
166
56
14
79
4
1
257
290
49
70
13
56
59
148
1
35
4
293
150
19
3
145
9
88
241
13
17
242
43
159
2
40
50
5
1
26
1
3
75
1
36
212
14
93
27
2
128
6
95
189
5
41
272
4
247
28
18
243
270
11
31
224
98
4
3
138
18
191
26
10
6
27
30
7
128
15
57
3
54
50
130
51
68
287
43
6
43
11
55
66
147
107
1
19
5
66
42
2
15
150
149
53
208
217
13
6
234
2
86
201
2
12
106
51
1
175
156
33
27
37
156
15
223
16
4
10
105
36
15
2
180
47
7
126
198
87
6
33
253
206
13
1
49
10
5
126
12
13
93
9
85
1
1
220
11
115
43
141
122
106
12
6
38
13
61
202
92
231
111
31
109
106
104
10
180
144
1
1
40
69
99
14
1
202
144
33
18
1
288
115
1
201
297
3
48
249
49
214
2
1
7
292
108
36
20
14
125
70
33
89
292
13
2
11
100
10
9
110
77
8
7
48
15
4
209
1
106
35
58
82
176
2
7
236
1
233
2
57
71
39
15
49
157
1
16
117
2
14
99
1
3
3
2
26
1
8
7
27
2
21
210
2
1
66
108
34
114
11
103
19
260
111
233
68
2
12
241
164
134
25
1
1
73
281
125
1
12
137
4
162
15
20
2
1
148
90
229
6
296
1
1
16
38
40
154
6
15
1
275
102
30
1
101
9
2
15
195
1
2
1
11
6
7
1
33
1
36
106
4
8
94
10
188
3
64
2
77
225
102
210
56
21
137
54
3
1
64
1
273
13
1
55
80
4
202
17
146
107
291
11
219
13
28
11
81
160
125
14
29
157
13
2
113
291
4
123
235
34
176
31
294
3
82
18
53
3
49
4
10
76
197
39
54
276
2
130
17
181
20
197
27
109
27
2
289
17
97
7
24
3
18
26
79
34
196
8
5
137
89
8
3
71
7
57
153
183
4
20
16
227
23
73
4
207
8
138
8
44
225
13
5
82
71
31
142
1
71
260
105
295
10
12
