1521
197
239
628
1324
1232
781
1421
408
432
40
181
318
2130
2748
717
894
417
424
399
1556
1734
177
1814
371
543
1540
1691
80
4120
1220
1066
270
34
1060
861
200
668
564
1461
1909
73
442
247
6
352
26
5425
233
1663
506
2170
1378
388
266
445
982
196
31
1977
586
521
1083
796
2546
2610
872
5612
480
770
1560
382
274
615
697
712
471
423
1299
966
6
120
689
306
272
117
2771
697
406
858
1414
1108
1337
657
251
510
3270
464
1133
414
85
1881
1193
65
73
1087
56
112
4010
228
1406
559
2425
406
867
664
1510
5220
1668
629
1623
333
25
653
470
1478
2322
94
437
163
367
48
1180
266
4063
6049
2111
1852
2636
1577
567
496
2575
572
2353
1576
291
2390
123
1264
314
680
1825
156
25
297
446
413
12
1090
2064
34
1560
459
175
94
2627
18
527
177
710
555
224
784
252
607
35
642
938
3310
950
945
1784
3642
222
1921
781
1408
222
240
631
797
1124
847
1358
140
3257
1345
553
24
1957
268
2086
821
61
915
4808
339
261
1550
1047
2355
604
730
932
1318
121
597
467
875
182
685
652
40
508
2742
96
272
289
295
2215
552
71
478
1120
1711
950
925
802
89
184
462
431
209
1312
759
1393
66
619
2356
196
903
398
1699
801
67
466
6507
2374
477
1402
1696
36
1703
1759
156
370
941
1146
43
2082
1947
272
29
1487
594
538
2872
164
390
963
1464
757
2339
162
1247
384
94
1891
175
777
1480
214
55
1294
874
879
1383
2079
986
628
1205
1157
632
369
1275
338
1980
624
249
184
2516
782
266
995
2072
868
3431
1283
187
161
320
1160
139
1550
2948
483
883
559
460
240
680
612
850
320
595
181
56
200
539
1425
262
426
202
3406
1412
448
217
157
365
545
2578
1681
643
2344
1770
1773
422
143
452
1036
746
2050
1060
558
21
765
850
998
354
263
1635
72
748
883
600
1
2096
362
1551
505
532
2534
843
1031
574
302
1102
120
106
1562
1810
274
2056
738
14
599
242
411
3621
356
1639
37
762
1057
585
903
3750
144
2260
260
110
728
302
946
443
244
1292
352
1482
8
1711
381
391
60
996
886
79
659
528
1057
755
1829
3053
2794
269
1537
752
1603
1283
1065
1162
1499
1392
361
233
389
1748
682
542
198
412
3158
2560
1217
746
482
661
1047
2617
378
277
376
1620
288
822
1560
2636
1399
574
686
2973
852
1454
495
598
749
990
209
161
249
305
305
1231
868
188
463
905
258
814
614
2219
303
1135
158
810
346
1577
1610
676
892
1925
887
1009
59
793
572
577
1608
163
113
2083
486
626
1564
124
872
686
387
2108
6
1914
219
898
1089
884
455
178
315
1027
76
139
120
186
2307
626
1482
187
77
1010
1074
508
977
138
886
893
218
828
1323
4535
1108
1754
1065
711
2590
229
727
152
737
137
53
1465
446
1614
2404
1336
219
3088
1382
252
1733
146
739
220
973
1234
47
2138
231
2183
1215
1713
278
1969
314
997
1959
90
606
3462
220
1364
380
1031
178
613
1716
2013
1981
1168
395
7
294
727
681
15
9277
227
1403
736
696
103
234
1413
131
693
731
330
1274
3243
1513
1404
1496
768
198
1471
253
171
116
511
1618
1102
443
2302
1028
56
266
1961
719
1245
1037
1642
1934
211
680
1124
1829
9
212
102
57
139
28
71
32
450
2187
3011
445
181
1109
1755
229
1537
704
12
568
1542
112
4041
325
212
499
443
388
1509
9339
437
357
359
216
2780
46
1316
572
338
1376
827
1487
341
2196
9
2412
468
217
600
910
1480
929
1944
1276
600
2815
339
1738
485
59
2503
377
515
6155
729
651
651
1700
722
2890
1955
1204
643
1479
23
47
439
1200
374
3187
440
4644
198
253
956
2715
196
946
999
384
166
223
466
310
262
428
33
345
2659
492
978
71
884
929
66
1308
1585
287
198
150
114
2144
1148
1817
457
2313
30
591
633
563
531
1338
634
499
2435
1113
293
556
834
1240
465
706
21
259
220
4743
457
4087
3862
1062
3031
9
1335
711
1045
3857
686
429
312
1347
271
480
776
3770
272
490
1787
1638
117
474
964
595
681
741
36
296
178
259
322
1079
48
1041
1531
2189
55
919
272
458
1996
2001
1772
862
2948
908
986
1802
294
2624
2312
1783
1671
1142
1338
697
4728
1424
775
1122
847
1972
140
870
397
555
1464
1347
183
761
54
1181
917
44
1009
122
2678
39
3855
1148
1330
276
1024
618
520
445
171
661
715
947
167
1414
1041
118
173
24
213
1057
2670
12
397
1901
1519
1444
10
147
1954
656
1609
857
648
2234
1543
229
1405
1400
2442
2191
146
436
1576
392
341
1835
713
249
481
548
181
2930
2509
1979
8
729
1060
586
375
433
429
115
870
898
70
605
226
175
383
98
373
1876
828
36
4068
169
436
768
1876
1829
614
1096
423
2162
111
2317
748
198
599
764
3108
104
1194
37
523
8
1487
785
678
222
144
1275
770
495
1033
1023
706
141
807
2356
1146
3466
884
65
242
634
41
237
337
315
371
1339
3826
2090
554
505
133
2740
115
753
1102
346
1764
756
1985
2393
5374
5
1038
95
1812
865
1915
1565
1378
2278
494
289
41
872
1317
586
420
954
260
210
493
1783
1965
363
672
460
313
429
106
1078
1080
407
113
1427
338
60
685
294
204
1020
781
799
1160
360
1835
1533
226
1144
248
632
39
224
377
81
200
2047
799
466
112
992
925
620
175
1756
459
577
526
1013
124
1345
9
446
256
359
679
1132
