3738
615
296
310
335
444
22
428
919
732
1224
1365
740
107
705
921
255
1912
1366
787
117
1393
1389
70
823
4198
1051
345
76
381
405
371
183
860
1887
206
16
406
507
219
4548
324
1286
3550
213
1607
819
2742
329
993
4322
262
2016
242
706
155
424
358
2292
418
1031
543
1895
2618
93
167
1785
58
2821
2040
1744
144
2517
3732
289
234
962
1941
505
642
893
369
2327
35
1977
1438
950
115
1816
955
1728
1758
478
835
1590
532
350
2338
2061
921
1159
103
240
203
1968
2336
1921
1011
1007
1460
651
1421
132
1953
3224
1979
787
725
272
1228
933
1348
298
595
1445
3280
367
394
489
1071
971
494
41
3010
1063
2878
119
624
1598
1101
944
237
751
1593
155
367
566
1430
445
298
406
989
64
1356
110
2199
406
2370
817
1396
2222
889
3042
3583
17
1570
2511
3011
616
26
1228
1461
531
1655
690
920
2444
3117
201
2494
1136
820
1305
2974
3117
3289
93
2241
381
894
225
99
44
1223
1654
4185
1506
1946
592
468
225
725
821
3643
1510
88
94
6126
230
70
682
191
148
566
629
607
874
248
530
411
283
767
1024
377
1051
516
1
469
3812
72
149
1382
710
977
47
4044
2656
206
320
517
717
59
597
516
5501
157
137
409
2228
620
84
645
1449
1102
2230
62
773
325
365
2880
1267
1068
1794
785
1775
135
3004
228
1024
475
813
389
991
1916
84
766
987
856
1427
4342
153
642
2285
1707
637
27
3085
486
566
322
777
80
437
489
130
226
240
47
233
1426
127
361
353
127
1789
2248
839
4
747
3336
171
323
117
749
2388
644
69
916
1034
1441
326
447
1382
637
2329
1925
225
2
1133
546
853
87
582
2027
1824
2292
1516
745
117
1164
335
1079
46
330
37
142
651
2417
672
2898
141
2105
62
412
1331
47
969
121
694
101
1270
619
372
1558
9
266
125
1632
6129
94
446
1018
350
491
369
775
365
1094
47
1300
1481
103
554
1651
376
26
169
1926
254
2035
1330
881
2019
382
3789
646
18
1370
223
60
12
460
33
3273
1562
280
168
2160
801
125
1397
533
648
2251
851
272
902
231
2535
866
105
1078
847
542
695
112
1056
437
1829
366
648
847
1480
554
107
49
1997
716
141
1238
24
129
897
941
1283
1291
427
863
834
1119
365
1123
2176
1046
4040
351
4750
388
614
850
608
1595
181
731
803
2049
745
3361
866
774
980
1384
233
190
161
221
1197
264
4671
38
4535
1082
838
905
66
3513
1577
2362
3262
2212
491
4780
53
121
3098
354
24
1135
614
152
178
1033
146
1020
1803
595
471
764
1719
89
789
1583
1077
561
339
269
466
622
2134
328
578
182
3205
1582
589
36
67
642
171
2198
1340
1831
2262
824
2013
515
2694
2053
358
624
334
1473
737
642
851
182
131
204
34
237
670
323
681
3509
890
386
202
2087
3967
602
1170
1232
621
109
1206
1486
1932
558
170
1556
1824
308
443
672
416
300
2103
550
828
506
269
3129
4447
219
29
17
35
3930
81
1563
240
60
32
144
2919
387
74
657
60
2024
506
1084
558
391
156
2622
1696
1406
2030
662
30
560
1016
150
287
296
422
938
1320
626
2212
1261
1183
94
2206
587
118
61
3090
315
629
541
801
110
966
1398
626
2352
3223
1723
1159
361
68
253
1897
478
251
1598
2417
4244
349
3182
100
166
614
1449
751
299
918
470
183
606
837
1083
342
526
602
191
213
209
51
3246
1115
460
1391
1070
506
172
208
289
282
286
2937
3251
630
174
387
668
453
353
2440
885
379
55
348
597
927
2795
872
492
271
35
39
677
744
749
2349
404
166
267
2036
205
573
1400
1358
2344
1016
187
835
747
269
154
233
470
595
1955
888
37
557
466
689
1500
2639
135
1577
916
800
2309
432
98
55
970
54
153
1615
150
376
245
163
359
65
1736
559
174
640
444
49
1957
272
1848
1696
4090
5754
2376
721
640
1253
280
1080
2080
918
168
3866
819
163
245
448
207
327
492
677
935
486
2176
858
373
1423
348
589
404
318
221
845
394
1753
4713
1200
901
572
1152
924
36
1324
196
1333
1124
1215
53
1968
1270
65
159
1010
1200
579
2108
1261
128
373
700
858
271
52
3349
167
469
844
1444
4709
1570
707
859
432
1153
96
879
874
2446
606
577
1121
362
379
2175
1671
216
2696
588
2579
1009
2111
169
1296
735
1861
27
203
1526
1921
1397
1633
2363
1474
133
1175
259
1353
1466
898
407
2018
1955
1082
279
359
195
239
609
601
1508
1576
515
382
386
2321
1670
2198
276
305
1089
454
1625
510
4192
15
122
566
1228
836
2541
426
60
1546
673
471
409
346
489
661
1019
1176
164
1345
802
1176
141
128
424
592
302
393
687
1432
2955
731
606
134
2008
807
125
582
2317
646
449
1172
1919
1745
2799
3116
249
2926
8105
463
173
698
5
2243
958
1744
2937
874
1030
412
201
1479
630
1370
907
1897
2295
1266
1821
2248
96
1484
4807
544
646
590
364
483
242
180
1207
28
90
233
321
1376
59
1579
299
0
562
348
975
845
621
2274
318
953
2707
95
397
283
1140
284
3378
418
1544
150
609
1187
34
1509
583
169
1806
820
269
343
842
1533
58
2081
321
202
55
2743
133
835
1294
1819
1671
137
1915
391
2067
468
731
2012
771
83
100
1243
2047
1258
1329
2661
1682
1291
1249
1358
1440
582
1122
424
9
487
272
477
693
1103
513
274
149
24
27
1270
286
218
4128
906
857
431
832
1631
1665
923
1132
2750
974
923
221
497
