4514
114
999
703
1888
344
329
1285
2662
986
1978
1194
1091
458
1077
63
1484
906
416
2818
799
485
234
1509
166
1222
1507
324
1513
76
797
20
803
816
95
207
489
498
113
2839
1795
3077
1655
411
525
1075
345
1091
80
2499
384
1147
657
1108
1121
185
1011
1043
1339
3877
114
3639
1449
349
2874
385
691
2221
471
678
742
98
2097
750
681
491
110
2303
620
545
948
114
2101
167
1091
533
995
370
329
1271
1344
604
2228
1699
1002
269
280
2274
2605
850
680
573
609
206
1904
761
36
100
464
874
279
63
484
136
662
637
393
139
792
892
2551
214
1275
1780
745
705
884
2303
137
488
515
13
2144
1531
1
398
1824
808
301
267
18
568
261
60
776
23
200
1059
1425
615
68
309
1468
709
28
1388
94
159
15
375
896
267
324
389
1057
78
1243
2409
751
2870
155
107
1291
21
1108
120
317
2819
1146
2308
858
225
251
167
247
1436
7
643
1828
1104
2197
3338
9
328
739
1014
509
1831
710
625
3673
1505
57
583
2198
168
658
1415
1275
139
511
2821
2436
2764
4438
585
733
852
1762
2952
310
3615
388
1085
2130
1286
320
3473
1686
531
386
491
899
558
2488
301
2471
223
3248
687
1544
562
74
564
2904
2445
45
342
187
860
453
517
514
1876
441
861
723
112
890
359
2728
1247
88
202
357
5
1056
3066
297
1746
70
445
1023
1239
248
419
826
1262
1657
719
102
1491
22
393
761
1620
2462
899
1292
227
8
2973
1483
1944
1409
2634
377
1096
1004
292
1145
1513
62
1559
972
1319
165
1241
1579
1132
938
178
401
252
288
73
1554
1612
372
1089
88
1694
620
1547
380
3168
254
131
229
136
233
81
2103
14
72
578
421
1040
326
2044
2066
2577
2183
1630
580
2
171
598
108
1396
616
324
703
256
1123
1424
1181
1541
1447
932
729
8179
1309
1100
1287
178
508
669
698
123
673
2572
153
1591
669
1089
658
417
2366
975
1658
1063
2770
2968
2844
2273
372
475
3647
986
167
796
93
47
129
39
32
239
1050
315
1125
33
440
33
562
436
190
500
416
1737
628
498
972
402
1354
30
1960
1035
817
1438
122
111
969
831
129
50
86
8
1394
4565
385
1092
3187
442
359
496
1692
1337
554
313
67
82
357
1146
1247
97
730
437
54
123
1070
501
668
3691
1922
691
1280
170
49
2145
1415
242
508
199
1769
681
1043
1001
1461
556
325
75
2227
1419
1630
16
134
117
269
2083
1163
362
422
546
2165
465
235
1018
1289
1714
1907
3226
1930
553
1326
773
2632
301
102
563
11
732
721
1256
93
287
6
1290
419
666
794
3828
124
1150
192
848
184
2295
146
747
5574
12
222
24
1198
2170
145
685
2
516
2414
1617
186
2851
1298
485
1447
903
131
112
1962
419
443
1201
143
133
49
760
554
73
969
275
1474
2200
323
3889
405
6307
850
440
32
223
117
617
80
1125
127
131
735
1342
317
70
899
934
389
48
2174
2151
18
2253
300
6082
1668
412
20
637
446
587
2391
1277
561
110
369
101
708
947
51
501
580
7525
1101
350
528
392
630
956
725
443
1483
2681
2130
1918
113
117
1556
1215
537
413
857
146
629
2693
747
1122
1888
487
607
2168
627
1361
1769
347
1851
2276
1898
4496
196
511
45
1869
1883
1923
3711
525
1533
2705
0
219
101
761
556
1404
766
1785
1770
1532
330
2029
517
168
49
734
1690
2846
393
705
2290
2870
4605
66
480
387
8
13
1244
484
586
1669
616
310
680
1284
1197
3458
356
97
93
162
1464
1023
135
1029
168
786
501
193
442
368
1957
212
569
22
2731
477
93
4071
502
1502
829
562
2424
460
1391
1106
294
83
855
251
87
1875
1937
1473
42
1445
685
74
240
101
29
17
277
1526
641
970
590
358
92
546
63
2099
1747
311
790
411
234
2331
3052
161
94
1585
123
2119
235
1955
315
271
680
665
81
41
2900
1084
891
897
510
947
1821
2206
2003
442
2393
380
658
2637
5517
850
615
306
295
506
65
449
708
177
330
217
740
43
20
224
3733
2235
1191
18
1248
756
725
219
1563
41
359
2578
2069
201
1469
1941
1974
938
246
354
1526
1662
50
362
1274
97
458
2678
534
1906
65
1075
234
753
277
2605
1603
36
137
25
1603
1097
608
319
370
1954
135
789
117
1910
209
151
392
254
75
505
1293
690
3029
3088
902
1488
6
1720
45
911
2289
354
2010
892
1735
1009
10
144
438
53
2
627
43
933
838
545
35
12
470
616
1426
635
25
446
1757
327
2304
430
622
4504
752
1561
1402
1292
1334
368
733
1776
5292
928
1388
124
2152
34
491
1401
2234
2931
68
1095
2214
201
626
3065
1008
1977
444
1021
660
1237
3186
2814
3571
1061
2037
2059
627
404
593
611
350
102
5672
1093
44
1336
904
157
197
1488
1184
574
2485
142
1118
1168
572
1428
604
806
1548
66
116
5038
35
807
547
48
1574
403
574
1605
173
3
2545
318
238
218
1438
169
88
21
335
115
118
128
65
191
2094
814
1921
2148
109
322
209
4806
188
632
695
2009
707
63
3019
682
289
108
7
127
84
1238
49
187
1091
137
280
1140
191
394
591
251
3218
722
1795
805
2613
2416
180
1257
261
1501
649
336
1028
1312
712
225
116
311
948
2539
441
735
306
270
183
2116
9
907
454
411
1265
2352
433
1643
86
12
195
308
502
180
3752
86
1017
356
1170
2077
63
778
193
1064
888
778
741
101
326
2220
240
401
967
555
164
121
1734
132
279
491
1997
566
253
