13
261
8
196
17
83
61
11
9
137
66
25
42
1
170
290
30
37
3
91
119
212
123
184
98
18
59
126
7
278
13
164
60
275
32
55
29
4
57
7
76
1
23
135
4
1
7
119
5
6
114
60
240
82
291
146
69
37
1
65
155
166
53
1
3
51
59
32
1
41
6
145
34
9
3
157
127
93
182
8
89
9
101
7
9
175
1
37
150
12
34
47
2
34
52
24
59
78
47
78
20
11
283
14
254
8
1
191
4
3
101
54
67
1
107
197
118
60
3
48
56
2
10
36
14
249
1
15
3
2
5
59
263
80
5
1
150
10
7
26
136
13
15
168
23
6
219
5
78
8
60
28
44
24
1
291
71
3
155
58
3
149
118
18
281
24
68
2
46
27
157
9
9
10
67
56
96
1
3
1
6
34
36
197
80
287
73
18
1
5
23
4
141
11
9
46
163
41
289
1
4
18
4
89
6
149
2
285
36
38
39
14
40
51
1
81
24
12
15
38
5
1
175
1
1
12
27
223
13
75
83
228
8
90
1
2
95
1
205
34
64
1
285
3
28
2
24
114
128
69
1
185
173
55
25
222
21
4
52
184
7
151
55
23
273
30
282
8
159
60
2
33
51
62
73
66
25
14
151
11
9
25
89
187
55
111
1
18
1
20
151
2
1
216
245
12
218
23
124
74
96
20
127
29
10
48
7
2
3
10
41
7
64
134
241
4
237
62
2
298
1
177
1
52
6
3
4
2
85
16
64
40
95
186
35
47
8
1
182
4
3
11
155
22
59
152
121
1
39
74
15
232
53
109
148
249
203
234
6
292
6
14
50
12
51
245
2
78
1
245
86
104
3
295
21
14
136
128
178
28
165
120
35
139
11
86
105
82
43
31
165
12
153
5
30
13
187
13
257
7
11
1
2
3
1
1
145
116
7
2
26
11
222
77
36
2
39
89
43
103
257
243
269
1
13
282
250
72
2
8
19
36
77
5
3
8
218
147
9
2
33
37
28
192
170
73
28
46
257
2
124
17
112
70
5
39
1
2
2
1
13
40
1
22
5
143
10
4
4
12
206
220
9
282
220
43
19
3
35
4
7
5
93
56
176
241
57
86
33
67
121
3
268
2
233
86
55
27
10
12
3
71
31
2
7
5
5
232
245
181
280
23
1
20
59
7
11
10
8
49
17
64
158
26
72
35
94
36
23
174
272
91
5
3
32
99
2
109
2
27
270
223
136
206
62
213
51
25
87
1
127
32
14
25
27
221
299
4
1
15
101
109
26
2
272
2
287
137
144
284
126
3
7
103
72
2
91
2
83
1
83
147
7
22
141
81
12
254
2
11
17
33
5
1
1
2
66
196
113
105
1
56
46
49
46
46
90
1
3
72
54
27
15
17
40
4
4
293
7
12
2
26
48
16
185
37
116
286
241
35
2
3
51
1
31
29
27
185
34
263
190
8
232
65
13
93
3
168
3
47
2
9
5
5
30
240
2
19
3
255
25
55
89
49
27
1
3
139
22
125
144
58
10
171
14
3
4
24
165
145
291
267
18
10
145
24
117
111
12
69
31
180
5
4
2
77
4
2
93
7
4
50
27
61
7
16
84
113
12
231
14
2
247
112
3
69
23
1
188
138
90
2
153
6
38
257
6
32
3
4
252
1
269
69
207
112
202
65
262
1
133
17
169
105
25
114
152
2
10
3
3
43
96
161
24
96
38
31
5
252
36
1
116
12
110
15
125
9
28
44
142
132
55
83
32
64
205
292
42
218
123
37
51
271
64
292
1
41
27
267
73
6
22
7
168
253
104
110
1
14
108
52
31
10
39
56
286
220
51
28
261
2
168
39
15
152
66
135
7
7
6
6
289
170
173
2
103
1
3
12
9
244
10
1
3
4
7
1
1
157
155
160
6
26
7
6
2
8
20
5
140
147
33
51
223
86
195
4
49
41
61
10
11
1
91
11
1
4
79
35
31
1
1
257
11
5
58
49
1
22
28
7
208
121
268
2
300
295
186
14
2
4
179
21
276
2
19
41
78
1
131
3
43
1
2
146
1
30
3
235
32
127
5
5
29
7
1
43
22
18
110
7
139
4
26
121
202
54
1
1
21
3
249
2
69
3
146
164
29
39
2
43
73
1
1
175
48
1
226
5
119
52
4
111
1
12
16
9
10
211
1
1
4
69
24
82
183
298
202
33
1
68
20
1
43
10
73
155
1
1
3
3
29
254
6
57
1
10
12
2
1
130
12
4
50
5
5
48
165
77
1
144
1
111
242
10
23
254
8
182
72
1
96
11
5
1
112
3
51
181
149
52
56
8
52
42
109
1
65
274
141
3
119
197
238
278
133
210
245
4
2
2
162
1
8
47
35
159
20
140
6
35
127
19
186
36
19
4
10
35
208
4
19
29
252
5
292
15
183
6
3
55
20
61
3
