42
73
41
18
7
19
145
1
51
268
3
158
1
165
1
3
1
3
114
3
128
1
296
1
60
22
68
1
263
62
1
36
188
79
43
44
93
215
15
15
35
34
112
8
21
4
276
42
256
103
15
48
27
42
30
91
1
111
6
67
30
105
89
1
36
17
142
71
20
6
27
1
13
59
212
12
277
9
16
172
236
4
45
1
3
42
158
1
3
6
157
231
62
87
277
2
1
6
283
50
275
2
4
34
271
1
1
172
139
2
55
68
225
29
28
101
44
62
23
226
6
53
136
74
239
3
30
162
4
6
44
17
250
1
256
48
1
160
1
108
25
92
102
1
277
157
103
233
17
89
4
8
2
28
25
106
177
16
6
36
32
264
2
44
10
2
188
8
83
14
21
28
12
100
12
39
1
132
138
7
4
20
140
31
3
31
8
10
80
296
11
45
25
4
20
119
131
4
75
19
268
225
10
10
61
113
8
4
1
21
8
6
19
22
3
230
44
36
34
248
11
28
22
59
36
29
145
65
205
104
3
56
4
131
93
68
1
14
33
289
8
100
246
3
3
1
3
2
104
9
55
263
2
56
16
3
43
257
178
5
19
55
234
99
13
288
28
159
27
267
43
19
11
3
160
7
168
1
45
101
165
130
6
283
1
186
66
29
270
12
16
12
10
60
24
51
88
2
5
206
11
30
1
183
1
14
7
44
11
185
140
18
46
10
288
40
82
96
39
162
2
1
43
2
3
6
108
93
3
13
29
6
272
3
3
189
9
71
59
44
105
206
61
8
79
1
9
274
1
2
4
5
73
5
221
40
288
1
1
5
152
6
1
254
4
29
27
17
56
3
300
233
1
81
5
1
116
274
3
2
2
5
1
24
53
1
148
65
130
90
27
5
92
91
20
191
1
66
6
9
291
31
13
53
94
144
9
1
76
2
1
1
13
8
277
2
55
5
14
96
249
23
131
189
1
15
42
58
4
10
26
10
169
5
80
68
59
1
236
14
178
260
23
1
264
4
55
153
113
34
283
31
50
102
125
87
71
27
46
52
1
146
110
148
47
1
14
125
220
1
124
10
183
30
2
15
246
59
155
165
254
6
7
1
31
207
66
3
1
66
7
50
6
29
21
6
119
178
3
138
289
18
102
19
128
156
33
8
25
188
3
117
132
1
13
231
253
3
212
17
19
19
190
45
1
1
163
1
2
2
45
9
3
19
252
3
174
1
8
19
4
32
4
225
47
40
139
1
57
47
14
278
206
17
54
1
1
2
18
3
106
12
10
5
113
12
33
6
172
108
92
4
222
284
84
8
78
41
4
21
2
65
1
7
10
242
20
41
13
293
1
11
132
116
168
7
264
21
121
146
242
67
1
10
74
3
72
9
48
6
13
84
3
10
159
4
2
5
89
78
4
3
175
107
48
9
75
93
199
1
178
91
1
4
4
55
266
157
230
69
5
66
143
233
1
13
3
4
294
3
2
7
4
57
1
28
1
10
1
149
1
10
24
19
255
6
127
15
22
55
2
69
5
52
272
1
23
34
24
3
57
50
161
2
62
2
15
14
228
3
144
45
5
271
191
105
137
2
189
44
86
1
13
269
15
7
39
25
53
249
3
79
12
2
31
6
5
1
12
1
116
12
38
8
51
62
10
16
3
182
46
67
1
299
1
229
4
7
32
44
1
1
22
5
268
4
26
36
253
4
31
2
1
95
1
255
1
22
87
34
50
29
87
260
121
221
94
33
4
184
48
6
200
181
253
117
84
10
113
13
110
110
200
6
91
75
50
132
8
37
112
16
115
243
35
14
3
18
13
5
39
281
1
174
2
10
16
1
186
12
30
48
109
188
5
54
238
28
190
10
20
12
97
257
40
119
1
35
38
35
5
28
83
3
4
4
103
45
13
149
42
9
9
2
220
114
14
2
60
3
1
6
63
110
4
79
3
156
47
90
3
16
139
18
12
24
65
1
16
288
72
1
8
7
3
73
33
90
2
11
285
222
89
2
1
3
242
4
71
58
162
11
171
158
16
74
39
17
43
205
20
32
59
81
1
4
40
44
186
35
253
37
1
224
89
2
65
24
152
2
12
41
3
10
18
168
31
21
10
1
223
7
88
6
263
3
4
1
6
54
40
9
95
12
40
1
224
169
81
8
115
175
62
75
11
1
14
83
2
194
22
147
31
23
16
11
78
27
278
259
59
12
1
2
150
241
151
134
51
42
2
21
192
7
150
8
231
8
79
151
13
49
188
68
226
1
131
1
17
77
20
1
152
4
284
1
209
90
75
282
3
232
1
248
11
23
19
24
130
65
6
127
18
212
26
1
3
141
20
34
1
16
6
2
2
117
240
5
2
126
155
131
53
10
61
10
198
168
1
14
295
2
65
3
47
7
43
20
4
232
43
2
33
230
45
76
7
250
254
3
103
1
3
8
13
