10
25
203
66
16
49
1
183
21
44
35
2
12
149
2
31
3
6
65
202
10
112
76
6
1
22
144
1
201
245
231
34
275
15
89
1
11
12
8
46
21
1
6
4
2
13
199
3
26
6
7
1
16
167
142
14
269
198
177
4
70
17
1
198
9
8
205
39
1
34
153
19
39
10
10
136
34
28
141
4
10
130
141
68
99
16
53
138
2
8
7
3
46
188
143
11
128
16
154
37
9
206
29
38
59
4
50
35
39
45
90
250
4
135
65
237
33
4
25
73
66
14
125
46
83
1
4
40
252
125
22
10
13
2
38
25
1
56
3
74
10
32
73
1
23
32
13
131
115
26
212
1
215
2
224
1
141
47
212
48
28
7
23
27
52
13
1
259
27
227
149
36
23
23
41
36
5
43
232
1
2
263
27
15
245
221
4
3
38
38
4
14
198
65
9
61
31
62
5
73
59
7
19
41
241
21
19
1
1
240
161
76
211
1
145
68
2
126
51
116
55
43
56
6
13
116
21
48
175
51
29
51
25
2
136
27
23
8
112
2
57
1
4
2
9
2
3
90
57
159
21
14
4
9
118
7
33
3
16
5
82
12
23
5
2
126
5
48
40
5
249
46
82
12
294
25
5
34
75
194
1
1
184
160
256
23
1
6
42
14
20
154
145
2
2
48
12
97
48
28
121
247
3
2
21
24
288
192
266
71
2
199
152
1
25
2
141
70
30
251
36
5
15
231
5
11
15
2
46
105
40
17
250
135
97
226
217
1
191
106
166
24
2
6
1
265
2
154
2
56
5
20
200
5
4
267
279
1
190
18
3
19
13
25
13
12
149
5
1
18
32
58
164
197
29
43
112
1
5
220
65
7
231
20
35
16
17
1
30
181
1
215
2
7
224
79
12
212
26
204
36
3
1
25
75
2
1
39
8
12
77
36
6
290
14
201
1
163
204
46
258
10
7
65
214
22
47
107
4
30
2
80
1
30
35
19
31
3
129
127
90
65
283
2
234
275
20
47
21
3
4
1
1
18
21
293
2
9
266
29
2
39
3
231
15
94
83
9
211
44
83
252
50
26
33
126
18
87
124
39
268
42
197
42
79
34
51
1
211
15
9
112
169
3
6
4
2
60
85
33
248
5
227
51
236
59
8
2
46
9
1
23
14
6
232
2
53
62
123
67
34
19
3
2
250
244
2
16
21
65
152
6
129
19
122
41
24
1
107
53
3
2
22
26
3
1
3
3
9
79
43
79
45
39
76
69
14
112
1
128
191
125
63
33
8
29
1
65
6
2
1
220
2
59
9
103
74
156
80
3
1
238
197
39
7
43
239
77
6
245
1
166
1
98
6
44
74
249
19
20
2
37
154
4
124
14
122
6
2
25
3
78
4
177
2
121
2
8
1
3
59
86
292
266
3
126
3
118
172
4
208
252
164
1
10
31
11
4
18
19
3
293
180
21
77
285
42
36
75
27
159
50
1
52
142
214
17
151
13
35
1
2
25
68
2
100
79
75
35
121
84
2
1
60
237
2
90
37
68
9
2
6
131
151
142
69
50
5
1
4
20
35
40
1
277
33
175
19
106
82
213
27
212
7
2
19
81
1
7
215
3
1
41
143
15
1
11
1
124
20
134
23
2
80
192
39
118
14
122
129
6
4
5
51
89
1
28
1
1
286
51
6
37
182
48
120
25
32
8
14
68
147
85
11
233
63
7
101
120
21
2
55
259
1
1
43
109
24
31
32
44
3
2
192
4
2
37
6
73
2
19
157
1
3
66
5
13
107
7
49
5
55
7
19
8
210
59
146
57
7
147
197
65
1
1
1
178
20
2
72
106
1
13
43
87
16
10
173
4
185
193
6
3
2
27
125
3
108
8
60
31
1
14
20
33
5
69
9
3
53
41
4
7
87
96
3
230
18
19
266
35
2
166
33
125
69
70
4
249
111
1
4
230
232
160
8
114
156
296
285
3
1
28
52
44
5
24
9
77
229
17
144
43
23
113
7
9
242
268
3
15
227
1
44
1
95
55
21
1
1
11
58
16
1
67
81
14
19
113
20
199
29
48
152
67
29
2
88
56
299
2
82
120
109
106
7
2
52
15
18
2
5
1
28
147
168
36
38
140
1
22
212
2
50
88
127
12
28
231
1
83
139
5
12
265
1
5
28
102
6
16
3
121
11
140
34
1
90
1
1
146
113
6
62
17
2
3
175
30
45
21
183
1
143
30
120
51
8
34
66
23
72
1
128
64
270
77
44
52
262
266
294
145
37
1
12
6
86
9
1
27
269
8
1
75
134
181
149
215
205
60
189
209
59
125
73
190
12
2
7
12
1
20
12
21
211
61
21
4
37
2
183
29
146
22
1
88
191
2
17
19
194
35
174
56
29
74
216
11
57
84
4
2
8
3
1
2
247
12
10
208
76
2
91
223
