663
496
675
107
371
251
121
884
1129
252
458
1765
118
2331
1918
652
124
193
1037
420
2471
1699
1055
843
1237
1133
558
19
1229
592
1576
1225
5840
88
1006
249
578
3080
329
231
71
1493
936
500
45
555
272
1998
1410
677
1907
289
782
1996
796
644
1015
595
662
292
678
2178
3001
1749
157
219
206
1367
404
2001
324
256
1443
1024
825
223
181
481
651
110
141
1019
2052
2181
228
94
689
1195
1058
3335
591
84
1
712
312
1411
1430
1600
1895
446
815
2191
1184
60
1503
1085
67
2033
1265
250
2740
2245
1913
118
2485
1524
1020
1085
2706
28
301
462
1630
1674
1911
2820
334
170
123
201
2091
296
264
662
2009
1333
151
2200
2840
4044
93
604
374
1205
1395
1579
3549
179
1160
2031
54
598
931
3532
1610
731
630
537
1423
1771
1144
1146
1187
1511
518
239
1074
123
1762
1052
2805
838
1890
581
1944
1414
3259
185
584
1479
209
349
0
228
1031
2597
753
82
408
441
177
569
940
3558
743
695
1060
1264
126
398
2208
410
2252
110
1426
2178
1743
1080
843
866
1523
14
691
247
2101
1565
924
54
18
242
4905
1133
49
3433
501
3142
1125
1449
39
133
480
1040
658
1134
370
441
284
105
866
2303
193
411
2118
954
1194
447
848
72
878
338
281
279
213
356
737
159
81
534
564
1114
503
425
371
13
280
1614
195
534
2725
436
1341
312
638
327
1566
122
1879
531
1151
439
1035
3985
1084
1039
1280
118
865
150
72
512
1995
993
33
1806
2431
1640
201
863
184
584
409
691
1017
103
105
1159
2712
1984
320
1616
108
758
539
681
205
1265
528
652
985
1234
268
1158
899
391
82
684
546
2544
279
635
186
671
975
2361
123
1931
92
786
2538
195
93
131
91
159
406
403
764
1598
4123
113
51
823
99
934
684
814
2145
1343
1137
3062
223
1879
595
82
370
185
2447
2607
2057
698
3333
347
1982
824
1839
167
11
2857
209
626
203
163
1200
741
989
4
369
1282
1574
84
4533
75
354
2148
225
754
1926
1050
1687
231
209
1256
2496
1106
799
600
575
956
593
473
655
341
4139
370
222
836
436
293
981
120
320
1494
49
4611
833
255
293
1342
1508
2220
2220
357
484
649
192
196
655
301
99
276
435
602
586
2081
652
262
1596
574
1556
516
43
3953
1188
1002
82
248
2443
429
1493
1479
442
93
497
552
13
396
5
1366
1054
762
1316
204
37
875
820
849
1508
4316
678
330
119
192
242
793
1028
745
2854
867
2030
355
302
335
252
462
826
685
645
296
1733
123
708
1075
1391
158
2967
312
576
438
575
517
614
725
33
809
2280
485
1659
282
1513
648
1659
1969
1182
858
221
519
12
3130
391
3245
697
975
2229
98
3169
774
2109
3460
510
752
717
1716
321
2459
102
1617
159
4378
308
729
342
418
2326
627
639
1257
1542
515
1019
658
2584
984
503
97
105
413
359
720
321
351
336
69
244
1785
492
616
1376
9325
663
2104
3554
132
150
384
185
279
2735
35
606
623
118
349
714
1193
904
227
164
95
2119
327
50
2855
115
389
1694
1439
64
3223
532
115
904
4
1228
1407
652
801
398
382
1934
563
981
563
4846
367
819
145
687
761
731
2748
586
1066
1218
2172
1170
132
868
499
1673
860
53
553
37
676
0
2259
1158
7
2105
86
2942
723
1245
778
565
1223
855
1104
108
2494
3484
252
183
167
731
378
3989
143
1055
190
643
570
45
2671
297
1623
141
603
934
1314
945
564
348
391
1566
12
343
1527
265
7081
544
719
115
218
132
694
843
683
347
270
103
334
1279
7
400
782
201
483
267
172
503
374
768
13
3711
1808
614
2246
1506
699
374
1180
122
246
404
766
1662
1924
556
45
145
891
266
91
370
128
613
1086
2404
552
150
20
712
296
969
254
326
1170
1343
1775
175
115
648
485
714
500
540
555
4200
40
688
411
16
467
1379
1628
111
395
635
4205
129
858
516
2784
321
785
249
1738
68
737
274
2931
1276
3616
2162
67
95
2655
6177
793
1845
123
2343
487
112
1365
1040
430
263
209
1663
2738
2829
610
1360
1281
2343
73
161
1079
572
50
915
645
396
791
814
527
292
1536
129
2389
1201
3127
272
247
1830
386
764
1321
8
1257
321
764
533
280
516
393
265
154
423
1128
147
1107
3585
183
1062
637
0
507
106
436
466
1899
329
1304
1098
3763
994
3261
556
1889
3408
0
1448
151
1501
840
892
583
1191
186
854
99
1612
57
906
136
648
868
2696
1089
593
250
285
1513
793
198
561
360
493
1775
352
2727
593
51
753
2568
624
55
498
399
939
648
1203
846
10
870
350
2584
1269
1288
1397
1447
1795
1399
8
3016
68
346
963
357
2572
1869
678
1451
513
420
1306
289
21
887
96
303
973
287
2941
99
35
807
134
129
161
230
2889
801
918
61
283
1491
1346
168
2319
447
52
432
2716
818
2776
490
36
2808
1764
824
295
1229
1068
99
887
997
1385
327
169
213
273
813
512
638
4192
154
295
102
334
304
851
847
1175
479
127
1300
488
711
317
575
45
244
77
1473
654
382
125
1766
2871
739
2456
932
1016
2183
1149
2781
696
878
1950
119
318
788
324
915
2115
517
1209
1121
643
238
183
803
39
345
264
135
968
570
2495
158
475
869
1300
281
23
3089
508
886
397
1825
907
1535
449
299
3567
120
607
451
452
1657
2739
1754
389
107
1598
3178
2794
404
1038
1616
1132
491
986
1698
1402
348
84
669
643
627
1492
