410
268
1690
144
192
1466
679
130
3409
546
1935
1624
2948
1896
581
804
246
519
129
391
975
478
2839
2819
143
998
81
3705
2689
864
930
702
1413
1385
1033
261
153
678
993
170
657
282
616
1186
4
927
622
608
486
410
272
279
2040
2685
26
14
1629
23
4
1347
2322
555
1329
357
1828
1
1006
629
84
305
41
309
328
1
1888
1319
1487
334
1000
152
4138
422
2441
1415
636
1386
68
1398
1105
414
1134
207
4857
3522
925
392
463
955
3481
320
678
32
282
2030
251
242
244
14
341
1242
1215
1000
2586
638
1856
2203
395
100
462
1021
46
120
303
400
171
2561
597
90
2014
1143
859
2779
2517
694
508
98
119
1558
433
744
2484
626
13
2147
778
106
131
1079
79
2302
1687
134
3679
937
1229
112
12
1502
535
757
632
671
5228
732
2316
134
360
236
475
754
1512
162
753
93
903
576
143
1401
127
487
1087
485
1872
1182
3839
784
993
1505
283
1698
1701
2181
366
349
1473
672
1916
2050
2109
46
1042
214
399
654
455
1406
460
930
497
179
946
930
630
660
1806
1323
1319
2032
283
5091
1904
21
848
182
469
346
1433
2510
1501
153
1976
453
642
832
1137
1980
725
121
1516
675
1094
61
133
889
2868
422
327
2193
1688
26
61
1474
288
2587
143
355
2301
3441
1691
876
2219
355
609
1368
896
1530
66
1292
181
178
49
738
182
533
826
1887
2211
104
1168
662
513
1717
1608
229
177
2364
257
249
1189
148
300
891
1942
1378
5197
2224
635
2557
120
750
814
1571
357
150
904
577
1823
657
1669
513
149
766
562
3394
187
317
0
1933
890
1312
371
1052
2519
610
2552
779
184
1940
186
1849
2478
2412
733
442
1508
443
160
139
153
1244
942
826
549
688
697
1373
2816
3508
64
1652
1870
285
1587
1773
190
53
558
1761
401
1485
219
725
197
1033
156
243
414
143
2288
2067
84
2047
187
520
248
1224
2892
2636
1786
366
1213
792
1052
435
299
416
1150
741
1315
230
260
1094
2507
2189
1644
3015
1076
506
312
2301
37
850
3023
190
1116
2595
1078
705
1955
612
1938
117
272
853
694
694
228
350
3599
153
889
424
2228
166
1346
1130
1858
285
274
177
135
143
656
256
551
251
237
447
178
394
1402
315
622
106
1340
662
817
218
177
1182
1024
2181
2338
19
33
1673
559
1453
779
404
136
550
788
141
962
1421
322
1070
39
988
2269
437
634
887
111
767
514
1430
1564
202
2424
2528
1496
878
202
4
63
996
67
700
788
129
335
331
571
135
455
34
1279
546
821
841
296
7
116
3099
1392
2216
541
2211
4522
1151
4898
801
894
484
1197
903
1932
1429
343
1723
563
408
4177
1454
560
956
2296
1629
2297
313
1160
2846
830
1323
576
411
1275
936
217
164
894
974
390
7
467
1853
2517
1472
962
170
1339
1061
1607
1728
200
76
1080
1608
389
736
326
862
1385
6167
162
2985
900
3628
2495
759
2028
101
764
177
541
2177
76
925
198
951
706
300
110
2915
1813
1263
773
513
2290
1022
1395
666
1040
2180
2191
188
1980
756
628
991
1236
647
281
378
2043
470
1305
575
1250
1796
1276
871
1710
372
2044
487
656
983
885
509
1541
2235
381
297
3682
525
943
236
236
561
2634
47
1373
1373
1034
4239
789
359
572
1393
344
302
855
700
1654
282
469
5338
160
1376
396
1830
410
3287
12
49
225
614
1374
1
738
1173
9
663
593
751
1772
442
16
832
868
1681
263
636
221
1412
2944
26
470
1363
391
1419
678
867
432
1005
1372
2088
432
3098
629
1500
857
71
321
1269
1944
1722
808
1499
3924
1622
1511
192
26
231
164
1023
369
1471
126
126
576
485
15
714
714
566
924
28
332
177
824
1012
276
158
1107
2297
651
2481
65
41
160
620
818
212
76
1100
49
665
3191
406
1047
2263
300
818
1240
66
93
33
1097
903
752
35
4944
713
1365
1793
110
565
808
1927
1470
753
325
4797
172
1825
233
1747
1752
891
72
887
4507
170
42
2947
930
225
943
1708
1071
2927
180
386
1396
828
945
2046
2565
2697
824
578
26
1205
382
1828
1266
495
1190
109
2929
54
85
129
419
522
3584
2747
290
1336
47
92
465
1173
909
1048
407
1327
533
320
215
297
1254
355
66
3546
542
815
552
970
774
187
435
760
1395
654
1975
368
1314
3659
763
482
85
630
1238
1233
157
1979
1915
208
371
386
28
2017
583
850
1277
1642
224
1108
207
724
358
127
916
1978
1833
1888
2496
330
474
630
508
177
8
1928
311
2232
1193
203
172
254
20
1052
673
1662
1897
1602
290
1412
909
351
145
336
1889
614
1332
1383
891
79
978
1071
51
2880
1448
199
353
383
2334
493
2107
1498
171
951
276
811
1954
1348
221
751
1774
366
284
345
1845
723
24
1676
206
812
565
492
1433
1540
131
1572
528
1249
43
579
547
954
659
2990
128
12
838
744
2483
229
494
468
454
593
106
76
814
1276
3089
316
600
2529
522
956
737
1194
375
71
128
972
1237
2569
735
1742
31
260
281
221
2081
128
180
1157
1279
553
83
25
327
1007
982
312
230
206
669
2094
1412
530
1444
468
1240
422
1372
484
1991
99
273
304
976
1139
1170
482
5951
976
901
58
493
1807
267
958
1428
2148
4650
1077
198
76
1034
4983
1416
87
3211
857
159
148
582
338
880
82
573
522
973
302
585
781
680
1645
561
121
2863
379
4254
1418
37
1311
720
361
772
740
993
1087
487
299
682
306
1102
77
94
1864
819
151
2097
1481
1182
