28
114
1540
466
3431
1352
562
1037
444
564
696
2271
469
726
1540
798
1927
2333
842
216
370
421
2941
1794
803
139
993
1247
18
3179
2291
695
250
895
1786
1530
197
284
2756
621
657
138
1886
120
3192
1295
232
623
1263
675
4648
201
338
1422
4122
1442
187
369
1110
2411
134
2783
86
204
3076
193
72
1567
688
538
974
2950
638
1161
265
990
114
790
2118
218
1279
91
466
3170
1185
455
456
5214
746
202
1075
5
42
1384
186
159
1097
1262
1305
998
998
318
369
488
229
10
1772
470
2069
146
1802
1799
703
1289
112
28
149
1920
70
160
498
363
1826
847
372
2388
597
1051
858
2246
576
79
25
2290
1729
1679
307
1888
135
27
914
2985
205
2026
1485
515
1372
1225
1146
248
1380
2733
64
1550
487
623
1202
818
1098
557
2345
378
1052
68
68
201
46
202
253
1412
81
135
128
1733
6275
1289
2907
2371
944
69
2839
678
68
2327
861
2430
281
1942
193
449
271
845
543
451
3081
188
385
1151
622
74
196
959
592
1008
107
2638
68
676
399
15
784
1112
1162
176
526
246
405
1241
1017
6679
855
896
779
371
51
144
823
2600
462
271
129
409
342
202
298
1493
623
760
234
1699
1288
244
650
1212
1264
583
6
2642
938
891
618
3481
334
346
1993
597
714
176
1582
2168
677
3103
577
432
769
113
1516
518
116
851
337
1444
1412
226
756
47
12
228
327
960
2826
571
692
2103
50
2123
695
1085
1155
101
1828
339
420
3497
114
1637
1405
672
367
1648
62
2556
30
1689
324
3612
564
1451
84
54
102
488
2461
62
150
892
6
2634
548
9
1521
376
255
296
255
178
241
528
174
1949
917
2279
1848
883
1739
3152
466
174
2535
259
2744
1799
1790
1982
2753
559
902
496
547
441
267
782
320
1086
1833
299
266
330
6586
400
1174
602
1618
762
2872
279
461
193
146
366
2643
52
597
355
410
867
304
1347
39
2930
135
1402
2381
4083
197
3023
352
130
2440
265
375
2568
755
232
449
182
789
500
2474
41
1504
600
1661
553
66
16
581
779
1687
1935
503
2654
130
51
744
2666
676
874
66
202
3732
1774
472
3025
1139
362
1195
594
68
1372
2118
1553
148
625
243
582
3049
490
34
968
795
3302
4
161
126
3154
1309
774
493
605
264
445
225
20
531
991
861
2411
466
1768
106
275
2724
753
2062
1106
1451
621
2985
148
975
1023
478
3145
5810
942
224
520
369
444
662
873
1306
16
1798
1144
1223
131
159
797
200
47
504
553
867
928
483
1298
1168
807
1785
1983
6810
173
2955
87
2049
885
436
2383
2263
673
2803
785
2376
8
371
56
276
3988
2525
99
955
259
532
731
443
1354
606
286
127
3492
1949
570
82
385
773
725
903
311
1219
693
640
116
3009
5099
477
695
141
2309
21
24
37
23
119
235
2081
423
4706
497
4118
298
157
2654
360
199
3590
2397
433
1209
1189
94
785
2721
592
1561
902
280
633
1254
887
1330
568
867
14
659
104
45
7325
169
3575
867
1407
797
984
1120
1821
670
294
26
252
1403
737
1390
238
490
281
441
250
802
2751
592
4699
1140
362
648
39
623
34
300
192
2270
705
1295
3342
1526
576
80
2082
2538
1086
2014
1842
381
1294
1450
384
848
1194
563
585
1471
66
1032
811
808
438
741
765
3849
866
381
75
314
84
178
925
173
815
710
1523
1756
1630
2268
221
250
1888
251
127
677
1547
210
3143
355
875
1704
1105
98
3263
2196
966
237
587
1516
728
102
284
142
51
944
775
56
1396
147
272
566
1342
128
550
1430
58
134
1957
1843
2822
14
1619
1760
279
1036
396
167
521
1254
757
1030
879
401
519
144
228
677
140
450
482
5957
352
122
2318
2545
540
67
2911
23
1363
1568
201
1346
1662
1568
9614
1006
732
1609
820
997
367
571
1349
270
75
1584
1156
1426
660
13
1326
1312
678
365
114
2221
1074
2061
289
474
461
253
465
1232
920
199
1700
3964
745
51
808
982
99
1108
2764
554
191
935
520
239
3169
1085
118
1192
1177
771
489
1089
71
140
1437
1161
1939
916
1860
1363
5802
2341
4320
949
938
512
1011
237
220
1203
758
934
265
1
327
825
416
797
89
1149
332
1446
108
1311
493
142
140
1202
12
766
753
93
2424
0
177
744
5330
395
328
1633
355
213
873
178
3982
929
484
1148
243
208
757
582
577
722
1700
0
1128
363
342
783
6
303
83
773
355
1132
2096
427
483
652
1959
436
1132
605
1745
508
56
692
625
335
506
165
4
1266
143
1666
346
233
1254
1803
1469
2010
254
467
310
1077
752
286
1634
520
1301
599
517
719
483
1447
1100
2029
110
5
543
3099
372
903
245
1915
262
1500
1453
1504
2665
91
217
687
270
62
981
1666
890
1734
11
131
1837
1137
66
5271
216
102
992
938
1390
137
3739
40
453
1085
267
4035
866
442
1547
798
3982
70
476
1205
968
2141
159
2874
2764
309
2084
3716
1584
202
301
1207
2005
1703
2825
1553
335
1132
268
609
2851
24
3425
2932
292
95
485
834
160
1461
2220
162
1722
1812
482
249
1556
2981
696
669
1824
479
555
275
2601
141
1526
3849
3906
2370
3970
238
1347
1071
530
579
720
1504
524
3331
840
2499
727
351
46
368
2659
2171
2412
1486
446
114
1236
37
237
1922
1700
408
93
365
2532
711
1742
1814
540
1760
442
2003
244
57
786
2301
202
1537
1455
1175
428
7
1950
6
76
189
486
994
1239
1182
218
379
1177
727
121
69
498
1199
177
194
447
