7
217
78
28
8
52
20
20
9
4
70
253
76
267
212
282
23
187
1
40
27
276
43
113
80
129
20
2
37
171
9
20
3
13
11
106
24
23
27
1
1
43
136
269
4
3
182
147
200
269
40
23
1
24
101
14
7
1
5
83
4
51
20
4
34
5
4
33
130
5
2
5
39
25
13
2
6
27
296
10
9
154
1
36
60
35
117
29
13
72
2
33
92
168
112
3
41
24
10
12
48
88
8
75
157
11
131
20
17
195
286
4
74
38
7
8
1
40
56
208
18
267
86
2
73
167
2
46
37
20
72
7
15
22
47
84
180
3
2
26
11
2
266
238
1
15
79
1
29
16
181
65
193
288
5
282
28
1
120
8
8
30
47
65
3
33
2
22
114
277
32
7
80
19
3
21
296
224
6
153
246
7
150
68
144
4
296
21
46
57
167
17
98
282
5
70
299
103
159
8
20
7
2
31
16
29
1
269
9
18
6
25
4
1
64
1
263
142
13
20
18
1
264
16
99
7
27
264
7
146
10
234
26
2
122
10
39
1
27
143
197
20
133
39
143
3
295
62
7
72
169
2
134
101
5
220
10
7
36
291
154
1
22
232
174
1
31
147
1
173
25
198
202
152
2
26
22
128
212
3
18
21
86
198
44
20
3
7
297
40
239
2
289
1
7
114
2
2
36
1
15
34
37
1
103
11
36
3
141
239
65
105
182
79
102
43
3
15
191
165
8
10
62
3
2
2
25
208
255
13
1
22
149
154
1
253
9
191
71
10
7
11
42
14
76
1
2
5
55
185
17
46
1
1
1
265
1
5
32
250
270
2
23
2
32
1
179
2
121
33
1
26
128
29
7
27
41
71
6
291
122
183
4
20
122
274
27
39
127
1
34
43
71
33
1
1
11
248
196
128
123
279
10
13
3
116
121
5
39
11
7
5
45
18
36
116
2
128
4
38
138
36
4
1
2
100
15
28
1
48
1
30
38
94
173
157
180
236
34
37
227
3
3
112
19
116
81
2
169
25
7
29
105
9
31
82
127
2
33
14
103
211
221
74
2
249
4
56
23
189
12
21
35
9
5
38
24
6
125
16
3
283
32
2
20
47
27
64
2
10
9
7
6
170
3
10
161
14
169
199
1
7
1
53
91
296
23
3
8
33
149
2
1
217
31
2
1
13
256
47
131
40
6
68
9
38
1
142
124
40
202
116
130
3
254
6
22
2
101
37
150
6
58
4
5
6
4
3
82
24
209
130
12
3
2
6
1
211
85
53
7
2
88
12
20
4
5
10
3
6
203
3
6
1
99
112
1
12
276
179
51
117
152
17
118
30
6
95
33
4
289
40
5
7
286
20
14
6
4
64
34
2
64
48
72
59
35
10
21
197
34
287
137
39
269
56
222
24
81
263
5
281
254
102
123
12
3
19
46
3
50
29
31
30
77
8
13
19
8
11
53
50
3
3
3
83
24
1
2
287
13
199
1
20
8
54
7
93
154
195
21
100
182
18
4
74
127
24
47
286
116
1
2
146
28
6
47
127
125
11
10
117
36
58
9
24
4
93
93
14
52
19
80
39
5
225
2
10
3
10
1
1
41
23
2
18
37
146
13
10
5
1
44
6
15
2
17
77
7
17
24
1
18
17
109
117
103
36
102
1
24
1
188
3
1
2
190
33
135
42
81
42
204
22
2
7
1
1
71
1
1
8
7
31
1
158
5
6
1
38
4
3
171
11
16
38
9
2
15
53
2
83
1
295
4
294
59
13
127
1
2
1
4
205
12
150
23
168
214
52
22
152
256
67
39
58
114
154
1
36
10
13
1
17
21
103
4
10
12
64
161
279
282
5
18
1
71
9
239
13
46
133
4
134
6
45
290
15
51
2
99
14
291
144
21
19
11
7
153
17
52
9
14
74
232
20
56
1
34
4
109
89
1
49
204
165
11
93
49
11
40
22
11
39
126
1
3
26
174
10
48
3
31
37
103
72
59
22
174
35
8
9
50
2
1
1
86
46
223
1
236
2
25
4
86
1
4
259
11
5
281
184
86
69
1
111
179
290
242
238
114
1
238
272
2
259
11
167
87
3
2
1
6
250
1
3
9
281
21
23
50
44
9
5
33
1
201
46
164
57
94
34
94
89
104
19
12
86
4
2
284
2
5
211
245
129
115
1
6
17
40
1
3
3
115
144
114
86
121
51
1
105
18
4
124
2
229
15
238
83
205
5
11
236
71
1
57
19
40
6
2
17
2
58
182
1
9
89
3
169
9
98
217
21
98
155
1
100
195
4
41
1
12
35
2
17
118
85
55
25
85
35
169
3
22
45
68
65
19
3
13
94
22
2
40
4
37
3
144
49
140
21
180
97
5
148
40
2
1
11
42
22
18
1
170
39
120
37
59
10
128
253
1
30
3
2
13
1
10
3
14
100
1
92
29
