82
13
239
85
31
1
12
145
7
88
9
17
18
106
7
21
28
101
73
53
155
247
4
43
22
3
37
16
241
68
12
27
13
19
252
167
24
1
5
20
224
2
8
3
2
20
28
299
256
154
195
36
166
4
93
16
5
164
55
69
64
249
64
3
275
103
128
13
38
2
229
118
282
137
170
136
185
3
36
39
180
5
4
129
272
3
71
4
7
94
89
17
29
9
3
11
112
6
30
139
1
4
157
286
7
63
2
26
4
83
3
18
73
26
112
110
26
256
24
19
25
43
172
178
194
1
2
72
1
1
1
159
45
4
103
222
115
48
35
251
20
3
7
199
59
3
65
117
253
37
1
204
59
18
65
2
49
1
41
249
120
5
238
1
80
2
9
255
1
9
57
50
66
57
130
292
14
44
215
3
89
1
144
78
270
22
73
22
188
37
80
14
217
7
28
237
1
191
1
2
11
100
1
80
151
159
3
14
2
1
195
2
193
25
28
8
72
114
3
89
1
277
3
83
2
1
1
69
169
102
47
2
162
287
185
41
191
52
202
61
183
157
10
1
1
5
31
2
9
279
7
15
9
241
171
78
104
10
88
56
156
34
81
222
127
20
33
53
47
2
128
2
1
247
36
22
121
8
4
8
1
3
13
297
230
17
182
35
16
263
9
27
1
10
171
21
240
24
159
22
30
124
21
3
16
266
6
132
9
24
43
277
11
55
110
256
67
8
218
29
6
6
2
264
71
15
17
25
192
47
10
131
155
3
7
10
241
18
126
4
3
195
9
6
106
2
3
52
42
163
2
38
129
169
43
71
25
71
267
127
9
265
1
2
256
14
53
2
133
13
9
11
4
14
34
1
19
38
39
4
1
102
54
216
66
72
38
83
1
21
3
2
208
5
6
127
99
1
1
48
51
52
30
48
149
2
29
146
183
1
44
31
120
200
1
30
230
95
33
8
110
87
4
22
22
28
11
280
25
165
57
48
235
111
204
50
43
12
251
1
35
12
2
15
9
128
257
29
112
21
56
42
49
3
6
11
42
26
81
41
19
85
69
129
48
9
41
14
181
57
2
6
116
2
201
185
259
117
232
13
6
8
8
194
2
17
228
14
71
1
18
1
174
294
49
2
31
193
51
3
114
43
121
36
102
57
174
2
3
224
1
12
9
3
2
10
181
15
6
9
15
66
10
1
110
85
24
1
1
172
110
51
4
213
1
264
240
30
19
17
27
300
11
5
151
260
21
126
55
10
18
161
66
99
109
94
54
38
31
2
4
16
13
2
255
11
1
39
17
71
257
164
110
64
33
2
82
65
48
12
57
14
5
76
3
122
290
3
182
1
105
21
26
17
1
231
1
2
3
2
119
13
265
6
3
54
13
9
298
128
27
93
146
5
19
214
31
72
85
293
2
74
2
31
1
139
237
10
43
47
28
86
2
2
201
8
12
157
17
79
25
77
1
107
15
12
284
17
15
10
66
3
146
13
281
76
27
10
126
140
12
125
8
14
82
1
26
12
4
73
265
19
1
44
25
25
92
1
4
11
238
7
269
1
59
2
33
6
2
189
128
5
1
186
2
11
225
103
164
119
102
1
92
4
11
156
266
211
1
1
52
6
143
75
195
27
116
23
283
5
170
6
14
18
14
75
9
52
1
45
56
115
202
204
7
42
104
2
240
255
152
28
2
24
14
1
18
103
30
148
3
36
11
265
38
94
42
35
4
19
74
45
29
22
5
2
5
9
197
33
28
8
110
220
58
292
279
1
176
8
51
45
133
5
130
47
4
9
1
121
114
3
11
22
204
244
63
134
3
2
2
210
124
13
240
24
117
179
213
13
15
41
1
8
98
6
17
251
234
157
1
147
1
60
153
87
44
54
122
47
1
104
136
191
13
204
5
203
13
100
123
183
28
2
26
2
256
31
291
222
1
97
239
1
290
40
50
27
213
1
4
38
179
81
125
158
5
26
1
69
110
1
80
16
110
213
6
22
99
135
116
49
6
163
132
184
163
65
1
125
132
176
48
56
18
17
2
48
15
40
1
275
33
22
5
6
113
33
225
2
1
28
17
1
4
161
249
199
130
2
242
132
1
27
156
8
1
88
27
22
140
60
196
12
1
95
10
54
55
5
191
185
1
45
114
1
159
3
45
53
87
24
4
64
103
68
79
272
130
9
92
3
11
3
30
10
3
61
2
7
71
135
163
68
107
3
76
13
54
10
69
14
2
29
89
74
161
143
32
173
211
2
53
37
2
28
12
24
37
3
122
122
104
6
17
2
12
49
78
5
68
130
6
103
4
78
3
2
13
237
262
129
275
19
22
6
21
38
23
1
115
97
123
87
11
101
34
10
55
25
265
16
1
182
141
19
237
10
122
1
5
51
239
74
38
1
3
46
1
80
9
268
122
204
49
10
5
2
292
46
283
46
192
130
29
