5
125
39
91
25
28
52
27
68
34
4
245
3
243
2
9
63
209
98
2
82
186
3
139
26
40
6
125
244
36
163
100
208
55
5
116
24
1
11
91
12
226
7
6
143
49
74
39
115
2
207
92
4
23
45
16
300
2
26
43
64
34
30
116
138
96
9
1
2
42
48
76
215
2
70
6
170
90
1
3
251
1
1
7
7
103
264
11
150
57
92
106
1
32
18
252
3
185
19
1
215
72
278
122
56
111
59
41
55
109
181
29
2
239
4
8
41
150
118
37
43
2
91
34
125
129
1
224
147
43
22
93
13
3
76
181
76
4
25
17
3
227
24
238
30
2
102
3
119
1
190
40
81
2
47
1
3
1
151
4
5
245
102
8
18
14
142
2
14
3
13
56
1
233
40
105
44
42
13
17
290
19
17
50
9
108
12
119
10
289
2
24
2
13
23
29
134
19
3
2
5
13
1
3
30
14
1
69
41
103
34
2
279
82
1
140
3
2
9
34
124
34
281
9
2
6
125
5
7
81
38
162
2
36
291
216
29
170
2
5
11
74
118
2
53
22
24
132
51
113
60
4
14
76
1
44
60
1
3
163
23
10
104
5
3
102
56
285
256
3
3
240
141
63
1
198
273
13
22
3
18
265
34
80
76
21
149
22
206
10
46
124
6
13
9
184
140
68
84
51
3
272
221
5
74
8
3
37
57
14
109
241
71
278
136
9
248
275
102
10
47
3
225
45
36
280
5
254
185
21
9
10
3
20
98
3
8
3
3
4
13
131
13
3
62
196
16
4
176
1
215
5
236
22
9
72
2
257
229
7
135
83
24
19
4
12
193
7
5
75
140
1
4
5
43
116
10
159
101
2
1
1
55
12
24
6
79
71
12
93
4
10
44
137
22
12
117
85
168
11
3
21
294
109
249
205
7
3
4
3
41
75
14
2
148
41
3
6
57
1
1
122
6
5
108
183
4
290
121
1
177
6
220
1
11
5
16
16
9
12
41
140
92
218
61
7
74
15
1
18
2
3
10
42
7
233
1
6
7
67
36
13
77
166
1
11
2
33
17
27
11
50
1
15
48
144
1
241
191
18
49
1
80
68
160
31
1
74
186
5
1
9
33
127
3
45
2
22
146
6
7
1
20
187
74
3
43
55
1
41
84
226
1
66
88
91
2
1
133
37
1
135
15
37
17
36
1
1
57
115
22
9
1
87
20
1
43
5
27
3
2
111
44
2
3
270
7
158
1
1
7
5
218
235
4
221
4
34
11
11
6
180
40
25
64
211
72
19
2
63
137
47
79
160
10
184
76
2
50
5
4
2
200
199
19
171
51
240
225
91
11
31
14
2
1
1
1
226
226
36
90
62
4
144
54
34
2
6
202
28
119
8
37
4
20
1
137
25
44
220
51
3
4
16
75
17
16
97
159
209
17
52
11
20
26
14
9
76
30
1
1
13
84
228
11
2
53
4
39
1
11
11
6
76
1
39
64
155
3
112
163
114
114
5
194
23
179
1
16
21
6
1
10
1
5
33
71
1
13
58
2
3
137
9
48
10
89
194
252
10
91
11
163
274
34
5
8
54
72
2
18
8
21
2
35
8
4
158
1
8
207
106
5
221
2
43
50
61
19
18
3
3
226
11
41
19
153
4
60
5
6
168
36
1
14
1
35
118
197
18
261
200
72
91
1
193
1
33
1
223
4
12
1
147
250
53
21
51
138
5
100
143
67
40
10
95
125
2
17
4
3
202
173
9
19
65
28
32
2
101
172
45
40
1
36
1
4
48
3
27
269
186
225
6
4
10
39
5
83
22
274
22
52
128
103
1
67
16
2
265
16
2
2
48
1
11
8
45
231
240
297
10
20
41
230
1
9
39
257
62
57
138
2
114
17
25
9
72
43
32
109
2
11
44
1
66
48
8
73
9
216
2
38
8
92
98
194
5
184
63
251
1
93
40
5
11
16
172
167
26
106
237
1
33
97
4
120
69
75
132
154
182
148
1
1
10
25
12
79
74
255
12
11
68
10
226
68
28
9
167
23
180
2
13
153
4
128
141
15
1
7
146
84
139
9
7
5
95
190
14
137
10
176
14
7
241
4
1
49
3
78
2
4
175
56
2
1
47
51
21
218
35
92
5
6
210
31
3
20
8
254
286
2
217
6
20
1
25
1
3
98
2
2
1
1
232
255
1
30
12
27
8
163
14
4
10
7
2
277
199
8
44
4
110
18
80
9
57
3
142
11
3
4
193
254
83
3
6
24
2
7
4
236
71
122
244
181
44
7
8
223
17
57
299
245
1
47
221
7
59
2
58
5
5
29
32
39
18
14
50
58
24
37
67
1
232
187
26
1
3
153
1
62
218
2
287
1
93
192
4
16
40
51
29
45
15
42
9
75
1
78
69
3
58
184
1
234
162
90
95
170
2
5
293
39
