143
555
214
104
1307
852
275
309
5705
673
2261
543
280
493
2704
1434
1940
333
461
369
254
453
549
1063
119
1028
63
1835
803
1550
835
1135
26
882
2105
2087
1073
1353
61
1034
2865
81
395
377
955
2416
1272
2491
271
314
330
1737
2818
236
1213
599
1609
1550
224
108
1816
953
2833
317
623
565
2110
16
1030
792
1694
1609
1092
1168
2227
163
719
417
25
67
1382
1829
663
1039
975
558
761
255
770
1271
126
398
1936
1004
370
2487
60
231
360
269
1090
84
35
1257
43
753
909
405
2562
29
422
185
1409
689
106
467
6683
295
203
30
104
1470
1084
321
1145
499
241
1287
1524
1296
67
590
847
1708
189
569
259
80
1348
112
1139
775
795
1801
2756
2762
263
296
737
1543
88
401
547
252
17
124
1808
1094
440
445
125
34
486
3128
610
461
125
1251
189
207
1825
122
1147
512
1076
625
1590
58
30
712
335
2673
1486
1060
38
206
148
582
481
174
559
741
484
2788
65
1243
2416
152
358
388
564
56
836
1237
917
238
1381
1485
1509
1940
376
1529
1450
327
114
667
2283
112
1666
2101
1583
8
1360
727
200
1601
264
5
2266
683
277
2218
372
2332
726
447
124
193
43
298
1517
1553
158
1261
598
1437
319
636
222
788
32
161
235
43
179
2291
50
2241
54
554
850
1250
291
639
795
1660
222
259
1033
1972
682
1567
822
2117
1059
600
1843
228
972
211
766
1
1740
277
513
1522
1361
201
277
1531
65
947
2351
852
2493
554
1833
274
343
1059
4421
4947
60
684
1281
1846
538
855
702
20
951
120
258
2122
1984
134
1070
318
1573
3043
412
248
120
508
1610
4520
546
495
57
312
21
5244
310
11
1435
2764
72
555
284
2563
2310
637
86
436
152
1542
568
1598
66
2507
0
285
3010
600
661
1000
1300
742
6241
1272
2453
740
715
4114
252
93
941
157
1133
1213
1321
1509
680
2739
537
4556
1684
720
53
1617
118
92
256
26
349
3200
154
644
939
2044
204
554
3579
40
695
256
649
1933
600
284
310
118
550
61
1811
1031
474
2232
152
134
944
382
24
2231
3866
547
310
121
689
196
444
608
282
655
2735
188
4087
738
939
2339
206
647
691
342
878
1124
572
11
66
474
369
856
1480
910
32
629
2399
950
299
2999
1442
1248
33
433
167
787
604
992
1494
770
569
91
648
634
654
856
1608
2213
833
545
2289
2485
1152
4205
226
2657
419
1045
857
378
300
241
853
1821
155
1360
184
854
1187
1391
92
29
717
1507
449
359
529
576
120
565
2818
216
369
979
2289
2750
509
583
299
163
583
494
1793
31
388
43
3899
1471
3521
224
985
450
1115
964
2297
1664
774
1205
4533
1425
1527
1587
1802
2342
468
720
350
2502
1419
4315
1263
295
966
2749
3061
44
424
315
3870
4290
2496
861
514
87
1188
3691
1095
2344
300
309
1168
533
1066
14
206
293
243
1200
1383
896
118
514
650
2985
5170
180
1181
3040
732
3742
1851
743
1793
2356
52
525
6
2560
935
569
3042
903
1056
940
3102
1641
1415
1092
530
1595
548
2331
1247
475
505
769
833
1934
76
78
203
2934
281
1596
23
4165
2505
864
1875
550
1183
977
331
180
2146
2203
2335
1702
1330
1238
236
62
1700
515
836
1950
526
415
327
490
843
255
2256
1557
1138
38
195
1005
455
75
693
715
585
112
2254
98
679
869
2098
163
164
1767
481
178
73
2055
918
1985
767
884
1170
1147
1453
1549
364
461
1299
240
923
822
2471
152
664
4853
1486
284
1401
588
597
895
135
955
78
29
237
289
2039
359
2143
2282
932
1434
598
848
1346
634
1020
1798
243
550
267
1141
125
1865
790
97
47
635
779
98
38
190
422
839
907
257
123
1099
71
139
516
861
1477
464
1897
30
206
1350
2487
467
1766
203
771
3719
2046
560
275
767
1153
59
1153
124
187
7
945
658
5154
84
4102
314
687
794
983
353
1084
459
393
1358
403
764
1276
454
1162
1075
141
2556
44
208
6374
538
569
685
30
412
469
494
500
2123
1569
9
114
139
1280
766
15
277
214
25
203
106
1450
801
1135
361
289
4506
118
708
650
2981
1294
707
110
117
183
887
1075
155
1294
908
423
532
137
618
781
923
725
468
192
1609
257
269
89
639
232
730
500
723
1228
2702
573
50
1188
1487
1238
4629
897
634
2978
2168
59
692
2366
870
10
985
839
167
1180
1823
105
693
702
570
639
2415
923
760
2374
291
27
1439
442
934
349
2432
407
96
142
1306
1856
948
634
4295
490
333
74
800
159
76
1914
1388
34
851
181
3740
244
1050
1406
260
503
1601
1710
2504
136
673
84
298
179
706
2163
933
509
308
1512
1600
267
525
177
21
880
1526
2581
1354
3170
562
924
1118
86
193
132
84
2426
2032
1625
1440
628
1823
783
1618
718
337
451
2966
1644
602
2015
641
257
1297
303
274
154
30
382
982
2679
1007
287
127
1030
1032
2040
153
57
498
585
3008
1173
163
1765
2333
911
189
1025
4
405
1015
0
1500
1435
910
244
178
1622
937
520
516
2845
190
287
1430
606
1375
1803
10
533
422
171
499
277
2587
1701
3763
129
697
90
1037
55
1772
72
108
219
1126
366
99
2084
413
92
3694
205
644
543
284
35
2627
901
1536
576
1318
6699
3
778
581
1186
950
300
82
192
746
84
1599
1488
593
679
613
2135
1530
1145
415
185
992
2126
1965
356
85
423
1533
2848
264
65
2512
221
74
968
384
624
2952
2887
158
255
1007
77
913
819
