69
930
39
88
62
933
1457
841
162
1085
27
472
540
2934
512
94
332
69
3601
3376
1126
1777
709
1847
5158
1121
806
77
1220
2249
1472
917
1176
3982
244
1065
2786
788
119
926
3413
461
974
247
144
1564
1171
351
338
1092
98
1040
1021
1073
3633
707
823
1598
292
2413
3503
345
523
1128
2478
987
1197
657
7476
4821
353
281
2509
220
2520
626
154
301
357
108
612
2609
2071
6202
394
754
257
362
1651
96
2662
1896
1016
384
786
4
640
1513
374
3141
271
357
39
310
499
3833
1741
1937
321
204
1195
999
4584
48
309
2951
1250
528
2882
102
2831
2895
395
1989
219
500
149
671
3740
2934
474
3885
12
1319
1328
251
99
389
910
3200
1557
315
1004
203
409
1125
1432
333
935
3506
857
251
722
2411
3967
482
331
236
80
76
80
1506
1561
1287
2
2180
557
1727
3794
346
223
1264
196
1385
753
5279
514
399
175
529
2556
583
2085
495
501
1041
140
271
975
961
133
484
1833
4244
672
117
920
1637
105
178
1949
1967
40
874
1280
1603
1991
2113
582
401
2457
1074
1643
1909
905
322
482
589
3497
1101
97
47
398
924
882
155
459
419
315
1599
1656
1100
770
258
45
1324
1874
67
1379
790
877
775
427
501
242
32
45
782
665
215
1832
807
550
46
2489
213
19
480
459
2082
622
1041
700
676
430
25
1074
406
34
308
3081
213
706
186
1731
1909
768
183
102
707
264
1586
289
483
352
110
589
757
451
258
405
249
1726
1118
879
1290
994
2314
756
129
1274
4386
854
170
4819
537
318
726
436
2278
496
364
73
138
178
1622
1062
3090
1871
1889
462
1849
485
369
1553
593
806
1033
2485
1507
474
120
387
1427
1907
205
1930
1687
43
4680
40
114
53
751
580
142
516
1304
809
1647
1165
90
421
482
565
613
598
611
1121
35
323
501
641
701
276
320
539
288
103
111
78
778
1329
189
1085
3130
1544
489
1160
2073
395
632
410
246
1194
3226
1977
393
293
335
232
336
566
245
932
171
64
1153
387
1523
14
952
762
145
774
1135
2953
495
1141
950
806
1305
1154
645
1304
537
413
896
2925
285
184
1060
385
1699
1314
106
904
473
1485
688
2736
1129
1045
2591
1725
840
248
476
1662
91
231
956
650
132
756
1011
790
603
53
162
870
4372
161
145
2954
1452
1590
187
1150
278
293
500
1159
1317
179
1410
267
743
534
67
1581
481
617
936
111
666
1193
666
26
88
5180
1638
287
1019
840
1267
2936
340
540
828
907
600
913
634
869
315
1538
677
943
535
2074
948
39
2748
872
695
452
287
618
1094
2893
361
1013
435
395
699
1311
298
548
457
1384
993
374
4
964
748
415
1200
1546
1028
601
224
2885
711
347
2142
717
147
855
132
1216
136
1084
1489
146
916
268
2109
1673
1288
989
336
100
296
379
129
261
903
49
1020
998
1079
1195
712
855
652
346
1024
16
304
158
317
865
361
330
292
542
1471
613
453
91
606
3177
656
73
1400
747
208
1178
532
1390
1723
873
35
554
2954
1716
2577
908
710
778
2513
622
1093
1871
699
509
2078
490
41
1336
4
834
204
1474
66
2052
1390
78
373
76
1423
167
1740
1392
2149
701
3084
14
1570
3874
954
886
2663
129
4063
95
1564
449
122
319
44
474
181
419
723
809
1726
807
3620
873
248
68
5455
276
693
375
98
1520
366
127
894
235
9
734
694
81
182
197
213
85
325
224
433
533
889
370
731
534
235
348
463
1126
1101
199
548
1013
192
37
485
465
2526
3623
175
1278
74
598
131
1928
259
537
971
670
197
83
75
2479
1791
2490
16
1648
157
142
282
61
885
438
9
1195
1401
3465
538
644
1774
605
2196
430
246
1924
1443
374
898
1186
262
110
2144
1220
422
339
1715
1243
162
1003
440
8
503
1794
678
429
1756
500
705
128
2363
69
217
45
549
670
61
2234
40
1131
2320
597
307
710
767
933
1108
569
442
1139
141
2268
2706
2603
2122
2080
2444
1503
115
2394
589
1843
403
1085
1719
221
358
457
1380
2312
399
348
2056
985
2092
850
1533
31
535
374
997
784
1706
4258
1509
469
1911
752
126
361
810
361
730
886
1995
1110
1939
163
1289
693
2605
329
383
368
3209
915
1227
1337
529
1096
2408
448
103
944
1648
6716
235
778
165
2207
1375
1254
1077
125
496
1095
1839
596
270
737
249
1038
218
376
1035
137
466
811
365
30
1177
1043
584
933
1317
434
146
47
1036
2110
586
1095
672
680
482
165
3309
1185
1476
232
1717
158
1238
620
183
2080
953
1815
711
137
2197
481
537
806
870
90
1773
2664
87
188
36
129
3502
141
807
977
587
543
1097
545
435
248
3290
1048
482
3785
3037
282
533
865
648
758
484
222
2273
599
1099
2474
66
1971
214
1559
1205
8
358
6603
449
25
847
381
89
854
1703
270
1
3224
351
203
657
702
392
1172
793
749
320
188
954
1276
680
1088
386
3445
1862
181
4011
1185
80
542
270
667
279
675
299
232
1192
961
929
2184
1349
326
2014
339
408
251
1284
199
141
701
1946
169
2013
159
137
818
493
761
499
215
961
224
1838
439
194
3375
966
2280
37
288
1047
493
117
728
739
1937
583
911
431
1523
1164
482
1624
292
59
2293
286
320
1362
1104
531
470
165
1693
1185
1619
1445
93
1296
1965
87
590
4252
212
2884
626
638
200
78
1010
673
506
301
1337
668
171
159
113
258
4617
3415
579
2623
590
241
4
1135
491
1433
2785
510
837
82
194
