310
2176
331
1211
851
953
1419
6
1682
2882
1511
27
1309
127
94
333
1
716
529
746
1860
41
1339
177
1494
1279
12
616
879
20
1812
117
597
699
1460
440
677
930
249
2766
168
465
111
981
518
1030
895
98
115
56
2390
3801
1056
692
516
2264
19
1350
2211
713
454
235
43
1017
80
2412
31
1178
1454
1059
5
2104
488
467
89
382
101
227
115
256
228
234
1042
244
156
1377
141
3991
730
4541
1609
437
23
1453
335
232
705
2028
527
646
658
1296
159
3044
143
550
2664
103
28
1497
381
27
127
511
183
157
1347
404
2680
1825
3148
1730
709
624
1594
3906
2546
1024
451
95
160
434
541
1961
444
1448
169
649
648
49
542
443
1860
1395
888
1902
2917
191
5292
138
1246
2307
549
63
415
1063
5051
204
206
1074
2251
350
3392
822
118
2248
328
201
418
683
4501
88
1362
607
2240
2029
1610
685
750
1131
36
393
1008
734
292
2169
2164
6
851
159
1088
694
1251
102
1164
610
1581
102
46
1221
1279
1003
644
274
231
1925
2043
816
2935
4365
761
1514
641
74
836
560
252
459
1196
3862
1396
121
740
318
988
248
120
1850
39
4983
269
1918
245
254
72
2140
830
83
791
1760
2181
414
1136
1497
35
1218
542
431
220
1765
1367
170
1805
360
376
1271
1248
413
1067
2249
1851
67
731
3234
3816
1460
408
621
175
582
748
1070
1838
3055
235
2098
305
376
2155
1
3588
1042
597
3547
1956
964
133
563
281
133
456
683
1767
57
114
182
1852
1568
683
3480
851
1690
191
1784
290
392
13
193
857
280
293
1000
428
196
236
673
480
4365
149
786
1272
490
1282
1861
941
1439
145
282
342
1686
272
482
318
803
327
35
1587
565
773
95
792
89
4278
117
138
267
1258
2766
229
205
424
4399
1361
140
1453
650
1361
158
1909
1210
422
1414
1708
2332
1384
854
120
277
172
476
850
2968
1228
1191
1456
303
2001
1407
572
983
458
1629
327
897
263
969
944
434
331
885
289
2471
708
445
27
1451
23
2879
258
96
143
2386
530
1170
58
532
1040
572
214
3706
886
154
55
1638
370
364
81
868
672
5664
90
2743
243
1017
225
590
502
1043
538
366
351
2090
1478
206
1954
31
108
197
1599
946
551
1127
4346
120
1229
824
107
95
1270
1441
456
1648
719
6594
1177
363
139
482
274
189
4228
406
537
1456
4149
1714
2077
2129
164
730
708
743
3141
548
1357
3524
1690
2196
2420
381
495
948
1342
294
421
47
282
79
76
7425
2532
771
128
349
2806
551
284
151
513
111
226
7725
1734
755
380
23
1860
1234
268
162
1288
0
1386
2101
116
1413
807
2785
338
553
970
1728
1669
513
89
179
2008
264
596
1178
4210
242
674
152
630
1111
322
1899
1595
1374
1072
1490
127
809
648
177
260
2978
497
484
2872
243
623
214
1162
258
925
2080
1273
5230
1433
1096
1205
945
795
1472
1610
796
403
3725
2652
384
2447
4367
1309
1032
917
1014
1650
309
2585
311
868
32
555
28
568
119
264
190
1311
41
1598
39
4612
131
551
906
432
2264
198
829
181
55
2723
117
546
776
1252
508
604
681
4546
459
2100
735
173
508
3101
1705
757
686
287
834
859
2316
666
1933
535
1989
783
1554
2621
2050
694
1112
297
1391
689
671
119
14
1911
5
433
601
318
713
401
4226
1108
824
289
94
12
331
380
2393
2717
4550
154
146
143
84
2167
5409
120
50
185
1762
1379
935
454
2727
1183
118
1231
1786
703
1236
474
224
1229
957
180
2837
2556
491
1569
366
395
89
23
913
883
2613
1746
624
218
1026
70
215
168
2172
848
1060
1687
1167
1543
2092
619
928
395
578
2017
938
657
2477
2633
218
272
2593
808
508
4226
1631
1717
547
1738
625
405
160
400
3129
2532
176
267
1162
196
1
256
2433
23
543
1070
701
1274
639
608
1490
2324
747
2119
982
64
2353
26
317
1069
245
771
1183
1545
3020
1542
515
2757
3537
3369
274
1281
1709
223
366
739
1654
410
78
669
3517
260
1405
339
1299
359
48
272
186
88
450
2449
484
2037
56
1042
251
1171
376
235
518
4195
29
114
1466
2812
258
574
1295
1784
584
1142
220
524
43
942
664
216
191
2045
1896
197
4016
36
1017
794
162
690
793
1414
1448
1824
5020
605
664
31
1022
796
857
428
1778
461
1626
780
783
580
591
1243
456
336
276
117
1487
284
285
346
763
1668
167
1530
581
1090
1006
2213
1948
112
556
39
3046
629
740
171
1008
407
224
915
2349
185
814
931
182
228
2042
896
5025
1227
596
949
440
1798
1466
1134
2536
764
3456
140
1189
1788
178
1047
2
479
399
723
393
226
1359
890
1105
297
571
217
641
373
905
23
1475
515
670
311
12
327
1429
274
104
507
31
33
677
2943
1934
70
1577
811
1688
3382
32
1615
4471
1415
300
660
351
213
220
644
572
2390
484
151
690
2797
2146
273
95
5774
768
2455
3741
1435
1948
2289
695
962
1663
3791
2024
1115
164
1990
853
647
567
250
3102
518
178
939
471
686
532
1054
1992
1989
614
968
1119
1202
4826
506
3438
1674
1015
2653
6
2842
953
860
1227
605
1406
839
87
25
1696
973
1146
540
49
214
291
372
831
2593
1148
206
1902
30
922
2114
410
407
2364
1187
482
296
83
1341
3436
3057
127
623
166
1209
170
1775
2786
200
924
2976
18
227
554
787
831
1457
548
1335
539
47
345
257
731
597
269
5732
620
3717
3935
476
2121
3247
633
658
2904
1551
1369
247
173
566
1504
677
160
1242
501
790
