8
71
8
240
20
282
4
2
17
3
4
3
121
1
1
3
9
102
36
83
104
1
45
48
85
175
6
100
9
40
18
2
33
45
144
9
4
1
130
223
172
22
12
16
156
1
82
10
122
125
129
21
33
1
9
94
15
29
25
2
211
1
135
101
9
84
211
31
43
170
203
157
2
19
141
1
105
10
36
256
241
1
32
60
104
4
174
228
9
119
53
74
11
2
71
107
107
193
172
17
68
16
1
9
11
221
205
16
119
3
4
2
96
3
47
6
26
92
171
291
2
105
6
3
38
2
109
65
8
131
3
2
268
40
168
112
1
136
2
36
1
1
120
4
2
164
51
13
93
11
44
26
231
1
173
99
1
162
7
1
29
72
15
53
24
142
27
175
162
1
21
10
43
1
5
283
164
7
167
81
2
95
43
283
135
16
183
4
3
3
226
114
2
179
14
7
217
25
35
8
2
49
126
43
1
12
5
4
145
6
172
63
19
222
5
22
28
15
198
3
5
118
1
31
8
3
17
152
4
39
30
28
151
182
14
160
60
5
1
24
32
3
8
4
3
30
1
14
4
231
2
2
21
13
231
200
3
34
2
44
174
27
299
32
65
27
16
82
2
99
26
29
17
1
262
16
62
13
118
147
153
236
26
78
20
83
6
41
74
70
155
43
197
73
44
6
32
137
75
36
41
18
132
65
46
2
6
110
7
216
20
60
22
153
249
16
27
1
1
6
4
8
8
5
2
32
107
17
7
11
122
1
1
3
76
59
1
190
221
127
126
1
88
14
26
48
53
43
6
161
271
36
37
223
1
1
4
15
227
2
37
21
5
39
42
4
10
6
2
218
4
162
175
5
31
4
131
62
31
98
55
1
6
73
55
25
1
50
52
7
9
23
16
5
41
19
29
3
43
5
36
8
3
278
65
7
1
193
1
215
44
114
1
30
25
1
1
206
1
4
12
130
255
99
14
4
196
3
20
9
269
234
217
39
63
27
278
16
6
219
158
11
2
165
46
2
2
12
33
68
2
9
107
300
1
13
159
54
27
284
110
228
22
4
11
3
25
75
3
3
45
17
232
42
11
3
294
177
195
1
4
1
231
95
248
2
3
12
8
43
6
27
2
13
28
181
20
8
137
2
1
81
64
24
189
40
2
65
1
49
84
1
100
244
60
34
25
3
1
1
300
227
1
95
45
97
1
299
3
4
124
58
209
96
68
198
89
30
97
26
160
6
8
23
1
104
80
1
250
221
1
26
2
250
139
2
22
8
84
16
20
56
63
84
15
62
210
1
79
81
80
25
298
90
66
1
29
6
74
27
24
177
108
58
13
160
1
43
29
1
55
1
1
116
25
192
3
1
48
2
243
267
6
4
1
48
124
218
6
17
103
169
154
3
7
2
237
163
91
262
173
47
118
107
71
182
2
184
24
105
5
6
189
6
83
2
163
7
25
4
6
2
1
4
296
184
2
2
184
1
168
47
1
149
207
6
267
2
112
250
54
19
1
123
4
2
11
9
261
259
4
3
249
132
13
37
4
37
198
6
21
115
8
5
111
1
60
83
5
7
65
1
22
37
257
104
24
21
205
68
1
155
223
178
69
99
21
245
230
2
61
8
187
165
44
3
79
5
53
10
10
36
11
29
7
107
76
231
3
52
3
212
2
103
253
118
12
103
3
35
291
2
55
158
46
116
181
171
5
10
73
39
6
4
6
25
66
14
49
167
147
139
267
53
113
108
38
18
5
297
52
2
281
9
1
170
6
16
2
28
6
14
16
179
1
10
12
1
31
8
1
6
45
25
11
40
7
12
61
162
9
24
176
65
1
50
5
4
31
159
7
9
66
167
61
1
87
195
107
2
20
42
129
3
1
11
3
18
12
11
2
19
30
1
266
3
94
12
15
2
11
6
192
9
4
3
48
96
1
38
50
48
19
297
111
2
9
217
214
23
171
117
4
4
2
188
28
6
184
12
32
273
252
55
68
60
30
252
3
63
245
4
18
2
125
83
9
202
129
170
1
7
8
21
3
74
94
2
14
1
5
23
1
195
1
3
249
1
5
11
171
91
1
26
13
2
66
37
18
1
69
186
18
66
272
103
272
2
1
293
1
91
24
1
1
70
8
2
203
5
111
8
4
8
2
18
134
98
3
7
12
2
7
216
8
5
37
38
26
181
43
8
168
113
62
292
4
52
197
66
79
28
30
168
184
147
16
14
77
2
132
3
38
104
5
280
104
215
250
232
37
170
34
3
7
1
75
221
5
34
57
183
72
119
2
172
64
19
1
90
15
119
1
6
19
5
30
3
6
1
30
9
91
4
106
16
165
168
128
82
27
4
1
1
2
37
51
62
106
19
142
1
2
37
291
60
194
1
111
8
296
56
83
41
91
84
54
191
134
226
251
227
1
10
14
1
178
147
211
3
44
22
160
7
5
