11
4
24
115
113
85
3
43
9
61
14
169
1
44
28
6
1
15
6
188
254
45
75
120
17
95
118
17
31
176
3
249
11
284
18
1
3
41
8
20
19
96
32
164
183
212
25
37
88
111
9
106
11
25
148
60
31
5
178
5
252
1
8
129
39
19
2
2
238
270
7
87
55
147
2
24
56
46
12
2
6
142
1
1
27
104
77
2
117
173
258
46
43
165
225
75
10
22
80
179
1
9
10
44
242
220
56
108
86
174
131
3
2
6
38
109
12
25
38
258
11
80
9
5
14
50
109
212
13
158
1
188
44
24
77
57
6
36
27
2
85
5
18
122
130
19
32
135
3
6
12
15
61
115
236
29
37
3
35
15
6
65
172
1
5
2
299
277
21
19
30
11
42
2
259
4
52
4
283
40
174
154
2
1
16
6
13
10
289
2
7
14
173
2
20
1
144
191
182
5
4
6
58
83
43
14
6
225
19
288
8
15
142
294
116
76
19
1
1
42
1
1
9
33
7
68
254
11
1
160
241
10
267
8
265
105
225
9
145
37
1
197
3
9
18
2
157
8
69
20
225
161
61
29
205
9
19
119
221
203
12
18
98
147
47
74
9
1
25
18
4
208
242
1
215
170
131
16
69
60
2
2
145
4
1
145
13
48
104
43
10
85
25
287
71
182
26
15
1
7
116
1
279
192
77
1
1
147
140
17
40
5
1
96
4
100
37
58
22
8
2
63
7
47
153
2
18
132
94
52
61
40
251
19
17
8
206
44
221
9
122
8
9
4
97
48
37
5
1
245
10
67
74
2
3
237
111
24
25
122
28
23
258
2
87
57
1
1
262
1
213
9
17
2
9
18
1
109
99
122
144
30
3
3
10
271
208
3
4
127
27
3
33
63
83
113
5
8
10
36
6
173
1
171
13
217
4
7
215
143
10
39
88
5
169
15
103
25
20
20
20
2
87
1
90
6
47
240
2
223
19
224
58
4
28
53
16
293
12
112
1
134
4
21
41
111
11
8
5
9
1
165
75
106
5
4
17
15
2
6
101
1
5
263
1
17
1
161
11
259
3
168
76
218
183
53
101
104
10
6
4
52
21
147
69
22
5
5
29
21
94
19
169
118
29
123
58
119
25
9
20
41
51
1
21
209
113
122
36
75
91
37
6
39
8
145
2
123
77
149
51
19
36
20
10
2
108
92
1
128
76
3
1
17
7
89
39
9
209
1
2
7
275
130
18
10
85
91
142
4
295
143
83
116
2
237
103
153
69
188
1
21
181
20
166
30
2
218
3
53
237
37
30
16
1
8
17
9
10
52
266
135
144
1
5
7
41
30
275
198
10
37
266
201
63
1
8
5
7
29
40
78
1
7
10
1
112
8
11
6
1
3
117
15
29
143
116
9
2
4
55
34
33
82
47
1
8
1
35
196
21
163
137
300
6
8
230
57
85
204
58
1
123
1
6
6
272
28
149
65
5
14
9
225
72
8
44
118
42
25
1
1
118
42
200
34
25
17
7
69
82
295
19
144
59
2
22
113
45
172
84
97
22
4
95
5
75
83
37
144
2
24
7
55
84
1
55
16
44
68
2
4
180
22
262
60
1
5
26
164
41
31
14
30
83
210
30
99
56
1
17
7
1
2
76
24
57
93
3
10
1
4
158
56
25
126
194
43
5
129
186
33
46
5
14
2
130
12
89
26
22
74
13
17
16
29
56
7
10
12
19
299
42
65
100
50
95
9
8
28
2
229
129
12
1
8
4
1
16
39
39
85
131
2
21
87
12
10
39
2
22
31
10
116
54
152
1
110
15
132
24
76
133
110
243
40
128
24
51
76
2
44
22
13
5
13
3
39
1
17
4
72
3
110
195
2
19
8
1
65
31
73
6
177
255
5
288
162
228
2
125
27
1
1
28
5
26
85
227
26
133
293
105
9
12
7
17
1
208
147
2
30
3
9
49
143
19
6
218
165
54
66
43
7
87
200
10
42
1
66
5
1
3
18
109
14
13
14
47
1
44
1
34
48
1
12
24
1
39
90
53
274
76
179
153
226
295
41
3
3
45
13
17
113
211
95
25
238
27
17
4
38
139
123
1
116
14
177
121
1
198
3
74
5
231
25
8
139
12
246
108
1
15
1
102
23
117
47
142
8
22
11
2
13
46
25
51
177
71
24
42
136
114
25
104
19
38
108
123
3
258
25
123
212
267
135
4
104
68
40
173
45
208
133
25
106
1
294
61
82
44
13
33
4
12
1
243
295
76
243
102
3
1
5
25
40
5
7
14
165
9
1
118
3
153
76
9
225
6
29
8
46
242
57
38
5
63
23
24
181
44
87
17
1
69
159
181
9
7
257
101
38
2
6
73
66
2
246
6
2
34
114
36
258
8
1
2
165
38
63
1
2
216
3
278
2
25
35
277
1
5
66
58
65
16
