2
173
49
1
5
12
18
8
35
3
2
107
74
98
22
4
23
2
3
1
6
64
2
49
8
250
2
1
81
208
268
2
5
32
39
15
9
235
8
287
6
40
59
182
32
43
22
5
22
12
2
1
8
108
1
106
24
194
1
37
95
207
1
114
10
51
90
32
10
13
115
31
17
153
161
85
164
56
22
88
95
36
48
207
58
21
6
15
25
12
27
227
241
40
8
293
152
20
59
86
10
224
3
9
145
3
5
3
2
241
1
104
1
271
1
12
178
18
80
1
13
9
69
59
116
12
57
188
26
218
128
43
90
6
11
6
3
46
12
12
9
100
24
6
15
217
115
7
35
1
1
67
2
1
8
19
1
60
64
109
12
77
244
42
95
37
9
71
57
179
156
12
1
1
282
71
25
104
3
123
104
3
2
6
279
8
9
263
223
205
41
205
9
9
74
150
51
5
3
1
210
33
1
58
2
1
39
28
1
101
9
199
39
294
86
13
94
160
55
197
33
7
27
19
94
148
9
2
165
149
65
1
65
1
290
116
267
175
6
139
3
97
58
1
241
19
7
31
19
74
62
10
9
115
57
296
8
32
65
1
92
248
7
15
13
4
2
218
1
23
111
3
1
18
66
71
21
15
64
1
37
56
2
87
18
188
10
179
1
77
297
6
173
37
4
33
5
73
40
270
166
3
32
12
3
1
88
54
1
159
127
8
74
22
239
216
7
3
118
212
1
105
6
1
2
135
4
117
2
101
184
12
1
28
9
22
1
36
118
87
131
19
147
48
35
73
9
25
179
15
44
259
1
27
211
11
294
120
168
23
274
7
283
64
1
33
40
4
1
2
82
240
180
24
35
52
295
3
4
13
1
9
20
84
104
243
68
53
124
80
90
1
13
28
294
73
1
44
57
11
36
248
7
70
11
2
1
74
3
115
1
139
82
9
7
58
12
204
203
5
10
29
185
160
6
168
115
1
32
1
4
15
67
5
2
292
2
98
173
6
11
52
271
1
33
78
138
6
4
67
2
1
41
246
2
9
289
15
8
89
1
267
115
1
123
141
148
107
185
134
61
2
34
102
56
54
97
20
2
69
37
41
15
5
1
6
12
103
2
8
180
1
4
1
79
277
155
16
7
1
22
69
33
167
52
24
20
30
2
95
70
64
5
137
226
290
1
1
57
191
2
24
56
243
63
14
24
11
3
200
161
10
119
28
2
2
7
10
1
29
38
1
24
1
53
1
63
33
3
1
1
35
136
33
270
58
2
4
35
1
36
106
96
210
2
84
65
65
1
34
88
11
3
178
4
26
1
276
26
36
10
4
125
17
75
76
128
69
5
1
8
33
5
43
1
113
229
1
128
1
53
137
30
1
12
27
7
2
71
280
11
17
29
8
109
34
67
11
21
24
181
37
18
270
117
5
219
184
245
118
5
155
4
71
35
171
3
5
33
109
62
3
6
5
48
6
36
3
39
45
15
2
15
46
2
4
15
224
247
273
1
9
5
233
117
217
75
195
30
110
139
216
1
7
1
13
294
32
185
67
9
112
21
8
109
1
115
217
245
107
1
46
12
17
20
12
220
29
236
14
1
5
3
155
8
7
22
251
23
1
2
114
13
160
161
34
7
10
117
70
142
77
15
4
121
58
10
176
98
55
223
20
1
12
30
56
2
29
1
176
145
44
25
2
189
3
7
114
59
115
41
263
10
39
125
41
235
2
15
23
3
54
116
16
33
251
81
55
3
223
52
263
219
234
38
13
29
19
183
32
110
10
278
53
1
4
45
19
3
73
57
1
11
58
37
32
16
125
27
11
89
52
77
48
95
18
6
67
3
140
28
234
27
214
13
55
40
242
259
1
7
77
3
169
225
21
83
244
1
3
102
1
6
1
213
12
50
10
271
17
80
9
4
146
195
143
130
22
261
2
162
59
189
5
36
210
7
1
60
32
260
10
32
265
19
4
3
1
17
144
10
42
2
21
164
76
2
91
2
5
247
241
43
91
173
1
70
26
1
103
110
1
85
109
1
11
1
6
1
142
26
15
1
81
32
29
8
204
103
277
21
168
15
7
209
15
152
23
37
1
29
24
1
176
31
107
13
272
250
3
64
10
1
17
8
100
287
1
77
101
102
21
5
89
135
2
23
132
155
17
77
201
58
143
1
116
195
116
57
96
7
19
225
170
198
2
28
4
3
30
1
52
91
52
43
29
160
220
2
17
98
1
1
11
48
2
25
31
79
137
288
8
5
36
106
2
131
15
65
137
10
55
110
44
6
30
5
100
197
8
1
1
209
23
12
1
29
108
52
1
20
1
231
240
44
45
4
276
14
35
7
2
66
10
20
1
18
237
53
9
61
177
38
29
119
16
126
3
4
24
50
27
8
169
11
1
2
113
163
1
15
240
13
9
98
21
26
31
60
7
30
36
156
5
6
