531
221
1447
777
154
287
199
3772
347
156
794
459
76
362
672
121
134
343
4022
412
199
1017
1043
26
227
2
220
37
633
2453
453
394
88
824
423
185
703
1141
686
1347
1675
2071
523
743
1672
568
171
524
1026
1271
870
691
337
2099
169
213
422
1425
2049
526
2446
3147
813
488
3595
152
3021
90
414
2388
1561
1418
843
613
403
394
868
359
2248
9
629
888
53
1524
205
1130
742
2333
110
2292
709
217
1559
2419
214
864
1629
569
297
374
82
710
323
586
116
9
132
535
175
351
218
865
100
50
60
19
1036
2143
829
840
1693
157
1036
541
159
1
432
992
3705
413
641
329
289
839
352
59
550
47
470
1642
492
675
486
3363
3471
545
1344
51
776
944
1222
373
991
194
254
1079
262
446
1160
296
194
52
614
109
966
474
942
505
577
523
375
107
672
24
2562
204
997
2396
981
168
1124
939
61
972
1679
208
61
67
682
162
399
615
728
527
2261
830
752
2328
282
765
1644
272
1315
219
427
10
2740
18
1648
2699
3457
544
2568
888
1583
316
1670
299
383
994
279
557
2418
1233
2420
36
180
268
108
169
1338
210
209
2430
2100
536
430
275
611
1614
855
263
1802
833
648
2711
265
209
424
646
466
102
459
213
2674
596
830
297
2788
2668
1435
1049
404
988
379
418
16
259
606
1930
1807
21
2779
224
1410
104
118
557
1160
46
22
1362
1911
904
16
1142
225
219
318
574
805
1339
1420
1379
558
316
1882
525
70
544
270
910
912
181
1608
617
140
1026
1387
1884
1378
1891
717
1003
19
328
233
439
101
2250
4457
61
189
933
2221
271
4353
533
176
926
264
1026
1533
512
134
3923
1929
806
30
299
775
4273
42
705
694
306
311
1336
235
1090
842
262
1602
1
1873
1294
677
930
183
2429
1256
184
2515
1742
475
125
1421
3826
82
1807
44
1488
3359
1239
1974
361
1879
740
2791
2185
47
946
4215
1989
176
51
580
23
13
3748
1249
184
682
170
765
1652
419
571
591
158
948
622
164
1003
1716
605
412
1024
2326
674
1109
2872
9
1315
86
203
194
377
841
1312
250
28
114
2904
1952
1672
167
65
2138
71
209
2278
211
1336
1373
1423
1031
171
230
567
2388
5104
1509
2508
1032
721
1000
1691
701
748
3772
777
26
218
72
1132
594
780
4342
3852
354
1038
796
2178
1126
1029
334
579
912
518
819
1231
2058
289
385
119
5054
1137
631
1213
441
1659
2882
550
24
1970
1211
32
1678
912
243
333
2095
131
717
219
3210
210
2086
1963
1636
191
975
354
2155
886
352
178
692
2116
110
2121
246
173
509
266
527
2527
774
2709
750
2432
363
3506
2973
225
3137
302
176
3552
575
273
95
445
3314
929
543
332
646
437
463
503
1609
1151
936
412
3341
1233
394
857
1089
11
1301
2434
321
733
1004
1361
286
149
575
597
565
4601
163
214
2031
274
5388
28
3512
1263
1060
958
2730
1274
48
369
262
2216
1360
186
2205
1156
573
922
1595
745
1262
350
1094
898
811
1880
1323
770
48
1906
247
640
342
584
218
301
1888
116
2049
1158
4629
903
1221
770
327
555
4395
571
298
1744
558
326
118
1061
598
585
106
1106
261
911
1259
524
531
1252
1053
1820
331
400
986
277
105
707
237
1679
1639
825
278
54
1578
484
168
2143
1147
815
15
435
202
46
1919
542
622
483
2413
657
82
2625
521
105
2142
1164
952
1091
4454
771
2545
547
527
1065
1060
96
2329
2313
328
1264
3137
2977
1147
1458
2218
1751
119
564
572
150
2758
1913
235
702
1056
223
2245
5
689
1042
480
1572
346
293
101
941
82
492
1155
965
547
686
377
2268
268
2797
778
3773
278
4502
506
678
1349
3530
589
264
203
2514
172
260
609
860
1257
1245
246
1087
803
710
492
2863
663
28
1107
822
1117
393
1223
2393
896
1223
1491
306
1259
288
231
261
169
1919
1223
458
3
864
2387
2507
302
1339
1185
4652
41
1756
930
172
725
4398
134
76
1244
1190
330
150
367
640
941
1193
982
2151
64
1270
172
785
1033
2518
235
1223
292
341
826
613
1012
437
100
2677
1725
3838
149
2254
941
170
692
2846
505
306
250
365
661
853
133
75
24
510
2601
34
26
2861
447
866
308
2657
1163
41
1668
158
128
1486
454
1134
410
40
221
341
494
221
173
1990
23
1409
1185
658
65
2561
421
2938
1002
1327
169
1906
426
245
140
315
170
3002
1551
1844
1902
4294
180
440
131
278
2499
117
1569
866
624
784
141
1220
2886
367
204
943
184
2082
586
1801
78
796
1739
2273
796
1597
658
456
293
644
1708
668
157
1272
273
688
800
1351
623
668
403
1250
10
104
729
395
1060
239
250
1315
127
262
121
933
1399
1070
2109
955
1116
235
500
765
45
663
498
2771
651
1081
230
361
334
146
1672
844
307
352
771
93
1506
1449
62
1691
437
613
124
2036
884
404
637
50
434
100
619
400
1009
427
2683
1797
3147
394
2450
6
2537
1918
2122
84
1167
308
824
138
817
1672
2262
1520
1255
4559
858
84
948
285
209
507
314
273
167
2080
2277
1234
1185
637
1505
592
1848
585
149
997
22
434
1558
695
784
2195
47
106
1358
901
1690
566
202
3411
1109
1834
29
137
151
137
2943
1358
157
2801
155
447
387
2952
439
1046
637
101
3803
1131
1906
360
4864
2039
3738
227
6018
1732
1494
2548
497
635
103
220
156
2154
2112
2419
429
201
739
1020
68
2239
1795
2149
112
1015
4040
24
613
468
363
660
321
168
878
