1123
2397
1988
377
156
371
1475
232
343
1714
2711
1209
583
1288
652
77
284
155
1865
450
513
593
1690
589
647
1263
455
1138
30
693
93
1677
667
243
3234
123
1444
230
3847
1294
842
763
1114
1086
615
585
574
163
268
311
293
682
775
3474
1535
1994
258
54
439
572
1105
782
4050
227
1146
233
1086
446
1085
855
343
5984
736
963
257
16
79
64
19
272
327
1579
265
248
194
69
210
1465
943
46
546
489
463
449
58
1033
5689
290
876
783
1757
733
1136
395
1634
751
1817
281
45
3293
1087
718
407
32
436
1514
381
1555
2274
2312
2425
375
1736
2837
183
37
705
1602
4250
239
4059
780
269
1020
429
969
813
305
385
2375
94
433
655
78
157
4694
513
1051
2050
403
34
1236
2762
11
28
582
2128
1559
180
273
4092
458
971
295
2800
68
629
264
676
11
307
1253
380
1010
703
203
654
1228
469
518
876
730
1773
99
1124
167
697
374
708
372
559
687
120
1277
206
190
1813
260
131
1252
364
608
1090
464
406
2315
564
2739
2667
361
2106
183
508
374
4083
2208
1127
321
1918
1190
83
71
500
1039
1003
208
720
1583
728
236
1638
278
2007
1541
703
95
957
3792
493
273
623
464
829
1447
644
368
940
150
986
288
572
212
84
483
1676
2596
463
4673
42
241
974
381
874
155
120
196
1150
1329
62
195
1416
940
81
693
670
145
298
1207
952
1910
3880
386
255
845
1225
929
697
1311
858
1218
661
890
1191
785
896
840
2586
1729
165
649
591
25
977
988
1018
7040
2540
699
1137
1340
842
285
2707
1243
947
836
2040
1780
388
844
764
394
298
1428
10568
234
376
1198
258
274
1546
211
2306
428
438
490
352
981
1577
501
792
303
2929
1442
2852
813
2690
1610
99
2392
2950
804
738
2468
51
130
2437
81
130
2536
725
568
596
704
260
25
2371
676
1787
560
1882
64
906
591
377
416
50
10
1021
897
966
764
567
616
1107
57
219
1136
3857
1204
1209
2220
971
1786
1875
433
164
541
2074
2087
80
2707
1076
567
1251
41
3525
1001
2012
1176
4756
98
48
375
627
1717
1961
2944
405
793
1507
1436
1033
638
1913
721
791
276
690
1500
309
258
518
101
1725
2121
2472
1200
1793
897
3322
1924
880
636
500
106
1261
596
772
341
694
483
1016
377
1327
663
79
886
399
564
879
355
102
1308
2177
444
820
2980
404
759
594
722
343
2076
39
763
1459
740
21
2583
2908
2823
1445
944
1566
709
858
1993
313
157
66
2253
692
3300
1453
983
274
372
2244
830
594
1864
1129
1334
427
5319
678
1243
3786
580
537
777
562
691
95
181
23
632
1440
1726
236
1237
459
581
368
402
155
3901
458
1450
309
513
185
48
1545
1463
365
2660
1452
169
212
492
313
224
465
162
834
6
1810
208
1180
194
186
7
2051
2568
250
2213
305
5802
924
200
3259
171
1538
411
1199
1700
63
679
2043
1697
43
1538
1112
166
1389
212
789
1317
2033
1090
1672
252
1616
458
632
421
1037
2655
392
290
126
108
214
1422
44
698
44
262
360
25
2217
720
957
1000
2382
1583
252
2607
824
133
105
3225
26
32
1447
800
324
323
669
1763
208
1302
326
1029
463
508
7
1037
44
1303
298
995
2578
159
593
284
51
1503
39
1043
2745
3000
485
188
1596
2882
2643
1009
1095
474
249
2383
324
236
79
1590
2179
2180
463
104
46
222
343
1487
1362
482
753
1633
1409
518
1334
1198
720
1196
727
1347
419
79
4722
1488
399
677
2593
4489
651
737
196
1737
157
522
2206
455
298
94
724
808
355
1249
306
3605
36
139
687
804
719
985
531
799
1131
5
133
1308
3094
116
1288
121
9
628
18
712
3052
749
2135
1377
2185
112
194
1303
2478
807
33
159
86
789
938
1641
565
888
481
3717
561
828
369
22
151
3757
28
246
289
2674
1121
561
1066
1125
228
676
642
385
200
127
78
2571
2169
238
1623
985
1000
415
587
2418
392
129
347
11
1301
600
752
940
324
99
1799
618
609
633
68
771
457
590
490
26
450
1714
314
1683
44
1330
630
1221
2021
203
1133
327
443
108
1057
1632
655
877
117
8560
1481
1732
2706
466
621
2303
191
1234
138
407
1138
649
642
145
741
810
1196
1686
392
6529
1984
1206
1628
2898
150
231
330
2163
902
611
2508
296
454
941
23
2256
449
234
538
3307
799
142
2722
2942
56
1072
512
65
925
3653
452
985
1355
33
1715
1668
649
1098
525
1160
536
99
585
1759
3395
1222
1607
47
583
1557
1011
736
1112
1269
402
460
67
1419
854
36
17
565
2510
585
15
292
983
43
1697
1327
1414
668
2548
872
1042
45
25
123
1011
218
2095
931
1977
533
520
96
379
169
460
180
430
3950
206
2613
2732
1010
1426
2376
3169
129
973
734
193
380
1709
336
151
335
3176
525
1002
114
1400
2112
3139
195
537
390
269
357
1702
894
216
1577
343
166
1473
2417
3745
785
1249
37
177
165
1460
1049
2101
236
803
20
743
5270
132
1703
278
1222
2099
584
2311
424
202
722
142
161
1371
948
2481
102
824
433
63
287
97
401
317
1393
4686
656
417
296
162
1488
22
2368
273
1828
1694
4614
418
1150
3094
1240
236
526
1027
349
1720
123
5209
443
36
179
785
779
1141
2965
960
695
3749
519
901
536
1352
959
1239
2535
442
2026
3250
1475
49
730
366
1047
86
573
606
886
2473
1104
87
344
629
1593
2033
336
651
264
2994
1567
0
366
896
895
209
61
2671
1960
30
158
3832
1024
320
