129
216
652
6
1335
1837
2641
815
1468
1917
687
722
7
835
1415
1
218
273
48
1120
570
116
678
2101
140
1768
189
3017
125
951
252
3494
454
638
319
1073
103
627
6
278
425
97
194
941
549
235
50
1708
309
532
1603
1373
201
2199
102
2345
545
2624
2690
309
670
1680
282
237
358
460
662
545
1335
1643
401
1751
121
787
255
2634
2142
2494
137
1610
309
455
468
1531
503
645
398
802
243
261
407
839
1320
1048
1479
4552
740
518
5143
2618
661
185
2352
326
3678
7425
2863
2496
359
662
2539
1966
156
371
346
2900
37
177
1115
312
216
339
1706
628
571
2459
1161
22
709
357
1605
642
2996
782
1262
236
228
1494
3898
1400
3400
315
3851
275
1349
683
433
1860
2312
316
876
1342
2987
21
22
1340
309
827
64
97
2515
1042
501
555
1195
468
1006
147
898
80
440
474
30
386
276
334
1551
817
646
304
549
3501
2342
178
673
658
2302
344
633
495
562
337
1319
3156
323
1104
327
1596
928
169
1956
1750
1851
1046
63
310
1993
152
348
897
348
39
75
683
332
1247
64
3972
3951
822
151
1734
518
773
1173
118
1190
418
1106
1726
137
278
316
193
1448
756
455
2818
527
1496
1090
623
1104
378
2892
2863
1609
1964
263
1775
700
380
781
236
3004
585
305
768
627
38
788
844
179
1791
72
210
223
1477
84
279
269
387
1335
842
449
1108
363
220
3875
1560
747
1073
723
880
1992
1118
495
3004
1805
487
102
1506
484
2475
2127
218
3697
779
257
54
1095
2371
391
508
712
281
859
364
772
21
1915
1220
2164
471
503
426
179
632
371
348
543
359
462
1097
577
1466
385
1651
77
811
1108
274
601
444
293
212
849
1229
1196
314
2139
176
280
410
900
989
66
426
1560
201
6515
664
439
1009
1712
180
1431
1466
419
142
4001
266
118
100
1499
3283
603
736
3325
975
133
192
1360
775
63
338
771
1283
770
1228
761
866
393
1618
798
806
720
391
3384
832
5527
120
658
639
1347
474
2646
1014
648
753
113
258
1989
276
812
1245
3126
2621
1288
497
590
1
2729
953
326
917
190
1600
118
684
544
890
210
2917
798
251
952
197
465
354
262
632
64
1353
362
1255
414
532
1687
742
320
1395
1633
140
2006
44
8
1999
2099
30
1526
4125
155
1468
249
1054
982
595
998
1136
726
6
433
2628
1583
49
1211
225
325
1008
1434
1312
403
522
789
2864
2793
1071
1673
1159
790
16
121
470
1519
143
1114
766
785
1406
540
1512
1098
77
1916
2760
45
220
838
106
1020
16
861
274
164
243
932
2505
157
476
1435
1743
377
210
2051
221
611
663
1150
593
689
828
443
718
372
1300
461
119
737
528
361
226
73
319
175
2676
1946
387
160
645
526
288
93
955
328
868
24
1163
412
828
1776
5735
1538
3357
24
466
939
547
492
529
931
513
1311
771
2384
863
867
1992
1157
535
570
1013
761
126
3988
219
4330
451
1938
623
1338
458
1170
303
72
344
202
1373
689
224
1279
2832
139
1091
330
211
670
1431
3498
200
172
279
193
931
1155
1152
1611
1496
1197
1131
170
1018
313
464
1121
3055
321
829
858
377
988
1050
1840
48
105
164
780
11
1167
380
1016
318
788
508
68
1637
183
347
283
1772
2090
1659
63
248
250
1104
830
411
388
417
998
1267
371
91
980
1045
2670
481
1575
1438
156
1065
1661
152
53
995
497
1003
1047
566
589
628
108
1397
2441
47
547
226
107
2562
231
25
268
50
1066
622
133
2198
1082
942
32
3588
433
311
780
847
125
241
2675
91
779
1477
528
130
1114
6652
1437
128
2689
602
1557
706
154
253
365
175
846
1044
1873
983
1346
644
461
480
2005
653
1389
142
4251
453
403
329
195
421
415
295
658
3872
662
1321
581
50
716
245
2237
2884
615
1135
29
446
58
27
1282
927
521
35
378
1792
1477
391
253
347
776
2027
278
229
1310
1379
44
839
1348
858
1555
1221
93
227
163
247
453
1317
207
237
259
1244
191
657
1486
2250
0
249
1370
653
29
3197
1734
1017
773
1498
1268
1216
1282
1161
362
1093
45
287
125
2913
1475
880
110
444
37
585
1399
175
787
432
2523
2665
1093
2984
2318
583
1684
320
1759
2371
276
898
344
510
146
659
5680
1312
1469
783
344
799
1674
69
973
1324
1014
24
931
1115
48
200
50
2363
564
1421
879
3295
1715
822
898
129
1340
507
954
1097
684
347
105
269
3619
442
2295
953
569
3984
844
1341
468
821
1008
293
230
1259
134
1257
489
243
550
386
119
191
49
2236
241
2754
884
336
1264
1375
2211
1139
105
143
868
168
282
556
231
681
567
1248
258
642
652
734
1363
323
702
535
1131
53
668
90
354
20
2240
2073
831
867
37
95
1394
700
1476
47
2825
2772
533
944
2187
41
507
2304
52
839
1659
57
264
279
1877
320
1054
199
1793
480
300
3496
467
1147
179
111
362
773
848
875
471
1160
1080
555
1528
65
322
802
1864
80
1943
778
976
2354
148
384
3947
2209
1824
1767
1226
469
3249
1898
1660
311
979
2697
1710
175
790
654
299
127
1687
75
80
976
657
59
194
76
767
742
1802
1499
641
575
1271
916
101
448
253
920
734
1544
812
1175
1097
737
1147
324
3240
95
1769
398
4653
1236
626
1676
1978
431
2015
624
984
1270
217
3472
56
2232
1057
169
31
2047
419
4191
868
1147
1499
307
1238
156
999
304
1025
441
518
878
147
3065
542
377
2283
1967
445
1458
161
1977
609
2007
2596
