1
1
41
239
1
257
38
21
11
33
6
118
266
2
3
1
6
125
1
42
101
92
6
154
18
12
1
66
220
1
6
18
281
255
37
132
12
51
6
2
56
163
13
1
47
2
42
46
74
17
38
105
3
297
77
5
71
124
235
9
215
112
177
37
113
2
3
71
6
60
161
116
61
253
14
3
4
85
32
7
16
35
3
11
53
94
23
5
80
10
21
110
46
102
292
50
1
48
81
27
236
184
79
28
293
19
87
43
15
125
225
2
49
112
28
3
214
272
121
120
3
204
3
3
4
29
16
50
18
2
120
102
261
52
38
6
55
86
3
1
3
17
80
99
2
68
12
2
2
9
173
4
1
128
13
47
270
3
9
12
4
28
1
19
5
230
93
249
174
269
6
12
276
3
40
28
18
129
25
22
107
104
40
20
104
63
2
81
29
33
182
3
7
71
43
36
85
137
1
20
1
45
79
162
81
188
20
14
26
20
7
286
1
75
10
121
47
42
3
248
131
54
7
203
16
18
291
1
3
1
172
2
8
75
3
30
103
117
199
2
11
5
282
45
71
3
17
177
23
11
219
272
181
30
58
140
13
3
18
28
8
42
7
16
156
25
167
68
118
279
81
2
2
1
81
12
123
20
29
2
1
166
11
26
8
48
65
109
3
1
71
4
124
2
8
193
62
7
183
6
27
1
28
209
70
272
8
238
75
25
197
84
12
212
11
18
77
40
53
268
9
2
6
69
9
50
16
32
10
6
15
4
12
165
114
289
100
20
124
107
181
182
1
69
91
46
172
5
71
14
5
15
12
278
139
275
2
12
44
2
1
291
11
12
4
98
12
25
1
6
7
1
288
2
273
39
46
137
42
300
230
6
138
135
52
198
32
55
8
66
56
5
14
8
69
293
43
47
190
118
35
216
7
283
155
120
9
254
5
1
1
1
26
2
235
1
255
50
29
18
140
12
13
154
11
28
164
13
65
12
2
28
215
1
71
2
1
89
89
31
28
99
1
14
141
172
3
31
54
8
3
107
9
30
218
127
47
1
112
199
183
50
5
68
4
97
97
65
178
129
65
43
81
71
45
22
28
6
14
31
18
116
3
7
221
5
86
263
13
15
60
60
44
1
168
271
214
66
74
2
9
92
9
35
64
96
1
180
27
3
8
7
87
10
282
46
244
20
21
1
42
7
91
4
130
46
1
119
6
164
1
18
127
10
27
2
2
8
113
15
49
70
10
48
40
153
3
41
91
100
18
1
3
77
2
21
15
6
297
5
54
225
40
1
90
16
7
54
8
171
1
138
230
110
15
1
1
1
76
205
1
219
26
101
45
14
3
219
11
2
1
108
260
4
115
139
250
241
131
21
207
56
94
4
18
9
20
1
6
69
19
3
13
90
2
3
1
22
188
14
160
151
88
299
180
39
10
16
2
6
78
38
131
103
70
63
31
2
140
3
109
4
35
7
125
10
1
1
3
20
2
13
221
2
1
3
4
7
2
59
5
22
8
57
1
42
3
74
39
1
93
22
27
130
76
82
2
21
37
2
1
1
36
45
33
205
14
4
105
89
206
88
17
1
169
219
10
25
85
254
11
84
86
164
213
298
2
8
10
114
183
23
1
1
13
267
66
1
9
1
71
19
7
68
46
4
3
27
108
46
61
71
135
243
2
50
212
154
28
1
25
205
4
16
98
111
281
1
55
127
107
1
6
40
24
8
196
51
7
42
12
280
24
1
2
1
8
1
15
216
146
286
155
12
37
156
14
9
28
1
144
181
57
54
123
4
1
221
9
150
8
51
42
3
4
69
160
28
1
3
235
195
162
293
55
11
68
1
9
33
5
159
153
12
1
100
17
47
4
110
119
1
98
3
6
36
19
261
9
219
4
169
34
1
3
145
247
37
4
25
123
5
33
181
59
2
1
3
18
4
38
49
1
2
13
9
5
13
167
154
51
137
6
10
97
107
47
21
9
74
115
17
184
1
75
1
65
40
116
19
261
97
75
10
3
1
152
58
89
36
249
13
209
2
7
12
1
95
5
71
54
70
46
6
11
1
70
2
273
8
198
82
31
46
297
75
22
3
257
21
30
89
78
77
32
1
272
4
174
18
14
164
30
4
160
31
13
57
2
1
50
6
90
100
6
94
159
8
78
16
54
45
203
51
25
28
151
292
4
168
184
236
1
3
235
130
108
93
33
22
15
22
8
7
1
10
19
25
57
33
188
50
239
180
10
40
16
1
239
3
226
1
29
191
1
278
206
63
199
2
183
26
20
3
107
89
19
4
6
53
31
22
24
173
179
17
96
60
278
29
28
215
1
68
22
249
16
68
248
111
286
35
19
1
60
2
3
102
94
195
87
2
18
71
65
284
216
294
6
2
161
71
5
1
98
33
7
231
110
3
3
228
3
105
39
288
62
243
14
24
47
38
40
56
154
