26
77
69
22
45
25
10
1
103
1
11
1
33
296
1
236
30
126
7
248
185
81
1
291
4
3
2
3
13
115
121
227
4
64
1
29
8
58
1
31
132
176
28
62
89
281
90
3
257
5
135
3
5
8
109
12
26
76
265
13
166
181
245
34
8
50
1
4
74
11
209
200
7
59
7
158
29
1
1
296
176
26
8
5
21
272
10
1
270
213
2
37
192
21
6
2
9
14
2
92
15
7
3
9
15
31
13
10
277
12
9
4
2
35
2
33
152
20
206
5
196
17
97
51
2
16
97
11
1
114
52
17
263
164
177
65
9
151
49
182
109
2
17
2
251
97
21
3
100
272
71
267
26
4
122
67
58
264
2
236
43
115
66
2
150
123
165
125
13
110
28
19
63
18
178
56
1
12
9
218
13
137
2
200
7
91
1
12
1
21
80
109
87
4
226
160
212
6
2
2
5
40
46
15
31
5
2
208
47
61
14
57
6
52
60
1
2
172
227
196
190
22
15
2
1
2
227
20
48
10
176
1
1
4
157
19
4
1
47
134
173
52
1
114
17
1
3
1
195
6
2
16
229
27
62
34
53
201
121
3
56
154
51
1
15
1
2
71
167
9
93
73
4
26
41
103
1
24
52
75
181
5
1
48
70
1
1
280
192
190
48
89
190
35
1
10
289
2
282
17
3
47
6
22
23
135
141
4
2
2
65
31
14
118
262
179
25
46
58
42
151
4
14
70
283
45
1
298
8
1
173
37
16
150
38
83
13
179
58
158
189
23
51
63
24
15
88
14
14
41
299
8
7
6
126
61
7
1
92
6
48
5
1
12
2
49
4
5
49
102
13
5
21
16
5
36
53
4
16
228
100
5
267
179
1
50
169
35
121
52
186
2
16
266
175
7
218
18
36
2
235
49
15
10
295
4
17
17
144
227
27
62
37
148
242
223
1
94
88
40
275
37
91
1
219
18
3
80
85
229
47
66
16
8
36
57
2
8
144
85
7
3
2
238
1
40
55
128
1
148
1
73
160
54
94
122
14
25
69
92
2
244
6
36
153
1
12
8
8
272
217
18
1
2
2
65
1
59
1
1
1
6
141
51
166
6
173
64
112
106
68
119
1
274
86
266
243
54
1
14
258
3
38
2
3
5
288
113
96
88
1
20
2
1
243
251
16
1
11
1
20
1
131
22
105
20
21
77
6
23
1
72
1
7
243
16
18
39
42
3
10
157
81
5
51
263
160
6
245
209
22
1
2
4
2
289
4
1
96
6
80
79
5
34
1
46
60
51
61
86
280
4
40
196
52
1
238
20
33
11
95
85
1
157
3
1
55
47
76
154
16
208
74
128
60
90
138
181
126
3
177
6
161
9
25
1
91
12
81
283
4
1
55
160
3
1
10
12
51
271
106
107
4
4
13
67
32
246
83
264
148
18
143
295
1
2
3
207
4
1
23
55
62
126
34
17
40
128
3
116
286
10
39
174
245
12
147
148
10
202
1
186
283
2
1
2
31
280
34
244
57
162
7
177
142
64
85
1
12
293
55
1
1
117
140
21
88
69
1
88
28
19
10
298
212
7
8
109
12
191
63
151
143
133
40
2
128
30
3
7
2
2
3
118
4
38
212
231
2
29
192
7
173
284
20
11
31
278
1
8
8
13
8
236
299
31
1
54
68
77
19
93
62
100
1
2
13
147
17
120
9
1
29
76
4
1
44
95
2
161
99
1
153
5
2
25
3
127
37
3
173
1
3
101
110
249
74
2
62
4
29
14
142
15
68
2
46
90
42
30
95
31
6
122
64
5
7
128
1
36
9
34
85
280
5
24
37
163
155
25
5
12
243
148
129
55
2
5
109
11
121
121
47
160
10
8
138
3
46
134
26
39
73
2
10
18
12
91
1
2
6
73
31
16
1
56
5
52
118
2
13
141
3
3
125
219
12
93
8
233
11
295
187
18
1
116
45
13
37
99
1
16
3
188
2
68
46
64
118
2
3
9
34
10
40
125
31
112
64
2
22
2
100
157
21
85
34
73
47
38
1
7
8
9
159
1
47
21
84
27
25
23
4
90
152
202
98
1
32
149
2
14
156
1
29
5
58
102
277
10
1
58
5
277
248
17
25
22
158
11
16
39
77
56
120
192
1
7
19
29
67
15
86
17
12
145
6
4
133
4
164
38
1
9
1
98
71
37
294
287
24
267
1
9
6
1
10
166
86
45
171
200
56
2
16
13
49
23
37
137
64
230
44
213
3
287
2
23
14
5
32
129
37
1
235
4
251
8
1
172
7
1
40
35
10
213
137
4
6
9
53
4
1
2
13
10
213
198
4
83
2
3
42
6
93
95
105
4
18
183
1
7
225
282
108
67
28
15
3
2
25
3
75
59
160
36
17
3
2
15
160
122
236
55
134
70
34
20
123
193
25
48
1
3
6
