1
12
22
27
294
5
23
29
40
20
18
4
27
43
30
7
122
186
55
21
43
258
174
19
38
279
161
1
1
214
3
77
23
30
6
274
25
5
24
5
57
3
137
11
285
5
13
32
223
83
33
143
30
69
82
1
87
182
14
102
40
137
88
50
136
1
29
2
36
215
74
34
22
297
3
2
1
3
179
83
43
90
3
3
114
14
1
154
172
7
6
9
175
30
49
162
37
6
64
12
34
102
219
99
4
71
28
61
182
2
6
280
97
20
1
237
7
162
3
4
55
6
16
19
1
18
29
237
4
228
55
11
61
77
51
12
171
14
1
16
40
159
26
58
4
17
143
6
2
269
2
65
245
173
102
41
43
179
195
299
266
15
31
14
81
55
22
45
158
59
80
293
16
129
31
2
20
56
1
71
296
27
22
92
5
296
109
91
177
32
4
1
129
237
14
231
22
91
97
94
13
99
1
297
41
137
12
46
164
180
261
104
36
187
1
197
1
164
174
44
6
1
12
1
9
22
13
154
148
1
277
18
25
89
9
37
40
10
109
43
223
181
25
230
55
70
52
186
19
10
35
15
210
5
89
43
61
41
1
99
40
4
4
73
120
225
122
80
8
5
2
183
2
1
8
84
40
214
4
261
57
3
184
25
7
1
1
8
17
103
25
47
194
141
31
31
9
24
287
16
114
30
15
18
47
278
2
5
239
245
24
5
7
1
3
71
299
8
15
1
12
62
246
123
3
2
4
10
14
14
8
7
13
77
170
37
82
61
5
61
7
2
11
21
128
195
35
15
25
106
10
20
1
247
40
3
3
23
3
13
174
34
278
5
91
86
26
192
48
31
8
13
85
6
11
188
73
264
30
2
189
4
79
33
8
24
54
76
4
2
2
26
78
130
101
65
128
38
120
158
38
168
1
8
243
179
5
261
185
198
1
1
294
156
128
22
28
294
27
6
19
72
7
20
75
4
24
11
71
41
18
24
230
9
194
1
79
153
40
3
270
252
218
57
51
9
8
159
15
30
30
1
132
12
6
1
164
3
1
2
8
1
284
10
214
50
5
11
288
259
27
49
1
1
52
153
2
2
154
242
69
8
25
3
2
6
136
2
43
23
7
51
171
10
35
9
21
261
26
178
4
4
166
195
19
12
2
16
28
91
3
29
1
22
22
255
92
93
130
172
98
33
18
2
7
135
5
57
8
47
273
32
6
1
6
219
4
72
89
213
38
54
243
58
7
36
33
59
121
61
2
1
138
1
107
1
124
5
18
183
7
2
2
115
280
72
215
91
28
287
70
6
7
3
1
18
18
65
58
41
173
72
3
12
8
67
4
9
1
7
117
6
21
66
212
48
6
14
5
9
1
209
256
3
2
35
50
63
123
22
52
1
71
5
197
6
48
2
187
13
38
9
7
264
1
5
7
10
119
19
2
169
54
149
225
3
131
13
2
1
1
299
89
2
141
68
167
23
244
72
12
173
6
13
64
132
10
1
56
3
3
1
28
25
11
71
53
1
5
28
11
58
6
24
10
237
2
114
73
32
44
13
293
1
1
102
28
8
53
18
190
8
223
60
47
191
2
120
262
266
7
1
202
77
32
279
55
141
20
27
234
29
1
2
3
48
6
1
1
50
68
97
20
47
87
1
1
5
48
1
107
7
13
1
6
55
18
18
273
180
92
4
11
30
10
8
144
59
41
53
273
38
4
237
220
28
27
18
2
260
57
213
34
26
25
27
1
262
22
5
20
4
120
62
10
12
60
181
227
185
163
1
21
295
193
48
151
2
18
27
61
2
62
224
114
62
1
156
26
3
244
109
180
2
5
41
37
9
28
80
55
27
202
13
4
14
23
99
273
5
2
23
178
10
195
295
194
50
44
137
13
44
89
136
5
1
132
35
70
6
48
48
7
149
115
161
191
15
70
245
33
3
77
92
112
13
11
209
5
11
22
34
70
94
74
207
32
250
2
82
18
110
115
1
28
71
29
1
24
4
275
14
288
53
37
44
125
54
86
119
291
13
1
8
6
265
18
118
5
21
144
280
4
38
17
18
10
33
7
15
22
86
173
244
6
60
46
5
17
1
4
55
278
1
47
74
298
43
154
24
125
1
249
109
103
2
5
127
1
17
18
89
22
1
60
212
16
12
10
1
137
163
58
26
4
18
6
74
4
178
154
35
231
1
169
22
106
14
3
217
13
30
152
1
7
5
1
284
1
27
14
6
10
16
37
55
164
145
1
43
10
2
1
21
4
2
49
136
66
14
2
2
25
8
8
88
1
3
3
251
1
2
129
8
228
51
112
6
194
271
136
1
5
4
37
188
46
155
21
191
136
19
156
132
8
233
194
152
247
1
1
238
25
76
5
11
172
69
99
20
37
12
16
41
9
7
52
75
46
49
85
114
249
3
53
251
14
93
199
8
2
5
1
225
14
