414
659
703
170
1421
3
384
3677
423
213
1369
181
923
4180
791
954
636
1323
582
1640
536
569
387
1052
1198
30
115
193
364
1230
360
1577
2882
2472
617
1504
899
337
575
94
565
588
251
473
1357
617
736
858
1803
857
340
2016
2205
27
2452
251
110
1735
753
1019
1738
3139
294
652
314
2072
622
968
172
303
580
2095
254
1196
554
515
1573
797
201
1861
532
817
79
314
912
696
597
128
308
4051
892
108
702
2710
2768
1727
573
207
2178
326
366
4483
414
303
492
804
1064
664
1196
356
502
565
1226
613
228
1671
123
2764
355
1597
65
756
22
3456
2908
3616
44
1308
760
4361
839
1498
463
568
1071
1783
1205
736
384
2577
161
1295
388
2373
326
1262
4315
1729
4179
438
94
600
971
277
665
773
1933
893
250
3364
963
1609
418
260
513
32
437
608
778
471
1373
1296
968
81
904
251
632
492
437
351
2181
983
1571
270
728
2
1756
2835
628
151
1136
1425
1196
1911
769
2134
101
1380
92
1051
3318
1218
835
2827
110
1186
190
131
260
3672
2239
191
246
411
1503
1983
2542
317
1304
75
3328
1238
637
2597
627
2952
648
68
638
2418
306
2424
352
364
1378
2025
1034
2635
5261
89
467
1456
2018
846
1839
61
249
407
2755
889
1322
55
2043
461
1451
1037
2471
2950
83
2843
1013
1057
3952
706
1665
806
94
239
1983
3984
1515
754
1369
1210
237
1592
2836
916
68
143
1192
1989
413
1272
1868
457
4
2243
1609
303
431
942
836
1410
275
1703
374
81
1417
1163
3796
1553
1703
1862
1210
847
643
39
3349
1611
1151
1884
1623
3041
757
532
493
233
468
651
783
317
466
316
434
1588
1283
982
335
3526
4081
665
2378
1187
1961
1322
1699
1950
1408
576
685
284
16
1527
2288
446
1907
478
1412
148
1273
1586
487
265
1052
122
1127
169
768
320
902
620
627
1294
146
23
276
712
1037
1353
1737
647
995
562
1493
196
1532
347
211
419
1373
644
91
1255
298
373
416
149
508
1268
1731
1742
403
568
2597
90
149
1096
308
1011
1355
270
125
368
356
511
578
1311
2252
454
193
11
960
2658
1808
643
943
189
881
688
120
116
138
895
477
884
39
1077
293
19
854
72
125
249
667
7
331
144
123
2304
2691
102
172
615
94
27
735
580
875
957
1796
2731
497
1983
2474
1466
304
835
1296
358
79
101
246
637
2751
345
1075
2095
393
160
890
230
50
237
619
75
672
442
891
544
634
1423
827
356
496
592
485
2071
226
1375
981
326
1779
448
320
2502
3646
455
224
35
556
670
4358
1096
51
397
2734
1920
349
619
930
1364
540
120
516
464
1442
2730
361
411
281
1188
69
348
803
1244
269
5463
7
773
44
64
196
698
2665
660
864
328
1047
2122
447
847
600
2193
507
129
117
648
23
1526
474
2222
743
135
824
1592
2844
553
306
3345
1751
521
627
107
903
345
96
2111
326
1039
1937
628
748
1509
1509
870
1376
213
614
41
2484
1100
418
25
257
265
1176
969
1344
462
118
39
1006
390
157
865
599
192
1924
146
747
616
1591
188
1867
178
1951
1788
1082
2896
641
2421
733
233
311
109
473
1460
209
4095
51
322
3893
198
707
11
193
1769
469
949
812
636
829
250
438
634
50
973
1481
117
1201
458
546
1882
587
407
1250
1030
1614
107
352
981
2395
191
155
1109
1232
1202
698
1458
382
40
2115
3216
155
496
328
212
54
50
184
600
19
579
1769
2265
1154
599
1603
51
445
329
425
23
211
545
826
499
933
509
1481
2163
850
62
618
409
222
1782
75
850
1023
1369
869
783
231
241
403
561
767
792
689
1112
224
19
1752
2313
450
40
190
471
944
4642
11
2111
1130
1123
380
492
74
364
500
584
1014
170
606
2317
145
254
767
2433
1333
804
259
307
559
1148
193
627
1171
1486
534
4643
774
867
759
2357
1795
28
295
3482
132
830
699
130
211
545
83
5256
2102
647
938
994
774
1622
4
1533
15
626
36
292
439
695
1371
159
701
19
285
414
654
2578
684
3955
2748
173
996
1764
65
959
1116
146
177
976
1134
822
651
48
2052
1518
487
1057
63
280
781
482
128
261
5990
527
519
189
2755
801
631
744
801
812
104
907
511
1010
490
811
28
664
1024
343
40
534
2250
1928
1649
1722
3659
2033
243
845
65
3572
223
745
237
449
2626
1257
2439
3355
306
228
128
4516
681
1716
1092
1115
224
705
79
1357
1444
542
1168
381
1115
624
835
653
928
1045
108
4939
416
357
494
1418
303
505
2194
2430
4729
550
738
2505
637
692
2448
63
790
158
1671
299
526
1294
463
38
4202
1104
2586
2664
257
1191
738
1666
1383
1840
2743
22
203
485
1878
175
1434
2132
2041
338
85
3569
422
2098
1622
733
684
495
92
9
248
1038
1259
1823
445
845
1168
770
982
163
643
1434
446
58
126
2214
1295
222
27
541
4578
1145
1184
1575
490
475
572
1474
2807
218
1635
544
555
340
212
6699
142
113
2924
1307
1913
1898
542
750
102
5269
2142
63
721
413
1240
451
2833
284
1868
484
118
3244
288
1722
151
2507
993
1457
3424
41
1686
1063
324
989
2278
859
235
563
660
143
4312
206
4325
4473
190
620
1374
160
1074
223
1776
1257
1535
705
439
400
2930
118
498
1180
5776
1020
638
468
1402
1124
3033
2204
143
454
1762
54
580
648
1767
861
982
412
1431
633
1955
1119
2511
982
309
122
109
981
793
703
208
21
296
44
614
228
196
3128
608
69
275
1128
3942
77
256
