808
132
549
700
409
3084
1216
1848
94
638
238
337
1453
1282
561
71
3425
166
459
1891
336
1331
2354
122
234
126
46
404
24
52
1596
1204
756
1251
2373
121
1587
938
194
1048
887
779
1381
494
276
361
122
165
173
526
317
108
265
306
604
149
358
1245
504
569
2309
803
774
133
2644
1454
310
386
510
1913
1337
458
762
5199
837
234
944
33
1924
2145
242
212
514
657
790
800
372
76
639
862
2358
985
671
1610
2346
456
782
464
1323
2362
547
564
169
1391
92
295
204
20
417
18
1639
387
495
578
553
224
7661
60
1271
1312
700
2086
2036
1973
55
850
2721
1228
855
526
2464
181
256
849
205
1787
789
1436
3072
3106
5413
1035
591
2300
147
1511
1989
708
704
140
410
821
266
3343
548
640
543
216
843
1634
100
1128
223
75
1404
1201
2981
65
2133
277
1021
244
1377
154
747
906
1421
617
643
175
4
191
1315
601
457
601
75
1663
771
482
512
213
733
274
3331
552
269
4626
366
1416
1640
2255
1183
283
519
1376
670
59
1101
2636
204
809
519
298
321
1802
553
156
261
658
132
2180
110
160
433
5813
300
1770
1209
222
797
1576
1216
239
656
59
341
197
896
469
583
63
429
706
150
829
314
1450
1723
74
462
3373
1396
56
164
1647
1658
2899
78
2433
344
924
1061
592
1824
68
321
1300
60
546
1321
874
1284
2104
594
254
134
2492
317
495
440
1656
648
152
47
362
1659
1998
385
360
373
891
733
161
250
74
670
4508
173
665
15
1847
1561
1777
8788
231
1007
478
1763
3384
139
276
187
202
514
846
1040
86
236
1175
3391
4878
1797
185
74
929
1055
130
554
760
1473
189
295
292
661
3085
751
521
728
1750
2738
32
2695
706
1362
207
684
104
70
3773
56
1162
282
261
183
2212
1150
2929
447
2091
199
622
1183
888
289
1034
48
304
239
1055
290
239
261
1
503
805
1105
1528
1103
1751
109
1329
668
171
685
3101
1143
1550
144
461
1348
421
1001
590
2009
1626
1800
2819
199
981
642
483
575
6456
646
645
762
471
630
2055
604
4954
680
721
481
452
1279
1002
1938
521
2197
1286
51
3347
1023
124
317
2617
465
1264
557
994
1448
434
279
1095
3007
811
427
1331
165
820
2013
448
2015
3348
350
4439
406
737
994
556
598
2495
39
476
149
299
857
489
434
194
510
2411
532
637
588
962
2775
4723
182
257
516
536
160
3410
489
2335
205
328
792
611
114
35
4553
321
620
381
242
202
1447
322
286
768
1852
242
6775
473
298
1005
371
2679
1161
2003
1156
1368
113
1630
252
1366
1046
397
985
220
531
1078
138
1295
1112
2434
284
2648
846
2055
802
1037
900
231
1087
1063
62
26
2881
988
1640
434
1495
2591
717
612
1626
4093
806
428
1208
202
4345
2400
888
1825
2010
757
4108
1015
40
622
1031
980
114
258
42
195
457
1092
1272
3320
1124
768
327
1895
351
20
299
68
1133
692
292
322
4748
2940
3907
3555
919
481
502
873
500
1750
243
1260
553
275
1128
169
2632
188
347
1999
368
226
424
283
2296
997
1994
341
1613
853
143
517
1409
696
3463
10
784
649
8
1864
20
72
695
1055
87
1759
665
1185
357
1639
239
1309
2462
1354
816
2688
1098
161
461
134
2931
1035
311
274
1436
1948
157
322
1971
1054
558
3297
42
384
208
1457
377
395
289
6
196
1235
1331
1520
187
418
508
168
1238
1129
208
574
29
252
1512
1568
248
3259
4396
1368
539
37
354
10
2175
541
864
3040
348
733
98
377
3000
137
92
3321
3150
608
1131
195
1161
96
234
212
2553
2834
10
325
754
651
1022
2906
44
77
935
13
109
109
247
642
789
945
662
371
240
809
49
834
404
2640
193
4689
183
697
9
345
4021
463
16
286
1423
18
385
1267
608
1553
1635
904
471
182
854
2937
58
561
1323
213
267
670
1376
342
3157
277
1015
135
3445
393
333
1231
494
2013
1206
2632
3479
2733
2586
321
1213
1380
70
490
1817
145
1691
409
2520
641
543
21
396
1198
157
1472
275
593
562
1180
232
447
2069
73
524
655
276
516
842
1444
2248
1502
848
65
682
886
2165
85
1272
12
3236
661
242
761
370
1841
680
766
2352
785
1569
361
3275
2563
1486
132
1068
943
296
476
249
1245
406
1482
161
104
2242
105
159
1364
1319
738
2294
675
303
736
1030
199
51
282
418
1700
177
931
1345
842
3209
1221
1497
555
992
405
801
2933
4599
3335
932
1049
286
675
1890
499
1180
611
375
465
1898
784
671
415
1610
3747
683
1181
1775
748
926
1651
1822
418
55
4434
1512
573
820
123
2993
1613
993
877
504
2685
4104
8
363
3178
1542
530
377
874
1335
582
84
872
169
583
894
603
145
1855
1148
1008
929
1134
791
913
1151
2748
360
229
1390
28
4876
1517
1177
345
1756
81
607
555
307
364
1641
1812
867
1969
1813
1184
656
1660
2327
236
826
230
64
721
1983
1650
170
90
157
107
1988
914
151
2371
3039
2114
1760
479
22
22
17
137
172
2927
271
509
1403
962
2066
1191
261
564
462
53
698
1341
256
1329
167
1931
1757
501
550
2624
464
4557
5
201
1723
1802
835
674
842
459
2102
1592
1192
566
1054
826
559
27
457
144
186
13
656
2095
3089
32
798
608
1084
328
28
3569
173
2086
277
3229
258
257
1605
936
3419
49
2421
374
426
694
95
185
175
1130
177
1189
675
31
1424
18
501
603
705
91
738
370
3745
1090
22
518
698
215
553
531
10
2241
3463
534
855
