537
1522
72
744
2658
2372
586
749
644
203
496
483
3714
588
602
1127
610
390
3706
1105
1244
125
1782
760
1086
265
2829
660
456
1072
1718
437
142
1407
905
2558
353
614
1253
2110
257
770
780
178
757
2357
1927
1326
86
1836
133
1475
187
1109
1181
6642
292
3113
272
28
288
366
707
305
541
1188
936
477
322
921
129
2729
146
286
423
280
815
1631
1288
1542
1717
288
1868
294
1533
52
6331
1309
537
779
992
84
179
141
769
697
1569
68
1145
446
1059
1815
177
1109
1778
319
3304
359
1600
374
1736
1179
6
532
1370
37
72
780
39
1170
1729
2537
1048
2592
1200
763
263
141
712
1555
542
1576
1229
732
361
1237
423
2535
387
478
2982
2061
1218
2558
3200
689
1388
368
346
2392
62
1729
2570
1671
2001
725
43
382
99
2100
32
378
1337
1296
785
867
573
1
73
110
456
518
167
2275
1733
2205
2429
935
544
933
133
366
1063
1280
1066
1876
2353
1058
139
570
1024
183
1603
886
1
67
95
1345
140
76
1338
163
328
130
109
904
380
1484
718
432
1839
520
969
417
215
408
616
1454
317
412
554
3379
100
236
732
339
556
205
1828
326
464
810
510
194
445
217
3497
224
1304
784
1576
123
1608
607
655
2093
1624
528
1130
531
638
184
484
1058
147
895
424
988
4721
1516
480
1636
134
789
115
818
626
2372
535
10
799
2034
844
224
345
261
857
315
272
1815
663
575
2623
2524
1671
1206
72
226
2007
1305
996
841
179
1206
4
722
213
87
3069
974
502
28
25
2331
450
695
1072
155
1585
339
90
1038
1600
1590
1049
56
1662
3254
326
238
1532
724
3973
382
290
379
1565
2051
35
4129
1597
135
2516
2453
484
4663
2053
440
438
142
830
620
198
396
804
1353
1508
39
71
450
1001
202
548
85
3465
857
525
170
100
486
17
2677
417
1779
280
203
1350
2175
1159
2623
634
1778
2643
355
112
293
224
112
1210
2124
339
1103
509
270
1642
341
1003
134
454
4894
18
1362
682
809
1438
512
248
52
1904
220
476
791
986
1064
1167
31
9
839
3798
214
2478
21
153
672
3948
605
417
455
1916
3433
596
279
1378
1623
834
175
1833
1975
1813
2052
1890
2527
2691
2
148
289
716
432
1932
2571
303
2460
3283
3087
435
2
1375
565
174
155
270
585
749
298
1400
773
344
1717
4340
95
352
21
1629
684
96
2316
161
619
2244
1113
541
338
97
130
1478
1211
778
1541
1192
1392
1483
1429
2370
378
262
659
2151
192
499
948
22
742
26
3411
152
394
25
397
422
1273
891
2928
754
353
1545
38
1238
2258
1809
427
292
165
10
3041
506
69
1571
1618
473
2854
1483
996
620
3755
1284
140
3816
140
350
2210
865
27
189
2963
2661
179
257
318
320
677
867
290
915
2736
406
175
1061
1486
832
776
185
245
712
362
1563
4267
1145
150
199
1765
1621
907
311
64
125
1504
951
740
1706
265
1372
428
488
1509
1722
1094
1361
416
214
518
2046
2256
844
963
403
1588
1269
1425
1307
74
1205
1658
598
1366
317
233
298
20
234
234
1895
1968
350
75
33
477
608
1586
2139
854
28
427
740
499
894
405
822
669
341
1532
82
668
3993
293
537
645
458
228
946
3693
1534
1677
654
2361
826
649
2213
1711
708
287
259
273
3353
497
191
173
126
237
376
858
126
1135
1524
1832
965
130
335
1976
2998
390
719
1364
842
2119
87
3258
1818
1359
798
1101
563
855
2482
470
937
794
263
2337
766
1478
1342
581
185
889
922
12
2210
24
1133
859
293
135
745
309
828
1935
854
685
484
1402
575
993
395
211
1975
1005
1553
121
2093
401
1400
1161
986
424
1315
813
534
560
23
594
1566
119
3117
69
669
2507
1880
307
2657
91
1455
3514
832
110
1597
773
1275
1340
4223
64
30
660
1452
855
178
1045
1186
65
1295
33
3640
2577
481
1025
409
256
767
189
237
117
989
161
239
328
942
314
573
2088
611
3129
692
1451
358
1215
879
248
278
729
1254
286
26
1188
427
204
46
2473
1123
2665
507
257
1740
2934
1463
441
430
518
498
158
1156
2235
519
1011
2524
1179
1187
530
1114
369
2368
404
87
1783
2091
2102
584
158
1891
1609
840
348
343
3647
2559
1084
2886
2613
1722
400
139
1145
211
1698
643
89
1016
220
2287
959
66
893
1117
1018
1051
167
43
1635
660
718
16
248
3293
1192
1466
571
3324
990
329
764
994
344
726
660
535
1499
528
1521
3317
106
2082
99
1287
891
1828
12
2019
938
1210
57
400
888
604
184
277
58
662
373
837
1655
104
1607
180
215
933
1218
542
1256
2165
31
541
540
482
1605
3055
161
2174
3910
940
222
306
578
4020
203
937
1342
1213
146
89
2966
327
1680
687
44
1896
277
1053
2456
982
2177
118
162
124
788
21
905
1118
1971
990
386
1465
733
601
1302
606
800
372
2667
239
126
760
1125
737
1113
2300
225
2120
166
2135
805
58
1816
922
1253
588
967
258
806
98
1782
914
422
87
101
281
1171
1808
1236
1675
48
70
1589
345
1804
743
1712
376
7001
1425
1762
601
553
347
993
2283
5397
1414
192
1049
1970
1234
286
5543
1722
590
131
817
1056
2638
1383
130
38
727
653
2277
43
1469
1203
354
1049
1073
123
874
2433
2121
1154
1977
1750
540
699
118
2895
993
1525
271
886
425
1135
192
990
794
1344
283
369
1867
141
2700
758
783
176
1029
438
754
362
89
1137
245
989
1708
338
469
226
2139
453
334
4119
1301
1626
1041
46
938
1367
938
400
402
507
105
