14
139
18
88
3
4
8
10
56
223
1
39
13
10
30
156
3
81
2
14
36
179
1
37
44
92
257
2
3
170
264
28
4
58
14
1
12
246
7
275
39
91
5
239
4
16
13
190
162
22
5
16
1
5
1
6
215
23
7
48
77
1
71
260
3
257
1
70
96
37
26
50
23
5
1
293
75
24
3
164
187
203
34
197
38
19
96
122
116
1
94
20
1
23
8
9
187
17
5
11
2
16
75
5
16
18
44
257
9
29
63
5
1
11
31
62
1
292
1
11
164
12
14
139
101
31
3
1
1
2
8
129
26
2
282
150
145
15
246
112
50
1
178
18
32
29
127
240
1
86
166
67
4
127
14
6
173
1
168
50
17
2
207
6
91
2
103
65
39
178
28
67
238
1
12
110
1
19
7
2
200
20
96
48
270
21
2
1
124
2
26
1
5
41
150
2
89
41
4
29
30
43
24
1
86
27
2
111
2
1
64
54
229
3
123
4
42
69
1
10
21
160
9
40
1
288
55
155
55
9
34
13
25
1
1
20
14
49
122
18
240
167
236
145
47
174
14
203
13
1
77
140
80
1
1
198
1
110
60
45
9
29
39
58
29
9
4
5
3
109
61
33
3
191
10
8
57
19
62
4
246
143
11
13
17
27
82
42
9
153
6
2
2
94
68
41
177
2
18
82
64
1
28
76
15
41
21
91
1
27
8
5
4
1
186
24
7
15
7
2
201
54
18
1
161
8
5
48
41
114
5
130
21
1
9
148
91
113
17
277
189
235
12
18
105
45
238
285
62
13
60
56
5
1
2
53
2
125
36
10
8
4
114
14
27
23
3
7
178
6
2
8
5
7
1
149
272
18
7
63
175
80
38
5
66
18
30
36
54
197
295
1
95
2
9
76
33
2
16
10
59
1
3
9
207
2
58
4
13
92
1
3
60
3
40
77
99
3
20
4
72
1
92
9
177
10
4
28
1
5
1
13
102
49
46
2
53
6
2
55
1
1
127
63
57
19
56
195
104
9
94
59
10
1
8
14
49
39
4
64
117
3
46
32
30
3
6
131
101
37
6
1
55
3
32
48
125
1
24
1
19
136
1
77
257
18
126
182
41
1
7
157
80
21
22
8
2
53
25
33
126
225
37
3
32
181
15
232
105
27
3
115
224
2
1
196
1
1
12
56
124
15
48
10
8
76
250
44
3
10
8
17
1
19
100
265
35
4
7
17
206
197
265
1
25
190
2
241
1
58
11
12
65
172
24
2
5
2
57
5
168
1
4
2
10
17
238
2
56
4
40
1
86
119
6
33
4
20
151
246
30
186
11
2
139
14
16
148
2
17
21
212
2
49
63
1
10
281
65
272
172
106
76
25
1
90
273
182
33
299
4
114
104
257
21
195
25
10
17
14
46
131
8
9
96
46
2
46
97
20
7
136
252
6
5
1
3
7
6
197
204
63
7
58
2
41
95
1
230
296
154
12
6
6
12
290
270
15
72
3
82
295
272
13
94
124
26
236
4
161
55
82
175
247
119
12
42
27
86
61
113
268
3
5
71
2
27
217
105
38
55
173
60
57
119
61
4
3
233
43
19
10
32
204
33
27
44
35
5
11
11
24
20
3
6
1
251
89
69
13
149
2
48
169
178
7
253
73
2
14
9
295
44
34
9
192
70
2
57
52
247
2
20
38
237
150
26
62
19
6
250
44
33
234
7
6
169
214
77
60
173
14
59
237
223
1
8
1
4
2
13
219
46
17
112
9
5
104
10
61
18
1
281
248
236
6
80
111
181
64
130
167
153
1
8
94
107
3
5
30
39
113
35
260
261
4
4
196
15
238
2
1
6
247
63
86
188
1
2
6
212
152
96
81
8
1
186
6
3
137
163
248
1
12
274
185
207
108
1
62
70
11
88
151
252
61
48
251
66
7
2
10
5
5
12
106
41
250
235
245
3
17
2
5
1
5
1
215
3
247
14
11
8
32
23
4
1
5
63
50
106
268
15
51
27
14
18
180
61
7
1
4
1
2
71
300
19
1
195
13
23
4
297
106
45
23
33
4
130
74
23
6
57
2
14
128
4
4
17
4
1
3
113
3
50
117
62
54
2
47
110
160
49
223
218
26
39
275
24
8
142
1
33
50
300
104
1
8
158
257
82
92
3
2
17
267
128
233
131
265
10
1
188
7
85
11
22
1
89
237
97
1
54
19
1
50
47
141
115
36
8
17
143
97
119
39
4
98
1
229
30
1
99
3
226
136
77
9
273
3
67
4
53
10
41
226
1
3
8
10
2
3
77
147
153
35
171
1
272
21
35
1
128
3
37
5
54
56
5
21
19
1
3
143
67
39
269
12
73
29
6
1
88
128
32
41
3
15
29
267
168
3
94
70
61
265
3
44
138
1
2
62
97
128
5
1
28
127
3
8
223
51
25
3
14
