218
16
4
160
39
65
160
274
182
281
10
264
3
1
1
229
23
2
190
14
124
23
188
188
72
4
2
144
1
77
237
20
8
4
1
61
32
293
34
59
2
81
118
258
3
14
1
47
1
1
71
254
5
21
1
12
210
5
10
62
1
6
68
2
113
14
193
5
106
3
3
163
241
65
22
18
6
31
117
31
7
4
44
29
254
10
8
114
70
1
42
70
4
179
160
2
56
30
58
11
1
3
50
25
55
12
48
1
186
2
42
234
35
65
149
7
69
168
199
3
21
7
2
24
89
1
95
244
5
8
112
11
1
118
91
1
17
1
121
2
233
3
1
5
142
214
289
1
270
89
62
106
1
84
71
22
27
34
241
41
172
7
183
5
1
1
115
122
110
260
174
14
4
67
90
142
1
15
35
25
1
81
2
13
7
127
232
277
1
5
21
161
213
102
13
1
24
18
160
110
4
25
183
5
11
177
1
10
20
273
4
140
9
20
56
286
63
86
114
1
2
68
212
187
244
105
18
165
219
261
12
8
104
7
14
221
28
19
3
238
8
138
149
1
174
23
27
71
4
172
8
4
33
1
21
15
95
120
4
13
13
101
19
1
121
29
62
1
42
3
128
14
86
1
5
9
40
8
29
52
78
11
111
50
28
79
1
293
65
14
6
27
9
14
131
3
26
38
69
116
90
219
44
48
24
3
255
66
218
1
213
84
14
1
20
225
102
1
283
62
21
9
14
94
57
10
45
36
123
164
158
31
12
1
106
7
1
56
5
133
110
175
1
20
32
10
32
279
1
1
3
61
206
70
131
23
2
118
42
100
11
57
164
95
44
77
4
35
119
53
4
6
1
248
251
51
43
139
68
122
1
64
10
1
2
133
156
7
4
1
49
5
4
9
1
28
7
117
4
97
15
1
12
39
3
27
47
13
11
29
173
6
11
1
23
2
57
222
66
10
185
4
66
45
10
1
13
15
220
119
32
1
46
242
2
4
1
49
35
245
5
8
34
10
33
13
264
68
285
121
12
198
147
53
9
3
16
4
3
34
6
1
289
218
1
173
165
1
1
226
297
27
291
2
56
90
30
22
114
25
1
276
141
32
8
25
11
51
1
99
4
21
1
9
179
290
14
279
211
188
83
226
142
162
231
59
12
1
11
41
14
160
122
47
78
100
6
15
293
23
58
39
3
7
26
270
143
11
35
1
2
9
66
171
17
9
1
286
4
258
114
258
77
3
207
34
112
113
14
48
1
2
267
154
29
10
57
109
105
3
290
1
73
35
79
3
3
1
120
98
269
59
119
51
96
53
6
96
214
67
178
17
65
51
1
27
275
55
1
4
2
1
6
9
56
107
288
5
92
38
297
96
64
131
210
26
267
4
17
128
81
222
11
7
9
16
5
75
50
251
56
17
192
15
37
52
2
15
51
9
6
55
53
28
257
182
143
6
3
1
2
6
158
276
71
22
2
1
158
57
270
155
25
18
119
16
20
42
6
189
83
4
242
193
24
132
1
4
1
184
291
2
13
13
80
18
2
290
149
9
35
78
98
33
190
35
13
16
32
11
152
15
1
2
238
3
11
7
7
145
16
22
72
247
209
110
271
40
29
1
53
137
29
12
62
264
149
62
8
34
15
20
3
54
8
7
295
42
91
57
1
31
66
30
17
1
14
4
2
15
21
109
3
12
2
2
1
14
10
172
264
102
164
7
1
263
155
6
190
298
3
14
133
21
263
153
12
2
98
1
18
14
196
10
3
1
16
158
8
8
128
19
288
53
2
14
6
1
56
84
31
285
7
4
3
27
6
244
4
166
106
177
163
149
1
96
33
8
22
237
40
173
1
43
60
91
160
4
2
5
138
203
42
2
183
229
57
92
82
296
1
160
291
9
57
7
232
2
3
256
34
159
127
5
5
195
27
1
3
108
20
1
177
6
9
1
67
136
84
10
26
46
18
209
79
8
7
151
285
160
30
17
53
117
37
10
298
2
149
50
5
295
2
242
2
9
17
21
5
49
272
172
1
270
2
1
293
62
65
270
5
4
1
14
17
109
16
127
44
19
15
1
29
2
105
25
1
64
35
25
257
25
243
183
72
152
74
267
194
81
192
32
247
131
1
10
3
141
43
1
2
35
40
10
23
51
11
9
4
115
124
2
107
1
1
53
292
8
14
23
104
60
268
4
105
245
1
8
53
16
16
12
13
12
4
63
1
2
210
114
256
4
184
192
62
110
1
88
186
130
10
1
10
21
156
67
4
11
82
3
3
4
168
4
1
228
3
35
1
1
4
110
3
14
1
40
129
1
3
267
1
58
5
207
25
28
14
53
56
39
36
2
179
189
34
3
124
23
4
149
173
115
160
3
54
31
10
1
58
5
96
210
3
181
14
2
16
114
2
11
30
244
37
51
160
79
5
199
1
29
5
10
1
18
26
