266
15
86
43
51
10
152
57
172
15
31
261
1
44
235
1
10
54
7
7
6
259
55
2
103
255
59
1
71
51
2
38
27
104
60
291
1
153
9
19
173
287
74
18
185
16
200
36
29
1
2
2
4
7
118
90
5
3
47
1
264
54
61
37
2
88
105
142
3
1
10
1
44
212
102
37
3
2
19
11
96
3
200
121
45
153
1
24
100
1
8
106
4
23
136
121
47
13
148
4
214
229
119
11
47
13
33
165
114
2
153
190
68
17
28
251
49
134
282
49
8
103
56
71
269
14
4
1
16
173
7
73
4
87
4
60
2
98
1
247
12
35
138
14
124
94
69
38
34
7
5
53
153
236
1
140
66
224
2
71
88
5
121
1
43
42
10
1
114
49
275
1
2
1
4
125
158
221
211
25
133
6
105
4
24
6
229
1
220
84
244
251
12
2
97
78
161
187
3
9
15
2
36
33
7
2
1
80
29
9
276
6
1
91
66
108
170
241
288
48
158
211
258
52
7
6
47
58
90
148
11
44
19
11
1
3
92
6
122
75
60
16
9
6
1
228
9
11
3
132
1
14
272
59
1
14
44
10
4
14
4
10
1
11
193
10
1
174
6
14
1
1
78
4
120
164
3
267
41
8
3
1
26
7
24
67
38
36
51
125
4
15
106
56
28
13
1
9
112
2
5
19
70
67
39
116
2
11
30
31
247
6
273
273
1
9
15
19
29
20
2
6
2
41
10
1
1
6
9
50
233
92
150
4
13
2
170
29
157
3
26
68
6
19
254
71
28
3
234
21
43
6
54
14
38
148
137
7
21
3
10
10
3
1
9
6
27
6
19
19
64
54
138
5
67
2
20
82
26
39
96
77
11
1
84
159
2
198
19
17
288
141
66
243
124
4
173
16
43
63
222
299
1
1
149
180
254
23
11
138
6
252
16
1
67
2
22
92
27
6
2
61
35
1
2
5
10
18
172
6
115
139
59
2
239
2
15
66
37
230
26
1
36
13
7
6
5
5
190
294
53
35
210
292
102
76
17
47
114
2
59
221
134
7
50
71
2
11
15
59
4
14
100
6
34
279
8
47
237
51
17
2
7
71
83
77
131
131
245
2
55
273
7
4
110
8
3
82
23
45
32
22
6
297
41
141
8
188
9
3
35
25
133
258
5
2
13
39
68
39
8
45
108
1
33
7
38
2
5
3
113
18
99
1
2
6
189
158
109
54
32
214
57
211
289
190
1
132
198
19
265
15
93
217
13
196
65
108
81
19
216
71
292
12
3
5
189
198
34
86
3
32
237
194
1
1
280
1
12
3
27
9
33
1
269
1
267
19
5
20
12
285
47
2
21
272
158
50
139
1
59
26
4
4
31
6
2
217
149
9
238
49
4
134
191
8
272
189
49
21
1
5
195
26
26
188
35
80
3
19
32
2
11
81
63
68
149
111
96
7
101
9
3
8
14
54
69
11
6
112
10
8
203
1
13
2
1
82
2
19
26
22
28
6
210
70
236
39
43
1
155
201
17
25
44
133
61
27
181
148
9
7
2
128
3
32
21
154
133
121
2
11
54
41
280
12
80
2
5
238
34
2
279
11
180
190
3
18
87
69
8
7
4
24
4
1
78
9
63
151
109
16
5
20
8
161
25
11
241
168
8
82
2
44
16
130
32
57
56
166
46
32
142
4
85
1
22
54
143
41
36
5
19
64
1
54
4
6
258
14
4
77
120
8
42
1
200
35
1
60
288
23
67
4
5
197
54
188
110
1
12
285
4
68
26
5
154
50
200
28
156
146
140
293
41
4
23
2
197
4
262
278
121
26
2
20
13
78
5
143
156
2
69
7
18
224
1
79
34
3
4
1
160
72
42
9
41
71
13
3
35
3
30
53
54
28
22
12
3
11
108
50
3
257
7
80
104
16
190
87
44
217
1
29
5
278
8
4
198
1
78
65
43
206
226
10
65
59
28
14
2
206
8
15
1
15
1
5
1
1
21
195
31
296
2
257
278
186
15
2
56
15
1
195
248
3
6
4
42
3
1
1
91
1
47
5
71
1
86
16
34
1
18
31
18
106
220
110
219
24
36
51
14
7
104
52
24
1
57
202
37
24
7
2
275
2
6
142
133
208
1
33
38
1
1
1
152
153
4
34
272
55
299
36
99
31
12
94
12
9
4
131
22
93
3
6
68
2
54
184
4
63
231
33
196
19
23
27
10
3
50
89
18
7
1
229
3
173
54
40
1
1
226
14
22
76
12
123
110
4
155
39
61
116
4
4
4
4
117
11
169
205
134
81
2
23
16
62
19
74
218
232
122
152
23
25
24
6
2
8
42
3
73
10
74
30
253
7
200
15
1
159
251
16
3
82
278
5
22
48
1
14
18
14
3
23
3
33
119
54
1
17
1
92
10
3
64
70
1
199
119
21
12
156
221
