122
814
263
133
2244
500
340
439
1371
2523
25
30
1127
338
1415
1692
1303
250
775
121
3690
156
1150
38
1626
259
74
411
631
657
790
660
437
303
1898
940
889
1101
406
333
871
3868
185
773
2541
316
1114
79
2927
568
3544
1816
959
46
2844
134
389
585
1194
340
217
920
3274
127
118
586
552
1094
1730
1019
830
58
1620
462
110
1598
2073
2535
58
841
2145
962
714
1432
1535
234
898
2551
65
659
1254
765
4991
2681
50
227
2553
455
45
555
386
83
2439
1290
297
353
1758
3289
352
73
43
281
334
466
696
54
2447
1349
265
1325
519
664
16
285
127
1029
268
990
169
963
1334
1017
24
1678
1181
169
3100
1260
695
40
599
744
556
1449
169
336
311
273
678
769
43
518
261
321
1056
329
268
54
944
8
1624
369
1134
490
905
873
202
714
1691
739
393
1344
613
464
60
367
5508
216
876
356
24
2953
509
2940
334
910
5836
230
145
2421
1834
712
779
67
892
1388
291
92
197
2
633
191
1086
2429
461
562
2007
588
645
1687
643
162
720
1432
799
77
553
1415
296
682
1613
565
1225
163
234
85
271
180
815
1386
1509
600
526
1776
199
109
2722
2841
35
410
863
74
533
1708
117
2548
515
724
720
80
163
3
490
589
289
66
1098
477
48
492
29
3072
613
840
1892
126
725
1667
2416
824
340
241
204
2456
713
1226
1313
255
1641
90
2216
249
117
204
132
219
3
138
1182
343
124
776
4249
378
176
510
408
898
13
1479
531
224
864
919
286
625
265
456
1000
1359
1781
884
79
348
1867
2223
1718
1966
270
1046
40
1373
893
1492
1000
271
78
697
399
1457
553
151
404
967
558
4
576
125
279
318
1543
877
1162
1058
756
2546
487
1059
491
2359
247
2302
2918
532
160
443
292
1793
670
457
110
4
2073
455
695
305
395
209
54
1449
43
734
858
620
6611
95
324
837
57
1848
1021
1298
110
2262
723
1062
1504
554
410
142
774
237
1341
1361
283
1670
1137
307
580
318
775
258
1036
1212
719
458
2348
1751
1094
59
535
1971
2271
187
623
1792
393
1577
749
811
370
1459
78
1324
361
1022
153
1058
1579
4457
459
1325
3470
1298
2837
1100
834
1005
330
813
220
4704
35
294
24
643
260
501
915
2321
995
3290
473
2163
865
295
755
316
3873
90
387
1550
24
2643
310
1088
685
292
2403
2377
13
2208
2702
493
456
165
2653
2912
34
154
525
1702
1015
1641
1237
480
312
144
742
4344
220
1624
309
2061
1561
843
2102
644
38
3651
2639
651
1233
1109
231
1811
390
50
125
974
105
588
365
175
550
1354
272
1272
73
2565
285
1754
440
373
24
165
45
674
2309
1453
310
4052
2123
188
93
1081
3685
882
690
1053
488
733
630
282
463
280
1196
1231
9
907
895
27
2254
1402
4451
1071
402
98
305
66
1452
102
897
371
110
485
1541
214
5920
1021
113
36
628
980
995
3670
2016
1579
1396
90
1036
1196
761
2029
4646
142
255
610
64
198
2172
3306
293
228
206
222
163
434
4102
390
713
934
1973
759
2448
49
538
703
813
2232
1421
1569
347
82
130
226
802
103
176
106
473
840
235
394
1445
447
1370
1525
1313
1279
49
1889
1224
2222
1228
1385
1256
284
704
1108
412
873
1982
2081
1601
868
200
176
1245
339
2095
6039
1034
567
2747
291
344
23
2329
1868
452
87
2239
385
745
455
258
1511
1025
162
1005
78
157
1361
596
668
1467
370
2163
454
1393
264
204
307
741
1311
20
887
345
99
1319
1010
625
793
360
944
749
67
254
665
436
78
36
365
90
1623
1160
1941
322
385
1241
82
495
165
287
3219
3796
668
1860
812
1298
1917
2589
780
143
900
1352
696
134
729
510
1204
5004
814
63
1042
481
518
988
1039
378
1838
354
517
44
708
786
446
157
274
865
129
41
53
3783
192
1010
72
677
60
1269
181
1725
2945
273
540
852
5647
627
556
132
732
485
274
669
433
226
174
467
227
1071
3186
812
432
8
798
571
1127
392
599
2116
1133
640
1
775
1166
2404
2799
1838
1239
204
163
2276
1225
696
522
220
426
592
90
29
866
529
205
1829
851
37
23
1190
710
4377
1583
231
3519
34
163
2825
7832
266
5218
160
1153
576
21
3243
572
1110
848
492
433
322
2309
446
487
8
618
3973
152
241
2069
44
2970
279
1660
608
784
789
2640
1121
1062
2098
7921
690
1331
2126
303
989
2296
137
2453
832
1174
350
122
1950
312
156
22
261
1061
290
948
2921
38
71
457
779
2020
147
1759
2065
165
19
2389
33
309
1873
1693
197
1029
390
1309
996
61
1135
374
1773
436
701
16
1106
931
107
803
551
549
2515
267
989
314
439
2120
1072
58
223
849
500
755
278
436
425
703
168
335
187
1597
2241
616
142
785
2219
41
134
153
762
65
198
272
57
196
1090
1584
128
1079
766
546
2381
1464
1221
89
525
320
1908
158
847
1038
412
1326
1490
468
210
140
619
84
3619
795
747
67
1958
2169
294
2046
409
100
965
623
77
470
855
105
787
709
176
279
25
438
246
99
524
908
2743
285
565
588
501
563
190
803
652
390
1756
1900
336
6010
240
96
691
466
3128
636
2496
396
975
10
285
874
150
43
533
654
785
53
588
1109
1159
428
1209
578
704
167
607
153
914
217
501
41
449
138
521
188
1499
106
2225
356
316
4627
126
423
1282
677
170
406
694
1837
418
811
2140
235
123
575
3217
83
88
1057
540
