2479
9
1893
897
155
2276
939
1998
649
707
1738
746
44
830
362
438
682
5
1303
308
863
507
2128
460
1364
1706
568
1558
581
906
632
782
940
280
53
1242
663
1019
1121
905
401
1012
4011
155
747
807
1338
430
1213
1307
490
25
417
1227
814
1251
756
1995
2588
413
2126
2721
2288
1553
1516
908
292
265
1270
977
312
415
166
329
91
908
436
759
233
1382
1183
672
134
2029
498
1505
1920
780
1503
1127
315
552
1485
2359
4178
22
175
1586
283
433
78
838
238
1159
1555
620
1050
1258
927
1573
2167
207
60
918
137
356
1871
434
689
539
194
663
970
1126
4976
1037
1025
763
1105
23
1374
416
7722
295
14
1263
366
114
904
2039
260
1096
792
777
201
433
239
1153
787
409
65
1051
10
503
847
132
125
440
2845
663
419
425
1855
349
79
1852
73
576
561
39
252
271
329
771
908
243
2242
888
560
1288
2459
2941
474
2
1078
1535
92
2505
631
208
1090
148
99
171
2674
168
393
1079
16
676
2103
842
578
2487
24
1049
273
2064
1214
531
761
5463
332
257
1216
2022
511
1255
559
730
427
636
493
105
2697
60
695
1304
710
524
798
844
351
1834
318
608
3771
247
2365
775
140
2507
1017
156
4724
485
1726
454
2552
1183
583
1842
1180
167
492
923
378
1520
1205
1428
684
1790
1247
701
1067
1083
37
2947
256
593
1647
1131
1101
287
164
1693
1937
1155
902
1002
79
157
1563
1358
1784
1935
3234
1097
442
1125
1249
718
604
2660
340
191
3978
405
328
307
164
127
319
199
1621
319
863
334
498
333
4140
944
101
1948
1380
430
3292
191
1671
306
148
1015
378
82
180
446
1496
292
277
394
1352
33
1470
1234
2255
368
851
1088
79
581
296
212
1256
194
207
129
457
17
570
893
690
890
1314
116
59
1168
162
651
1018
793
1613
48
740
4086
1793
1106
911
264
229
1559
627
2656
1963
1552
1583
258
354
2352
2790
463
790
1047
342
281
249
163
451
616
799
5089
1690
3442
646
2395
317
342
2445
1790
303
2116
2361
532
267
21
969
699
1054
402
47
1783
228
270
2127
553
510
2816
1566
1003
1057
2507
136
1294
729
2163
638
545
513
162
117
516
672
1
142
230
413
617
1980
3739
245
256
403
339
1033
56
1238
1725
395
864
2
1554
1390
1815
287
845
446
192
554
1321
165
132
1408
34
161
769
1640
692
2371
375
1188
575
3592
2999
1841
402
638
626
639
806
379
947
104
549
284
383
579
1958
3349
793
2604
1464
254
1186
96
494
1742
537
1085
776
1077
297
158
601
1689
512
460
1179
354
22
988
441
1444
2373
219
4714
626
1156
2041
72
615
1167
737
698
32
475
451
1017
561
1935
485
336
399
1256
73
144
1325
2050
479
787
635
262
1809
436
1575
128
15
542
655
692
215
3407
1107
3079
1163
15
1483
383
106
744
211
2503
905
747
2032
788
2095
303
298
15
602
833
1341
120
878
637
111
1109
1156
962
2102
92
225
63
1207
2891
463
191
81
1898
2103
646
2617
1268
474
793
1132
1748
918
15
130
980
3301
4
102
272
340
531
100
133
1328
2976
2694
1344
708
551
1503
270
1674
228
2121
514
576
89
1679
503
1779
216
870
547
191
674
2183
2181
579
3994
144
397
2648
1133
837
660
1726
1478
168
1620
626
398
1788
1953
375
1835
90
387
42
630
131
979
781
377
277
644
220
273
864
2043
2565
624
136
312
670
1705
577
195
2316
1766
3051
104
366
366
798
294
832
1354
35
597
131
1072
60
199
1346
2064
74
366
327
155
1343
639
101
1116
426
726
514
937
1490
1109
366
3040
53
910
4010
345
70
111
497
308
2560
125
626
241
725
163
274
358
2083
620
4279
25
176
270
434
672
2059
329
3589
802
29
502
310
971
327
4420
313
121
742
533
562
1686
512
948
306
874
193
368
245
2424
197
244
815
176
822
1911
3176
997
628
2309
981
405
240
144
1043
2006
159
1
82
346
820
1420
36
3484
1210
1843
520
766
169
733
1606
119
2566
831
347
1314
380
672
494
328
1859
1198
815
697
699
1929
1883
528
2155
740
1685
2569
17
716
313
1747
9
63
1308
302
797
387
11
287
65
775
966
1388
1523
445
1718
2464
296
1477
2560
314
855
90
2340
2322
235
868
887
800
884
2921
487
599
460
294
2543
43
110
1500
702
4023
2139
566
5255
1124
1045
1071
157
1100
807
1057
966
1813
785
1483
676
185
355
170
1115
3523
486
261
836
2188
3861
626
162
410
850
1060
80
653
2054
5381
772
26
1392
785
26
353
644
2229
507
1445
640
680
140
167
78
409
1022
119
327
721
436
3271
923
144
4
1447
123
361
2939
351
147
971
260
1093
824
1252
70
84
1079
8
18
1523
2131
339
434
2031
951
1397
4850
739
117
221
550
1029
1107
290
1467
244
181
1526
1744
243
749
2737
338
987
905
561
151
167
184
939
2161
110
1367
2500
1233
626
553
3049
1341
422
863
611
2072
350
172
119
34
276
437
231
433
471
1260
1400
67
1286
370
312
1522
202
780
402
402
902
131
361
1949
194
2213
630
2308
1086
2606
2103
424
167
605
728
1345
605
154
213
108
957
184
947
4726
293
546
11
548
2327
754
2909
1465
242
382
614
396
680
2370
712
720
3663
1087
377
94
1927
4034
258
90
4726
136
86
1819
877
2711
654
760
1061
584
671
1578
283
251
65
598
4222
2514
1096
1397
1945
562
46
1898
1699
1461
994
639
180
723
665
351
114
998
376
593
412
2444
