1301
464
438
897
563
591
2845
574
1111
931
504
854
149
513
1283
191
4918
3010
70
2967
855
1311
754
829
664
218
131
217
1959
293
2734
680
86
214
1164
397
219
1190
209
659
1866
384
1050
2029
3423
2947
32
1020
203
1707
946
756
2041
643
276
3191
341
1791
703
126
1191
458
4738
169
350
41
214
254
2075
4627
185
2509
512
941
442
1018
335
2188
1010
905
454
276
227
188
4
202
270
296
1015
156
2434
1074
358
3810
1256
1303
1010
4531
459
457
1122
1251
233
1567
951
150
733
1883
189
3996
972
280
326
2510
1219
1808
434
1023
396
1076
217
4
863
1195
403
697
1722
265
76
705
37
119
621
2017
4335
2053
796
25
471
858
295
2072
103
1015
1675
364
761
1028
255
1150
782
862
631
5528
1960
1485
2057
322
2265
1718
183
392
155
31
1516
655
2207
145
1796
202
149
275
22
1172
844
39
816
1069
1479
1234
2515
158
861
443
94
760
1450
345
256
211
942
1105
1263
95
955
231
566
810
1208
1858
587
859
1669
1340
952
680
632
623
3243
934
4991
1546
326
1324
3406
2045
409
615
2107
226
333
304
320
316
4474
1203
602
1430
56
58
3230
817
324
1040
63
68
695
907
341
90
49
692
98
42
44
908
2593
320
803
485
111
851
276
500
1122
1795
529
451
1257
79
424
2628
98
6649
224
46
36
638
543
224
803
3713
231
178
1957
1236
714
509
1400
2805
884
85
860
585
226
685
4451
804
647
2278
818
690
27
419
347
171
1298
1038
4218
305
629
578
1125
315
1575
2403
3016
711
1002
300
1521
190
2772
919
208
138
1261
1753
86
1229
2
250
2293
1699
20
88
2389
145
92
80
497
438
4052
851
1358
391
554
497
632
1419
1106
3362
1998
2367
338
649
66
2606
106
217
3402
577
718
58
1153
42
1928
215
23
2882
1229
739
470
523
183
1197
894
1661
57
1441
783
165
2011
1226
578
629
2308
3612
2163
672
668
1341
3646
179
2021
303
591
1033
41
314
3470
232
712
300
367
1400
1044
5230
207
1731
190
289
530
1177
204
825
1172
405
88
343
136
2759
1558
631
1060
901
786
496
3036
3503
622
1418
86
849
11
480
618
2016
1059
2441
2599
31
104
1696
1681
502
1123
213
3198
673
298
1708
676
1637
2014
1240
859
1346
234
43
2158
1472
1433
689
2174
915
788
238
149
192
986
281
515
804
888
46
581
146
938
2247
788
36
1887
652
646
361
461
3195
385
1369
455
829
2381
2176
464
1288
760
768
439
6
492
411
944
47
78
110
833
750
2322
294
139
33
778
702
528
628
1254
986
1313
146
3003
1682
2447
299
698
493
3942
457
1626
282
72
902
135
5128
1295
205
113
0
4
4220
69
1256
455
2986
166
1354
1217
1977
126
923
682
931
668
390
522
117
361
948
9
1488
2498
664
384
1681
310
112
1649
3227
1946
2442
768
78
866
1023
419
1167
1008
2127
1676
77
939
2656
507
21
423
983
3105
1127
1853
957
1791
475
1318
2519
72
938
2719
1844
2118
19
899
81
786
772
1724
1332
1987
3220
2935
650
1313
447
444
3
206
23
1296
520
28
135
1126
3082
836
1105
201
552
532
49
1606
100
1330
3148
960
1175
72
3759
1082
605
824
580
251
1867
158
933
1700
71
125
763
1428
771
586
319
496
1637
2287
5
1118
707
2230
328
658
1372
3339
377
16
1419
1032
478
911
461
582
266
319
827
1252
222
2869
1454
1444
190
2335
21
343
185
3784
90
204
340
729
720
403
790
1301
94
1231
2046
1378
768
1225
1302
330
485
108
1544
2054
337
2379
962
728
2144
1620
641
297
1910
763
3790
2285
144
414
716
50
108
442
580
380
204
1917
1242
1077
1333
467
4282
342
791
38
108
2250
504
1855
1264
79
229
266
155
317
14
327
679
351
874
246
113
1080
336
397
36
1451
3231
820
1058
257
33
626
988
108
2617
1248
414
566
4955
114
1317
1278
2908
1714
653
1601
1128
3886
616
403
2859
1180
981
383
1040
342
281
2358
573
470
4591
971
1408
1130
1211
1390
1045
1017
678
495
857
1140
1719
556
974
248
1332
783
1357
1241
827
1183
2167
39
146
1479
202
758
2050
313
1956
1000
177
483
103
695
451
482
0
403
3515
287
154
246
365
509
1964
153
575
1426
436
639
662
1422
493
1237
143
162
14
1092
166
216
750
256
200
174
182
1640
1941
1456
155
376
2017
55
1478
1413
826
1039
389
1903
854
253
323
160
792
1534
1124
360
1212
381
976
109
1888
916
468
2300
1369
191
615
1405
345
331
906
1029
3070
977
1214
785
227
634
1857
654
1205
863
2049
4078
2125
291
453
968
115
391
1470
114
1159
1337
462
900
442
2436
938
433
4337
1359
1347
158
506
571
505
974
542
606
1116
388
863
1332
187
1700
87
463
383
1196
2240
1147
36
103
1583
624
1299
1216
103
673
791
457
2491
1128
2023
720
709
134
181
558
519
69
16
2890
1041
382
234
2
66
273
753
1693
1080
943
216
1759
2511
364
1595
749
908
433
131
44
227
867
1601
1032
462
95
464
1026
618
653
955
2229
611
852
430
1398
634
755
1256
143
568
1256
596
2835
310
1200
169
1217
6007
2095
144
2982
496
299
368
969
427
1089
651
2519
1117
634
1848
185
1356
399
248
101
127
457
1473
90
1122
494
978
318
219
758
1097
1
103
295
110
1486
257
205
845
1092
4141
638
298
1160
625
633
488
3307
633
1035
111
659
357
5455
291
619
796
247
929
670
261
667
1925
1023
5425
2389
2488
167
60
46
