52
56
69
14
28
6
71
122
176
75
20
11
86
8
39
60
2
34
28
51
61
43
251
96
175
230
225
58
288
47
14
1
206
280
21
4
2
36
99
65
33
10
73
33
21
37
112
121
18
39
1
139
3
256
5
156
99
8
57
97
120
29
66
11
9
55
211
10
64
2
95
1
6
218
4
235
222
99
171
30
22
109
10
2
1
7
4
3
36
72
270
162
127
140
59
3
117
22
214
71
6
126
138
26
101
265
106
100
31
81
203
14
55
169
57
127
2
3
86
46
286
22
95
1
2
99
50
2
1
1
39
40
8
39
6
66
101
24
52
6
2
4
105
30
85
47
293
6
4
4
7
280
114
85
196
59
2
27
26
108
8
120
104
10
224
51
2
1
41
20
120
1
53
43
78
10
76
5
5
58
49
12
263
3
58
21
98
113
7
5
2
4
5
239
30
4
11
5
72
1
103
14
217
164
38
197
25
1
24
9
92
10
4
1
13
2
61
1
28
77
33
7
235
8
7
64
18
93
53
2
209
71
1
213
167
28
3
8
19
28
29
211
114
1
203
95
14
3
219
10
9
43
27
213
111
13
280
100
242
41
97
226
273
187
95
17
12
3
154
81
54
30
5
29
39
1
153
9
1
1
105
5
110
13
97
44
1
86
103
34
29
4
237
3
5
116
146
167
2
2
177
28
96
55
20
293
212
129
283
119
1
122
1
3
140
79
109
82
52
6
162
18
7
1
95
63
34
22
4
5
214
72
206
13
39
294
203
4
3
167
3
147
21
1
157
6
148
44
8
80
120
1
4
10
4
3
189
70
29
148
87
2
154
31
185
17
110
1
20
132
33
1
2
40
7
193
27
2
4
50
1
2
35
141
157
166
99
20
60
5
2
93
1
28
1
277
2
2
166
93
99
107
8
2
58
71
57
2
53
41
38
6
1
139
16
19
110
2
113
58
25
8
1
58
2
258
44
27
157
191
56
77
44
19
9
1
4
73
4
30
237
173
294
2
273
69
34
12
11
121
173
39
8
49
4
123
31
2
174
129
249
11
36
81
15
1
30
14
45
4
1
263
43
1
19
5
53
93
15
41
36
3
6
263
207
2
10
3
21
32
2
61
45
73
56
264
6
7
1
3
278
2
13
58
48
181
18
28
8
66
5
1
15
212
34
115
31
186
8
102
5
8
187
51
4
1
8
3
8
1
243
193
101
34
7
111
117
2
136
16
1
1
82
20
3
2
6
20
5
37
1
9
12
149
2
6
116
271
5
2
14
278
244
1
97
6
91
14
25
126
1
110
258
7
1
45
9
7
22
92
72
22
271
19
13
15
41
45
103
90
88
292
96
27
108
49
151
1
252
1
213
7
46
12
11
7
2
5
7
193
1
16
285
58
4
51
1
6
11
179
45
92
26
1
15
35
80
1
4
84
81
10
1
293
164
68
19
95
89
1
60
3
284
12
69
2
58
197
11
184
5
7
6
31
46
17
99
2
51
36
80
41
3
169
25
95
5
253
9
134
4
79
149
2
288
4
70
2
289
157
53
2
214
81
152
61
145
213
36
1
14
4
228
213
7
23
176
295
12
25
22
19
5
62
30
38
4
295
104
54
103
2
8
113
1
249
3
72
28
165
114
1
138
13
51
4
15
159
1
2
110
238
109
12
185
109
72
25
72
2
262
2
187
2
39
66
8
256
26
99
186
145
1
14
132
154
25
239
1
123
66
25
82
1
6
125
20
247
25
80
2
4
9
215
2
217
141
36
8
8
19
107
129
125
259
33
248
99
4
37
6
1
13
67
26
5
127
1
8
14
4
123
242
25
176
60
80
35
162
25
1
1
253
15
7
172
117
4
1
83
223
221
3
295
59
48
41
18
2
2
57
1
32
46
52
4
18
13
62
65
4
276
157
12
114
21
183
5
93
11
5
1
2
11
67
169
18
2
131
34
11
1
23
13
10
12
27
4
39
10
10
2
89
13
2
81
94
40
3
85
131
3
5
11
6
241
51
4
72
168
250
120
43
105
85
37
1
4
1
4
180
73
14
172
9
87
2
18
128
104
22
2
51
8
5
27
14
225
231
2
7
74
1
29
175
276
5
57
2
7
34
57
109
1
3
1
10
18
1
60
44
79
208
4
16
2
187
7
133
121
281
67
132
98
11
11
1
295
5
5
31
3
2
106
38
1
90
56
105
2
67
241
8
1
249
2
3
277
79
25
11
2
129
55
61
208
1
4
2
10
1
41
8
163
2
146
76
50
8
112
16
42
261
6
80
2
3
87
70
189
37
1
9
2
16
18
67
1
19
269
294
181
280
103
167
1
175
2
4
111
212
26
1
201
33
108
55
70
290
181
17
3
64
4
117
1
1
31
15
1
2
1
283
5
19
18
5
280
69
49
1
13
33
3
15
15
9
241
166
151
75
11
284
212
1
