108
147
1
13
12
124
4
186
1
13
25
43
4
1
5
1
138
160
23
263
12
3
5
12
129
1
3
5
1
110
57
2
11
278
20
18
110
22
6
53
182
1
30
12
5
12
137
288
40
1
3
21
17
1
6
18
2
16
14
2
278
6
43
6
32
16
2
185
135
4
1
1
176
1
162
57
90
12
43
2
284
15
13
17
93
115
61
4
35
30
27
21
7
2
16
3
1
43
24
5
32
15
178
34
1
168
5
67
22
5
3
1
10
6
160
30
1
151
2
88
228
152
1
229
1
156
6
147
163
15
179
49
1
2
46
24
142
2
1
1
231
1
58
7
51
24
1
3
78
9
4
62
93
85
4
135
2
1
163
102
8
26
3
261
2
49
8
80
24
227
42
39
18
70
1
45
20
16
213
31
240
9
6
294
13
15
5
105
69
21
8
206
12
10
34
177
31
5
84
80
8
280
10
254
92
1
53
51
114
232
50
2
64
2
89
184
191
27
58
8
44
53
250
66
2
24
114
31
25
120
163
146
2
180
11
26
182
31
202
12
250
3
14
248
105
262
32
35
256
33
143
1
3
74
43
3
7
4
104
26
1
31
1
117
3
9
5
1
163
3
1
189
1
41
64
279
17
2
75
28
48
3
2
5
7
10
5
30
1
214
7
228
8
167
6
3
283
76
289
9
46
109
41
204
152
23
3
1
5
8
12
5
111
23
25
19
255
14
55
23
86
8
123
1
2
3
12
42
32
2
133
63
7
169
57
6
160
201
1
2
157
94
35
14
1
1
12
72
117
60
112
29
4
31
50
209
219
3
38
21
90
30
4
84
140
115
46
24
31
1
51
75
19
35
18
1
11
194
173
2
23
281
101
260
60
60
1
38
4
7
1
18
2
20
125
165
2
2
33
7
1
16
10
1
6
8
90
2
12
13
41
57
282
55
78
153
143
4
42
5
7
5
22
65
148
24
224
6
1
24
7
43
12
77
89
285
113
74
101
39
5
2
7
284
20
218
10
184
214
1
5
2
49
260
55
3
38
26
6
94
214
213
71
6
54
30
18
151
222
74
13
5
263
14
119
2
1
4
47
16
125
92
10
1
32
141
1
6
141
44
1
111
108
201
270
154
7
107
29
54
120
70
272
15
33
67
2
2
22
288
56
51
128
74
42
83
23
8
4
286
8
228
10
21
1
152
4
70
21
118
117
5
18
242
4
17
136
37
101
4
1
7
104
16
3
206
39
1
85
1
29
35
5
53
168
262
59
218
130
11
9
94
135
5
1
108
4
1
46
2
113
15
81
220
220
1
7
249
28
232
206
33
1
69
85
54
80
3
7
35
182
96
51
1
17
244
74
2
160
176
1
1
213
6
185
21
27
199
12
14
6
161
1
156
17
20
20
139
13
234
6
264
15
167
116
201
27
51
8
279
55
3
41
201
280
113
72
7
266
1
2
2
194
122
87
4
7
204
57
296
2
183
6
7
130
154
21
13
86
12
17
177
79
232
179
41
47
109
224
72
1
1
7
31
36
2
1
69
176
3
3
117
1
9
82
54
140
9
28
10
51
14
227
2
2
42
1
181
212
111
280
179
28
37
1
277
139
151
15
2
23
13
265
39
278
35
216
201
34
47
47
3
197
39
115
181
24
26
1
1
3
114
8
14
3
224
62
150
152
51
40
149
273
34
217
18
98
15
31
72
1
1
206
12
5
15
9
30
54
127
63
137
24
1
31
131
4
269
1
55
48
1
109
156
10
56
85
213
5
1
39
182
233
152
213
3
217
126
7
88
162
15
146
10
257
284
66
229
1
58
8
3
9
2
23
195
46
164
219
6
1
1
277
1
241
19
2
168
55
14
23
26
39
69
53
259
187
42
129
10
29
21
6
34
33
21
181
35
120
18
56
8
16
21
239
165
3
44
12
28
38
6
2
5
215
58
57
230
2
181
129
52
11
2
85
8
72
1
208
145
182
4
5
23
213
221
23
144
4
14
1
22
157
45
16
258
16
11
1
144
9
127
190
6
15
22
208
276
4
13
88
4
58
14
9
33
22
249
114
12
227
270
3
13
46
114
29
76
1
24
263
33
22
175
3
43
2
60
20
16
2
2
1
16
97
125
1
24
11
32
10
96
1
84
93
9
152
40
176
106
39
3
38
143
143
1
3
2
46
4
55
44
196
84
42
19
62
18
12
36
6
7
26
32
5
1
79
5
23
5
134
24
18
12
7
298
101
13
5
203
71
129
264
51
53
9
185
1
2
17
5
1
17
46
26
73
1
53
1
27
256
226
11
33
86
271
77
8
242
128
6
4
1
30
1
1
6
157
12
83
15
1
161
1
54
43
1
202
20
70
151
58
1
108
63
228
1
27
148
37
17
24
24
3
68
14
1
23
218
110
108
24
1
4
5
293
91
1
197
109
1
148
15
78
2
