10
11
102
12
12
232
168
50
43
121
122
151
2
3
211
1
7
90
128
29
1
8
40
78
2
20
2
149
20
2
71
35
283
274
268
161
51
7
45
6
85
29
32
136
4
36
9
4
100
26
2
113
1
4
22
11
13
102
1
78
7
4
1
178
93
9
37
162
5
182
148
4
1
8
187
121
30
9
1
13
274
3
77
159
52
20
9
251
1
47
236
75
278
25
29
212
70
72
38
5
94
64
18
12
74
278
39
212
3
16
1
26
145
80
11
81
148
3
1
160
66
6
68
110
4
35
235
94
5
62
6
49
5
240
9
11
72
10
202
9
86
223
188
283
52
149
36
2
52
23
17
54
1
54
11
5
1
34
288
2
197
8
32
4
4
30
179
105
2
18
13
67
14
5
36
4
68
261
137
19
23
22
4
40
2
268
1
44
181
262
290
11
83
114
78
3
98
51
11
82
257
25
20
202
50
64
13
4
111
14
20
238
25
100
56
8
1
49
1
42
33
11
54
1
88
40
246
21
24
18
11
25
125
36
51
1
1
122
298
37
95
8
6
149
2
24
237
157
149
252
1
37
59
98
11
134
17
2
214
12
3
132
32
12
3
8
276
171
15
21
3
39
12
36
1
15
222
61
10
13
144
288
14
184
6
292
60
6
91
26
2
25
51
3
1
1
219
97
34
13
136
256
180
39
76
6
30
147
284
123
22
14
8
29
191
52
21
8
6
24
72
22
2
118
82
1
14
75
2
56
2
69
32
1
5
1
6
145
108
275
6
28
6
14
41
73
4
43
1
253
156
24
22
39
2
100
29
23
29
35
64
78
140
8
169
13
31
2
17
19
1
9
3
208
5
1
254
18
76
125
117
15
13
96
47
57
195
200
227
58
114
31
1
5
13
279
49
30
7
2
144
178
41
4
84
3
28
43
5
251
275
2
34
1
166
1
142
1
153
133
13
1
9
155
92
1
98
4
3
1
3
31
294
44
115
13
1
3
6
2
52
157
50
25
82
267
2
121
212
17
6
25
297
5
251
6
11
21
244
2
11
1
7
96
31
9
24
167
37
225
29
18
64
94
1
117
158
150
7
30
29
2
247
10
74
32
5
223
65
122
24
68
52
128
2
4
1
9
131
161
12
14
4
9
169
13
67
73
246
1
1
12
3
115
159
58
1
147
259
21
42
24
211
236
71
47
14
36
2
46
14
62
15
4
2
64
129
36
33
18
92
161
253
292
3
2
1
7
17
176
103
19
10
57
111
10
257
4
7
113
1
65
1
1
6
279
4
143
107
19
30
222
3
20
123
2
1
109
4
1
58
21
1
47
265
57
1
4
13
73
3
13
13
23
93
273
14
86
26
40
79
14
247
5
221
24
93
6
5
101
176
96
14
95
7
65
278
3
176
9
1
2
20
12
238
2
61
3
1
1
59
13
128
22
1
288
118
78
252
23
120
206
29
295
1
90
20
158
1
120
192
10
5
63
300
2
5
70
81
223
106
2
47
52
119
4
186
41
6
9
6
60
136
87
74
32
2
1
3
16
7
38
96
15
109
8
62
27
261
36
6
135
92
230
44
90
30
66
144
81
15
157
24
13
23
65
6
212
120
179
42
62
277
41
34
98
149
3
234
17
19
16
17
80
2
44
19
10
2
53
12
118
16
7
1
7
190
12
157
23
40
51
178
4
258
74
24
31
34
290
3
140
188
61
18
1
4
24
90
134
4
16
78
4
15
30
15
16
17
42
5
11
198
10
116
3
12
16
128
2
237
113
21
32
34
13
1
35
5
1
1
64
133
219
117
212
1
82
4
2
2
2
38
2
1
11
159
7
103
2
14
58
37
129
285
3
1
104
4
3
231
154
83
13
59
34
1
2
8
20
243
54
3
291
132
36
13
167
10
2
62
1
53
2
5
12
12
73
146
68
5
16
39
18
161
12
139
204
1
8
218
195
60
172
112
10
84
263
33
57
130
44
4
39
9
266
81
10
38
97
2
36
35
2
1
18
8
1
79
7
163
1
31
31
32
1
163
6
217
4
1
172
111
11
17
29
8
9
97
133
25
1
206
1
105
1
20
39
100
13
34
4
3
22
1
13
90
230
3
2
48
131
42
23
133
236
7
156
1
118
184
14
4
164
37
9
57
172
3
5
65
60
296
68
202
25
192
6
5
4
56
2
27
141
127
67
96
23
14
18
142
267
213
30
4
54
22
135
1
78
28
83
129
70
19
2
121
81
191
40
2
56
70
179
14
1
57
54
5
8
10
212
91
2
59
15
70
132
29
139
165
4
55
143
3
291
3
142
36
6
141
34
131
1
4
122
17
75
211
2
17
177
25
49
38
5
2
48
44
95
51
9
2
207
10
20
29
238
158
16
2
30
1
31
31
240
169
34
24
194
24
42
179
3
120
3
57
110
2
32
11
70
93
116
36
