254
2894
2045
958
566
1571
1222
1927
112
760
805
288
1108
73
453
854
985
226
651
1150
1393
580
378
160
178
737
947
1252
1704
161
1404
1269
683
112
198
230
1972
10
167
93
2112
273
58
839
286
150
3313
957
3154
1122
983
1248
1966
194
468
634
109
3986
147
1017
29
586
428
105
1272
482
1182
1990
2687
637
559
919
1348
1546
257
19
19
247
261
541
2825
415
121
89
831
1818
2655
200
3408
580
1503
5736
176
903
1094
441
3106
192
1412
568
1399
540
2307
493
1318
1209
1305
833
2894
2822
4398
154
604
487
177
253
25
731
4598
1085
341
660
689
878
396
833
1055
390
514
951
3109
1155
1251
1607
1057
621
1226
632
935
1112
487
1497
272
499
2076
63
592
1143
876
132
584
628
607
1694
607
616
1199
72
82
579
303
653
563
375
34
5964
127
1562
717
526
1297
574
3020
1597
136
1880
526
601
2584
150
1264
765
1056
1944
186
915
2098
731
504
1020
596
191
281
1151
455
70
1495
183
736
427
2777
843
5793
246
817
206
1785
932
580
471
358
705
1333
536
1798
1227
441
948
769
289
599
966
506
74
609
794
174
586
2163
571
946
3272
757
652
373
105
1000
231
1025
224
1633
101
2121
2643
1134
2789
2797
853
611
75
210
2212
1897
331
617
767
44
119
1752
628
619
100
3631
153
505
1127
754
1062
1953
626
1054
887
21
222
743
677
612
756
820
214
855
47
312
4938
1467
1945
90
1457
1079
1271
97
234
690
730
1936
907
360
396
350
441
647
221
326
300
365
566
58
4104
2086
1087
1357
1300
1744
58
904
363
1345
23
413
438
473
1307
1059
43
1147
115
3141
241
2884
661
2278
323
1150
315
931
1277
2282
421
63
514
1964
337
361
2856
1659
320
122
1014
233
757
765
436
903
1616
1045
199
136
1448
910
751
1530
476
2294
491
1409
691
352
1060
292
62
555
1195
590
161
837
39
2146
877
939
1659
356
656
296
801
249
288
1509
673
2249
49
4006
941
19
485
1832
53
391
2071
857
134
675
613
643
1198
2422
799
62
228
1379
2205
115
1123
35
843
1276
728
1165
32
240
3286
1136
424
203
2264
244
248
1052
1876
571
69
2429
1134
2749
891
594
341
2668
567
273
1733
65
302
143
1322
114
44
1988
1722
76
897
143
427
434
219
1138
2503
270
838
912
758
1014
557
585
945
1510
1241
1083
3211
466
294
438
6924
956
239
942
487
496
1711
388
2206
1714
2914
645
461
35
429
2243
1657
621
578
727
607
66
184
91
317
1001
277
1550
1743
140
1128
739
1937
422
2035
121
2657
133
383
925
631
3142
415
322
4
1135
812
624
853
193
1537
399
937
282
1412
871
140
842
12
452
1246
2201
1354
1198
983
751
1516
1625
1836
8
645
1170
88
322
1307
716
118
690
1269
394
3761
229
94
2637
954
2604
1563
495
984
1492
147
125
375
311
254
143
42
1660
1950
144
395
664
1099
509
319
181
226
1242
948
177
83
1381
325
1157
3168
2394
598
836
193
2459
59
1305
3276
2870
740
951
374
2117
216
69
914
3300
540
1293
243
3043
1505
268
1043
60
211
790
1676
1347
140
98
779
312
462
84
3881
351
198
791
95
1277
43
459
2289
360
654
498
176
667
2977
283
102
1407
637
86
2639
23
105
319
1570
450
92
83
447
1082
131
1028
372
2102
1464
1030
1803
752
787
210
278
1581
1142
1518
772
837
1154
922
1210
4714
1570
50
745
211
1206
1429
251
965
254
19
644
716
1788
573
38
1861
1102
743
1880
1562
242
414
106
674
241
14
580
405
1122
1540
1238
376
3406
2064
80
1181
724
199
264
2620
973
1102
268
559
339
1998
2819
1152
722
1284
593
786
1378
1092
1391
2123
325
582
2500
396
572
422
384
2996
858
769
2353
836
4028
29
1664
138
178
1995
905
6221
220
1229
154
755
62
451
196
2094
1162
2358
2042
176
264
57
1396
177
320
1676
230
1708
646
318
852
885
99
34
459
903
3420
1352
1138
644
590
2165
108
267
1665
893
66
384
191
93
348
1157
171
1094
1361
722
560
117
1122
86
48
9275
2931
775
531
416
417
326
776
2600
433
574
353
1708
177
6
778
2859
1343
748
3511
3895
191
3455
773
780
2240
867
844
117
415
944
1382
601
2533
2397
467
2247
799
1205
48
116
78
1920
2116
221
79
323
1202
685
825
955
430
2006
374
168
2363
20
99
1122
1
69
2532
218
499
544
213
330
99
2436
267
18
469
1473
1378
634
1647
484
616
752
161
4500
398
1228
304
1514
3382
149
50
945
1686
134
1545
560
247
3479
545
201
389
1193
1794
607
154
2244
2608
408
402
173
3734
184
655
846
898
3008
507
1654
2109
487
3338
1254
703
408
29
2799
1807
7
176
207
2143
908
541
204
928
678
970
1188
795
3952
3822
1413
349
537
618
1223
3799
1165
211
2714
4319
1338
552
138
420
849
643
2302
344
965
2381
1296
388
1063
294
174
204
81
689
301
353
2669
592
199
774
1318
665
893
1159
3041
1938
434
301
144
554
1709
744
683
2
443
1990
2467
1268
1953
1785
333
141
1254
225
326
1062
554
529
11
228
3730
827
1071
501
742
37
1159
1523
513
73
608
638
1445
975
2037
607
225
420
1242
420
4
1418
1826
2363
188
1357
1094
1532
172
177
1384
7817
1270
2064
1350
3398
2983
181
248
51
2121
1007
11
1223
1330
252
1187
22
231
690
1542
14
134
902
58
923
823
585
1418
223
2858
1527
613
1109
1357
3356
150
2098
938
811
1385
1134
1201
