42
3487
2121
2841
1087
887
474
172
249
683
1583
149
1435
325
957
254
510
1363
161
3160
2633
403
2023
178
5036
2037
438
581
290
1107
208
770
13
3882
1159
2472
61
699
269
560
60
489
568
1568
61
161
2416
656
181
164
974
1735
3147
911
140
735
781
271
433
92
1768
1840
1579
1730
702
259
2729
2203
220
4
402
1390
1816
1100
425
1564
1310
1142
103
3200
101
1244
2536
2334
133
447
919
2237
624
620
760
175
323
1026
230
307
380
1420
1140
2084
2340
366
506
231
354
3056
39
222
355
147
551
2298
1252
621
83
851
905
1284
886
1823
571
1474
1392
2668
276
277
1456
295
1269
522
2495
1134
2147
964
921
8
2643
426
606
2014
2066
533
89
569
1377
2185
322
259
2184
670
855
2209
606
635
278
1545
1032
2320
10
2263
265
261
4270
1160
560
517
1484
494
146
1836
1956
241
596
2025
229
414
1164
974
529
3642
208
444
1493
249
16
301
156
688
1625
1374
720
846
2232
1183
258
91
3710
1901
737
618
1942
1818
874
1234
256
10
1458
60
1718
264
603
804
741
564
533
2673
359
248
887
211
873
657
227
365
236
335
209
978
320
145
551
689
994
1717
2405
1214
2282
919
1542
107
288
688
166
1207
591
1673
587
470
1538
461
802
1660
738
521
1146
1330
2233
2154
170
323
2023
1446
2565
776
597
123
2383
4751
499
939
1830
415
39
2353
27
417
1165
631
2847
1036
106
1034
527
581
332
68
1386
3045
1534
1540
47
545
547
633
466
2001
1849
205
919
72
603
300
316
724
2287
3209
743
2972
496
1193
786
4759
2751
678
3325
92
1022
138
1281
23
291
355
125
783
163
273
1464
1328
39
1617
2229
2577
873
325
1119
295
1024
1029
354
362
93
844
109
1500
463
36
1490
754
3191
670
260
148
714
2480
872
80
404
177
65
490
199
182
83
1898
2180
1046
459
339
515
315
329
2198
35
193
85
223
1963
859
332
1398
2425
703
1158
806
763
1520
92
2160
518
209
268
1054
769
338
2051
642
1132
55
146
1912
596
2750
729
1895
528
1739
1705
576
298
710
482
474
692
1079
2182
485
68
960
1242
35
56
851
538
1752
330
467
1222
1126
941
9
166
31
201
1455
356
2693
284
647
1376
2604
1153
1525
33
1046
1651
151
74
176
193
13
1811
3156
1565
307
1151
223
1438
1329
575
1281
1737
220
1079
842
49
1132
68
1945
594
237
1799
1118
4296
2385
555
1555
492
480
602
550
5
597
253
408
1104
170
440
1963
1525
1372
957
614
1843
944
1982
1095
192
794
880
1244
220
1530
355
1358
39
71
242
1674
1379
170
425
2387
3697
2475
843
1493
732
376
547
1147
1807
4831
4131
1294
1227
761
3999
912
1112
866
140
1677
84
1497
855
580
3808
447
2174
1751
376
163
633
924
154
131
723
135
310
732
1722
1996
334
16
2954
30
525
1477
148
980
282
283
196
1043
1852
307
335
1654
260
356
40
1038
1534
28
24
236
3289
1619
412
1178
39
397
725
500
1508
680
32
243
139
4533
973
902
15
508
1550
65
857
107
990
128
5054
920
561
194
382
285
2644
3006
557
896
371
2052
1209
453
57
479
1028
295
1050
741
253
434
2173
209
1456
213
765
1409
129
66
863
2013
760
617
583
424
145
876
1713
229
444
1190
239
604
93
3500
36
18
2017
1393
2261
1400
285
576
1038
1297
1360
1046
92
574
542
765
171
503
4601
1269
848
389
1482
731
888
56
823
732
642
12
881
408
45
930
264
763
456
1773
1080
894
547
2142
569
236
1289
360
549
368
1279
210
128
167
260
315
934
810
496
222
2090
759
67
166
3138
966
142
1194
130
43
1179
319
1772
1057
1212
1032
57
2639
116
305
80
129
909
77
757
1171
2820
415
1991
322
446
1837
562
2008
71
519
97
111
1586
1798
354
748
999
563
206
856
834
615
565
1899
77
3240
1297
1131
2375
2580
386
491
673
3676
34
297
586
1049
2638
201
233
743
291
197
77
231
373
18
1083
1014
3631
190
287
3345
376
699
76
2096
269
947
110
553
1206
16
4421
1208
652
177
1852
478
2633
2496
1841
8
568
35
3369
424
861
560
398
710
135
434
1317
703
2014
1128
127
938
295
3540
110
213
160
970
1072
5187
367
23
393
1683
323
1402
652
998
1249
1396
1541
157
178
503
407
317
856
1671
963
217
446
1392
507
232
528
1845
1172
1445
406
2615
779
781
198
931
35
294
275
730
40
1129
335
106
339
138
347
645
1228
241
596
299
416
183
113
1781
172
737
6
538
75
887
387
755
363
701
757
166
582
2304
2083
355
2085
59
902
275
2569
839
370
7
405
669
1014
1120
225
734
4298
101
400
355
663
2621
1867
3109
325
1393
3238
1182
41
51
399
478
2813
310
225
271
2901
10
292
102
0
507
232
177
1821
2385
439
409
1172
464
1224
174
2674
176
53
862
1308
357
1485
554
427
325
1907
247
2497
883
1101
327
1742
553
447
2023
1648
26
488
3216
67
2608
175
169
127
1615
428
850
2
523
366
92
473
101
1721
197
82
628
1150
852
1413
60
352
283
937
1229
515
1321
689
184
324
301
1374
1128
1826
406
545
605
100
1359
583
747
685
791
4364
252
368
557
164
456
3049
3116
644
946
79
351
1037
381
3120
1732
82
1184
819
993
1920
951
562
1541
502
171
562
1550
934
132
1997
131
1601
457
744
1037
2427
1308
510
2521
304
3729
139
3178
898
100
1756
735
42
1080
171
3336
915
204
1390
623
455
361
1945
