684
2102
1818
1216
473
569
538
820
730
274
235
1312
237
57
1983
571
1113
160
154
1377
211
656
1975
182
1336
1352
101
911
183
2677
596
159
1917
778
640
885
820
438
331
897
2095
2761
2304
329
366
784
1209
144
110
345
770
662
575
1471
552
11
4619
1089
137
1742
1895
885
981
133
3078
2009
611
1825
22
131
1638
134
1067
451
877
892
758
1337
2083
428
248
2576
440
882
777
581
526
681
284
148
1300
1868
461
1754
2163
720
524
135
2247
596
554
1457
944
678
1262
895
679
434
290
2659
821
405
1738
321
581
1523
155
868
1285
1365
298
393
1397
1706
1047
1395
1804
1575
905
121
185
1467
2021
63
416
1780
12
1198
258
251
6197
1560
893
4
921
496
347
546
1234
3766
1
561
154
1027
340
466
2633
195
1250
130
1114
21
3452
50
105
1106
522
1414
6573
371
112
981
454
1118
811
965
2993
1303
1818
80
117
1155
280
1717
89
1358
985
1008
647
681
27
2707
487
1129
148
763
101
4695
529
654
75
2369
4000
166
394
2225
500
1405
101
634
1479
442
869
165
984
336
109
747
58
559
96
966
4263
3166
985
102
1710
449
1476
317
1842
127
170
706
1349
1380
641
325
2604
203
963
284
919
28
369
1815
780
269
1129
551
860
2199
1392
127
343
189
78
777
1288
504
129
1621
450
2742
275
692
2554
51
2164
87
310
1749
1275
211
1233
647
653
569
735
814
377
233
484
836
627
3144
61
2279
179
1101
3013
95
454
1103
362
3420
205
501
1114
6062
308
1330
1141
1367
630
1756
649
362
359
1397
19
1481
1470
1222
278
2066
106
84
1849
334
1473
402
2233
607
2294
1625
2568
600
702
2280
953
212
875
1441
2066
1118
3739
539
439
348
1582
1932
837
394
170
186
61
281
71
290
3261
483
1506
8
142
1486
1221
293
998
1426
3093
1272
1832
72
742
791
895
143
114
169
3366
1603
1171
237
1233
148
609
3098
2007
1322
403
1836
423
586
1214
1820
1125
5610
280
123
3594
1554
1036
294
162
3223
154
1016
2834
511
1118
267
653
2858
1093
212
695
325
1029
1466
117
145
77
391
266
1213
1489
469
806
196
123
464
680
617
667
1716
1544
795
1338
20
2149
1195
34
507
1547
587
940
2974
3923
1562
86
1172
1259
29
510
38
1950
3637
163
158
162
417
343
3157
88
1617
73
991
1086
168
220
4492
97
212
418
1052
716
221
1065
115
563
38
17
2134
110
154
317
280
168
976
40
852
490
57
976
1129
1462
51
791
183
1075
1288
394
26
1020
976
807
4114
3354
822
406
1181
451
312
686
80
755
1380
618
930
293
1383
612
1552
1681
170
946
2173
263
633
704
1179
326
581
641
1531
635
1840
901
2766
112
931
1815
1931
3047
542
1427
416
1005
84
1613
255
438
17
2354
866
147
1093
933
1704
3083
755
195
800
660
337
4097
1229
212
225
14
498
16
205
81
1582
667
3
98
1583
67
28
758
515
576
683
674
866
223
426
1278
473
600
942
1960
303
2329
901
370
35
547
562
3073
104
907
489
1383
469
84
585
206
530
95
1188
665
190
708
447
1635
358
127
1930
748
118
1919
1675
3577
141
636
46
690
151
134
707
739
394
3529
2235
412
2310
616
881
783
1355
1725
834
1843
6299
195
1727
28
274
322
506
1472
934
1018
728
2186
1220
1267
1216
532
2036
48
718
444
1183
2791
3856
174
103
237
1601
753
194
323
3659
1093
1310
31
2086
1028
1042
4538
1500
2074
2363
366
667
332
1483
4675
1129
13
1893
209
302
1762
181
1356
248
1008
427
1937
659
902
511
1147
3066
228
1277
554
1290
914
454
1414
530
1042
479
197
176
676
1950
895
498
420
617
370
1440
376
2137
332
174
2378
1027
868
1015
1658
1023
330
3035
336
182
36
1782
1855
332
319
335
536
1859
183
1184
1851
157
259
3375
171
328
1187
66
3143
101
54
559
2246
4
1174
679
199
359
80
1257
904
666
1850
245
82
1225
3583
671
1146
43
1665
142
618
198
64
639
874
458
1575
509
439
631
92
1016
409
768
980
598
872
146
144
1862
811
1811
2083
58
788
979
292
1784
742
1108
1581
4
595
261
4121
820
670
1677
1714
277
2882
165
46
2521
118
2344
1700
53
263
604
538
630
24
1043
273
1291
806
565
1279
2346
143
434
3534
59
811
592
74
867
918
342
66
43
941
105
3023
849
1755
2456
3788
598
2196
430
210
227
651
161
614
21
701
174
1658
196
2911
36
1000
604
220
661
749
28
144
1124
32
562
434
3186
635
168
1761
2134
1046
965
1042
3738
2174
4124
398
109
461
404
480
93
2057
2588
2905
24
2035
540
196
1901
819
34
537
992
2115
3218
157
1116
1197
1099
763
1437
3588
649
947
846
314
3320
254
1100
506
1925
1233
444
335
1009
987
23
87
1327
1484
2763
408
127
1918
184
940
938
665
38
81
184
1554
554
588
665
841
2576
1534
536
140
147
332
696
1182
1113
88
41
241
2533
518
607
80
4162
174
361
268
378
1402
272
5
1652
286
3347
654
162
947
1325
929
8
312
217
2052
2206
1259
1205
1752
94
284
511
574
1478
1442
1439
90
149
1331
101
908
99
270
7
476
105
1104
43
121
257
1234
178
130
87
984
1079
891
1419
219
585
792
4
577
1060
857
56
1269
884
809
1251
256
2070
615
29
730
1562
426
719
1404
136
589
683
295
814
1137
127
4014
1090
653
392
1284
2161
655
397
1620
52
1987
2375
3901
3533
86
440
65
661
1481
43
689
288
459
7
846
