249
55
12
2
107
61
9
145
133
77
2
113
4
149
13
96
60
8
182
251
2
82
121
19
4
5
11
166
21
3
205
215
173
147
1
174
2
27
113
25
49
18
5
2
3
1
58
1
41
1
3
53
9
25
26
16
1
262
2
100
118
6
137
9
212
20
22
31
107
58
23
62
1
267
15
1
102
60
5
140
109
3
66
122
4
1
1
261
7
2
7
11
2
160
298
7
16
5
25
82
7
2
18
220
7
4
1
65
59
8
217
82
16
119
37
216
47
102
13
20
262
58
262
137
1
90
204
2
26
22
27
50
1
8
12
69
1
252
82
9
103
218
183
3
222
152
2
250
2
28
14
1
2
8
126
255
290
155
23
49
232
196
17
3
182
173
4
19
102
49
199
69
28
18
17
7
81
3
109
79
20
2
200
6
7
178
23
13
3
75
5
1
37
165
82
276
18
10
4
2
2
12
2
3
6
127
1
73
2
14
22
156
30
271
61
211
46
12
93
26
139
66
16
5
23
130
2
9
110
71
213
258
143
5
6
23
12
1
4
74
17
95
210
3
33
77
218
5
9
8
208
65
4
50
245
298
13
240
51
9
5
22
28
184
63
1
8
89
131
172
127
157
278
107
3
5
3
29
1
6
32
166
4
41
14
1
26
247
6
42
14
207
146
86
44
27
40
84
55
281
64
110
14
2
20
246
2
121
30
3
46
32
20
10
1
94
51
3
6
9
31
102
13
2
1
180
23
90
24
295
286
2
10
2
5
233
165
200
155
196
135
162
12
250
1
186
8
3
55
1
1
221
270
90
180
172
119
105
39
89
90
1
26
128
198
151
25
26
66
5
35
11
184
5
124
1
7
178
3
6
2
181
227
41
12
20
13
64
109
143
31
4
2
103
2
140
23
132
238
34
6
114
1
8
10
22
190
3
2
4
12
14
1
265
208
6
6
167
4
17
192
3
14
32
54
180
128
11
2
32
2
42
283
2
200
242
71
21
1
37
2
259
204
22
39
3
12
169
5
207
200
26
49
106
210
156
25
8
22
1
11
4
5
156
163
32
167
1
7
165
1
12
2
140
14
17
1
4
123
23
1
9
10
4
80
26
9
288
21
56
1
14
50
97
188
1
114
1
5
5
2
7
85
18
2
80
17
3
274
76
2
47
1
64
6
276
8
280
260
2
134
1
2
4
4
7
80
20
112
7
1
19
130
54
99
80
74
102
5
46
49
4
2
153
11
112
280
102
29
217
14
3
234
166
179
6
155
198
23
132
5
20
85
47
123
1
7
5
1
234
28
61
107
26
2
39
2
17
1
34
124
296
109
43
78
54
14
31
1
237
31
83
261
1
5
3
259
1
123
48
39
22
8
171
44
44
52
10
8
95
2
3
6
20
178
232
60
2
30
11
93
8
1
9
76
4
4
2
242
41
61
31
41
109
1
111
115
1
1
106
3
10
1
22
44
81
22
46
18
11
17
1
195
225
79
46
3
4
7
31
6
13
92
31
249
4
36
87
171
109
76
231
256
49
123
62
2
127
7
21
39
108
119
1
57
144
81
38
4
3
30
3
149
79
64
117
134
45
3
17
93
41
1
268
30
143
15
88
18
2
112
100
52
1
178
32
5
26
50
11
7
1
13
3
85
43
222
38
159
84
156
49
7
73
277
10
3
159
31
42
11
37
200
20
2
263
1
70
148
193
11
10
46
35
10
1
198
71
27
33
1
3
27
2
145
193
45
16
106
134
1
197
207
1
93
90
20
151
1
216
30
1
19
42
8
196
1
2
2
2
200
137
152
1
1
62
20
180
4
69
19
3
4
16
77
1
136
48
3
5
77
82
9
4
9
14
26
8
6
20
288
101
2
1
7
1
1
53
2
1
107
71
24
159
2
43
14
19
265
13
41
10
256
95
44
176
149
237
242
292
3
115
98
106
16
219
89
30
136
13
15
1
62
2
196
14
77
31
160
46
19
1
16
1
246
255
99
69
51
194
172
32
179
50
139
50
136
72
25
108
2
23
287
52
244
165
2
97
57
245
41
250
228
1
6
54
59
79
52
10
109
216
7
224
51
3
14
190
42
2
7
271
5
225
22
99
58
81
51
21
165
60
38
145
38
47
38
7
8
1
117
6
26
18
58
16
46
35
47
245
92
3
14
2
91
1
7
37
272
18
18
1
122
12
11
2
107
198
4
108
125
6
131
283
110
35
1
261
63
1
65
125
1
226
2
60
115
195
22
26
11
9
8
6
20
5
2
39
2
267
101
36
24
11
152
4
119
204
8
32
1
4
1
189
277
20
172
37
19
165
70
6
4
5
1
10
8
166
92
28
125
160
247
41
233
11
1
16
6
21
108
17
1
4
1
137
115
178
12
12
60
31
295
89
18
78
173
39
31
46
109
9
294
5
132
247
10
255
149
159
25
38
13
5
20
