136
95
1
81
99
26
96
5
5
2
114
1
1
210
1
149
194
200
65
55
171
100
6
43
44
3
191
48
141
6
14
208
105
261
35
82
1
101
92
2
1
299
86
15
127
74
127
13
18
24
1
19
161
141
121
34
163
50
13
18
45
46
166
4
2
257
42
130
16
2
215
97
188
23
7
2
7
5
181
42
129
35
10
170
33
32
4
3
292
166
82
1
11
9
6
25
1
30
13
117
40
47
1
172
153
9
29
55
273
2
208
4
188
3
5
32
92
144
72
277
5
275
2
2
20
4
45
166
109
2
182
3
265
34
2
4
124
88
101
1
122
67
42
26
106
7
198
3
1
31
27
57
142
1
50
50
15
56
30
5
14
1
47
29
4
67
273
2
1
30
1
1
15
151
130
92
260
63
97
51
116
56
25
58
90
8
5
1
91
11
5
210
41
98
2
23
93
148
21
1
138
51
4
133
26
227
4
70
104
5
1
252
3
192
9
1
172
31
48
71
8
4
22
288
6
1
144
231
194
10
67
3
2
13
185
261
1
1
122
4
144
105
41
15
229
25
21
166
1
162
1
172
62
284
30
1
282
1
2
31
159
203
9
1
136
224
32
27
2
1
9
244
26
6
49
8
1
234
1
1
124
4
17
154
61
13
13
1
3
71
1
217
199
231
129
1
19
15
66
46
120
41
287
178
117
154
3
3
4
17
5
57
1
13
53
16
11
230
95
21
11
79
2
55
63
2
60
3
233
3
68
169
223
2
2
3
2
46
116
1
1
103
14
1
11
74
3
44
165
7
36
71
70
184
112
147
121
1
65
5
26
163
44
140
202
3
286
14
64
92
55
16
37
255
142
60
241
121
34
4
98
15
22
2
152
94
58
219
126
216
278
275
98
136
193
27
231
169
63
5
7
26
14
117
2
28
61
2
2
3
9
1
70
208
5
5
233
139
5
220
298
15
82
193
51
74
28
68
67
8
8
120
4
5
53
1
1
10
209
13
9
125
185
7
251
1
56
11
43
42
107
9
24
55
1
74
26
172
5
148
78
2
231
48
3
137
13
168
21
96
42
204
100
111
208
8
132
23
22
1
3
4
208
2
52
1
9
23
155
64
8
3
19
263
4
2
50
4
12
191
3
157
145
279
201
20
22
285
8
205
17
123
179
100
153
6
184
23
63
1
92
130
2
209
121
38
61
179
2
178
1
34
158
7
208
179
17
8
17
21
45
70
76
208
113
201
39
6
13
2
1
144
6
43
123
7
183
99
37
32
9
31
208
123
126
108
40
163
2
247
23
242
1
139
27
6
61
27
2
2
21
169
40
98
27
54
1
85
2
84
35
6
2
121
122
161
65
58
73
2
168
199
5
112
245
130
138
31
229
2
1
81
28
19
1
19
53
1
62
39
10
2
14
5
85
7
188
1
263
296
101
1
71
1
271
5
3
140
187
116
11
1
41
21
3
14
112
64
8
35
15
11
47
4
82
22
127
4
13
106
118
12
37
3
275
20
25
255
127
110
32
75
113
36
13
41
44
168
3
12
159
80
18
1
2
224
245
3
1
167
59
5
10
19
16
10
69
3
157
156
3
43
7
137
79
15
3
1
171
29
10
1
123
36
65
62
2
237
14
65
36
40
36
121
16
8
135
117
35
284
25
60
89
104
152
152
77
83
10
270
192
99
25
235
47
8
251
26
86
7
23
241
1
8
289
27
50
30
114
96
204
105
295
4
24
4
179
41
169
1
238
147
14
19
11
199
18
4
96
27
4
4
51
163
6
12
2
25
1
2
19
176
131
4
78
11
254
6
59
14
29
64
9
57
31
162
65
219
269
3
6
7
25
138
43
2
5
1
15
79
190
21
40
2
10
45
265
78
8
150
17
1
185
56
3
101
5
47
5
39
56
86
2
253
98
1
130
92
5
225
133
4
19
2
203
99
39
1
154
233
1
208
114
35
38
181
245
6
278
1
6
68
110
198
293
90
40
12
271
299
1
164
13
30
2
1
262
80
1
23
29
20
30
39
11
83
212
52
14
3
38
94
1
45
271
58
161
124
78
190
3
5
272
6
177
16
55
37
52
1
49
98
66
62
132
35
42
13
10
4
125
66
20
36
18
1
5
11
38
40
70
3
120
99
6
285
90
12
114
11
19
1
43
64
188
15
6
159
135
91
30
101
15
80
80
10
233
10
49
174
5
131
207
59
51
6
5
253
216
207
3
15
22
285
60
1
2
95
230
288
53
12
32
1
24
14
26
5
12
38
245
1
229
12
185
71
1
7
16
2
196
69
36
9
59
129
119
154
40
68
20
63
9
46
13
51
267
220
93
9
59
11
15
272
269
13
6
2
3
40
1
254
28
185
108
194
10
4
29
25
2
11
18
42
1
156
103
8
2
37
143
142
128
194
29
12
293
52
3
4
10
71
235
3
6
