2
173
189
66
62
229
220
16
29
182
263
55
42
79
297
259
31
1
5
84
113
149
40
122
242
124
98
79
3
3
84
90
290
6
45
18
135
248
236
117
93
92
3
51
3
116
223
137
116
1
294
17
173
229
57
61
174
38
12
30
5
3
22
96
2
18
3
80
4
45
120
90
3
93
8
2
26
3
17
3
4
44
11
37
22
1
4
51
206
7
9
16
8
120
2
230
246
167
6
5
55
54
36
10
139
44
202
59
21
5
12
68
9
9
28
70
28
206
13
40
144
47
54
3
2
9
210
201
26
4
3
1
3
137
221
270
102
66
17
1
71
112
79
70
36
1
108
52
10
5
83
234
138
9
141
140
26
17
11
37
27
195
27
6
102
277
207
42
157
17
58
20
99
95
1
256
255
80
26
3
98
6
2
36
187
13
2
1
30
226
9
32
13
57
47
5
35
104
43
141
47
7
154
136
245
12
223
31
6
113
3
136
88
34
1
20
5
11
174
54
239
65
2
31
30
6
1
11
21
57
1
286
19
6
5
22
1
1
148
46
57
150
31
17
24
222
217
1
6
89
2
17
18
185
15
114
220
103
213
62
4
37
22
1
7
6
2
93
5
46
27
287
168
60
59
3
9
1
71
31
83
21
231
1
76
1
126
41
70
42
53
12
59
138
60
87
10
108
1
4
142
34
22
56
173
118
152
1
1
7
5
8
46
63
2
232
258
1
5
105
129
5
17
21
28
127
230
167
160
2
42
10
1
9
15
44
217
31
13
162
1
151
1
128
128
295
3
3
2
25
35
7
3
28
39
60
1
79
4
66
96
15
15
19
228
115
3
101
37
30
300
1
94
37
3
1
143
172
40
7
4
76
170
186
243
1
66
50
124
14
2
118
25
140
4
39
13
5
136
2
121
45
113
212
59
286
104
107
42
3
79
112
74
1
1
11
59
13
4
192
205
20
10
293
203
48
2
125
1
1
149
109
97
119
20
157
49
29
8
65
83
160
24
15
1
155
46
222
2
196
3
1
52
85
39
29
26
221
4
3
43
80
3
58
97
2
1
1
21
277
102
7
1
3
290
40
98
2
13
57
1
31
107
67
18
137
92
101
1
88
34
8
36
19
74
262
43
83
3
5
185
6
1
44
1
167
71
10
19
120
285
2
20
126
31
22
245
2
93
12
69
11
19
107
5
20
3
31
32
9
13
5
4
3
10
13
2
75
1
1
24
50
193
203
13
29
57
76
58
146
6
2
57
30
7
1
17
46
2
1
11
32
35
110
2
88
64
40
70
61
86
51
80
2
167
55
66
2
1
73
1
8
137
2
7
34
26
28
38
3
3
246
75
249
130
4
14
58
151
60
23
1
52
6
99
11
5
162
10
88
194
147
283
296
278
1
143
131
1
43
90
55
154
17
20
128
12
8
25
98
136
8
115
3
9
242
207
10
46
71
8
19
87
1
1
33
61
4
149
2
63
2
149
1
85
269
111
40
297
8
247
194
153
188
22
18
50
168
130
121
130
47
180
83
13
3
87
61
40
51
6
131
18
2
21
117
10
2
189
145
286
2
3
54
16
152
22
10
85
79
3
3
103
59
106
16
25
14
1
18
2
34
45
1
15
76
87
9
1
1
28
70
9
290
39
61
85
81
1
10
2
38
128
234
278
120
17
23
18
251
124
96
49
7
9
124
129
26
11
3
162
93
5
5
3
43
18
146
64
40
7
68
266
53
119
42
60
7
14
233
4
56
154
97
229
27
259
111
32
207
2
10
51
1
6
212
111
179
3
128
2
156
5
90
267
30
1
154
52
3
2
34
192
2
24
2
10
32
8
5
141
9
1
94
117
73
258
4
10
2
17
255
5
9
4
204
4
7
87
62
79
2
1
7
46
136
233
3
123
7
99
31
152
27
52
31
177
10
84
250
4
35
38
1
102
7
47
67
22
84
1
181
168
77
3
56
1
22
21
40
198
195
15
1
3
222
65
62
149
193
137
245
28
6
66
1
13
9
218
81
142
48
50
1
51
1
63
19
121
176
289
146
9
95
1
124
2
7
33
183
31
225
17
18
1
1
1
8
118
88
13
16
15
286
1
35
20
1
188
19
2
15
274
46
19
53
107
10
186
4
5
1
50
25
19
39
4
7
33
4
1
183
5
117
7
297
39
142
47
3
170
44
4
4
1
102
1
208
108
40
84
4
131
21
97
4
2
51
1
232
2
31
22
155
25
8
132
238
279
60
85
229
284
3
31
119
86
148
70
57
46
74
20
1
169
32
1
2
8
92
3
24
2
2
8
11
25
298
20
277
236
21
51
120
214
31
135
23
67
4
66
32
52
1
27
113
8
1
296
2
25
82
101
39
5
268
1
19
101
17
68
2
2
1
32
29
9
236
153
13
6
1
250
202
6
3
139
4
2
115
2
80
204
211
30
