728
457
599
221
1469
627
503
1857
212
368
1238
2064
1574
97
399
2064
382
2914
316
277
227
2199
118
377
938
391
544
106
1529
130
182
393
746
489
740
380
20
995
1060
245
2400
2850
1222
253
888
675
176
919
77
70
3
452
193
682
111
107
97
4835
310
270
847
497
2136
372
638
1129
4148
108
813
388
1598
76
1288
123
2931
1422
295
254
2444
359
426
1297
1466
902
216
560
412
4228
2592
900
2
1969
2
3250
1356
805
710
1983
587
1151
138
546
241
507
471
5814
1441
331
450
905
610
288
1472
157
1253
1012
431
600
1422
583
550
331
1223
126
868
582
2505
609
369
2028
1279
1386
279
2118
478
25
221
361
1101
309
3719
725
18
448
332
1358
2409
1031
2138
1185
1490
1477
381
256
1632
3148
1281
560
1
314
1063
2909
2569
288
1500
56
1680
241
834
1352
428
323
37
547
300
1606
1621
1319
2035
165
1910
22
123
98
153
629
484
2217
589
455
816
1253
1310
130
116
1333
881
460
854
836
2010
107
29
2545
204
254
811
1595
290
775
92
1170
2925
1322
37
2036
2608
243
1700
2743
780
277
104
2385
451
1723
893
913
4539
743
604
4073
3279
290
433
2129
952
1870
1041
1670
544
4223
562
30
3693
547
3112
879
94
1469
1408
1323
1933
814
989
799
509
720
1233
1667
398
566
377
692
129
528
354
987
785
634
283
602
2124
672
1322
2883
400
1104
304
23
1922
1060
1325
30
635
2183
811
1836
2531
866
833
1342
81
497
314
1188
1347
1592
411
927
200
261
3077
3911
497
1036
1233
413
294
2702
841
802
2722
2395
536
3771
442
6047
801
1383
2165
190
813
497
3081
927
1200
79
361
105
913
1142
3315
1121
2472
697
321
75
660
2177
1508
29
1726
494
3002
453
48
1217
1253
468
312
416
948
45
11
922
452
774
2132
326
93
777
181
1522
170
1769
80
1742
2239
3612
55
749
337
502
431
203
653
114
4325
924
1242
366
3294
1440
3156
1636
2355
768
639
765
512
449
875
172
418
696
254
1316
340
189
72
104
134
216
463
348
2385
2835
357
17
1041
308
1420
736
797
36
1120
655
3191
2603
539
462
45
557
931
1404
2178
281
356
488
497
2741
605
562
2783
680
217
250
2111
544
878
289
732
276
32
2604
334
207
192
830
546
1604
774
365
4456
31
979
50
1343
76
1041
4004
52
1243
2117
1665
28
1375
2118
496
278
54
1458
616
3008
3190
840
484
0
1512
949
1747
5225
1482
480
776
246
420
1270
253
709
702
32
324
191
378
2283
1003
606
302
1527
846
328
582
2761
742
1339
634
1123
244
1453
421
159
487
1393
283
715
29
659
1544
288
2037
3635
2216
695
1605
34
248
1615
528
491
580
2198
119
925
968
1262
3730
1968
502
859
3279
989
842
775
1125
674
289
630
764
990
1724
1408
344
1345
700
1954
2530
2639
583
25
356
602
1751
2210
2387
103
997
234
2061
1776
1030
451
2730
481
240
218
1688
1071
1335
1028
1104
1139
432
889
205
2835
908
1274
947
1834
89
2587
151
54
774
2107
3365
1037
1787
1176
3
2340
386
6091
2666
2066
450
51
90
149
1274
1290
740
1257
232
4211
37
25
1046
628
323
3682
7
145
1275
126
3379
251
629
6459
3098
904
1412
257
1422
434
53
871
565
109
224
3075
436
290
11
173
91
9
728
55
405
136
152
762
127
229
632
1229
983
1053
896
214
914
1456
450
1007
2178
1834
401
2023
546
758
341
1456
327
1095
246
852
2012
545
2392
153
452
660
562
1
376
135
1347
595
257
293
1659
615
1461
207
908
421
1241
859
186
1398
292
217
1260
347
407
171
1966
922
351
108
1256
1614
1987
558
721
392
4028
382
2989
1567
430
1140
229
1356
1056
2373
428
488
2084
1310
659
1783
69
7
889
815
459
288
292
530
290
848
554
278
464
832
49
75
1757
2170
3702
605
95
1893
1757
548
845
1603
366
1828
346
1352
19
159
48
1004
292
192
1499
854
1270
562
1289
1370
1442
389
280
2267
987
1429
213
278
931
0
313
106
609
68
200
94
81
1075
1167
5245
79
344
645
418
11
1216
1207
2009
580
795
266
1240
2335
76
714
415
29
83
2886
425
480
870
783
1164
2344
2602
593
652
2137
571
1082
164
874
1003
710
4638
398
1008
435
20
930
1005
997
68
55
188
137
731
1975
1168
2157
1932
164
899
589
2896
2784
1439
7123
496
474
59
1171
2030
1198
1044
253
526
307
1215
1522
1070
588
2253
483
59
207
1587
166
133
142
337
174
1221
171
856
739
218
1047
2
1250
1613
1782
32
252
297
2172
876
2095
476
7087
813
1162
660
2407
1562
425
1005
423
1425
1261
210
1417
131
1078
2498
1365
1667
14
813
859
763
337
850
669
200
526
590
720
735
293
384
1212
761
1092
275
3332
841
296
877
1381
625
628
1955
2586
150
660
1194
209
1595
545
1041
241
3005
726
873
375
297
962
746
1509
887
3227
1361
891
25
330
111
87
406
784
1615
1814
2608
1009
856
64
583
1387
520
298
1504
471
1049
944
821
526
1186
42
722
446
133
2512
1420
528
407
518
1840
2763
3010
128
779
1516
988
1002
1590
952
325
364
158
850
848
3885
71
1039
2385
517
1990
1698
9
99
1221
559
1832
280
1510
1412
9
1867
5837
524
696
977
778
560
1424
1002
865
405
802
1197
884
157
827
367
846
1737
226
42
1193
537
332
251
1222
1168
4892
1844
1105
1428
334
800
365
45
1555
1390
1528
202
577
531
33
2156
418
1551
3624
1476
714
395
415
