177
541
3226
1149
555
198
145
1071
236
85
909
272
379
2989
275
2175
314
541
234
560
189
384
876
583
4
912
5
324
201
1514
966
888
197
510
64
996
1444
691
389
1483
662
1567
2123
51
123
79
902
268
3711
55
1619
258
360
646
841
222
302
1540
513
2040
2491
188
1687
932
612
525
818
15
39
794
151
117
20
1305
714
378
204
109
78
465
14
675
1705
286
2180
1725
315
609
4290
500
108
367
2182
731
1828
1775
765
520
235
832
458
3187
478
287
1990
1711
137
3138
74
189
1276
1309
96
2134
68
15
23
272
1048
663
2179
1490
2407
2564
839
275
662
326
2132
659
511
505
457
1509
5457
1113
839
251
980
39
680
2905
6054
1341
3
428
60
918
4195
943
1619
708
60
1975
343
655
168
989
1183
1542
60
186
1722
1546
194
3963
596
30
718
175
543
162
230
163
311
407
331
2478
1080
4889
1971
535
14
129
324
1566
2140
217
2495
913
2154
1740
5541
1367
6441
119
2205
472
390
2481
362
865
1662
62
725
3400
809
2306
2012
2232
290
949
2457
554
543
2163
897
1587
53
1251
1598
39
2652
802
193
1367
176
840
1934
1287
773
398
1623
263
391
1801
3530
1387
184
366
518
374
263
601
222
1727
805
550
3240
119
233
802
3564
377
391
39
27
121
836
6046
726
611
1481
898
3932
2717
21
1596
2577
956
232
1793
1160
135
464
1117
1931
749
75
236
451
887
1358
606
439
487
99
118
830
1018
848
421
215
2925
1491
131
73
800
1798
609
110
1656
2058
759
2519
28
584
457
183
103
660
501
729
443
376
1385
483
670
2216
2790
377
978
2171
9
2329
385
848
1050
3845
697
1812
391
1298
468
2855
3591
69
245
1682
366
1758
461
33
3183
321
189
483
667
1279
458
251
23
341
826
1385
2562
358
1073
113
323
629
1210
185
1333
230
1809
2242
748
396
297
416
99
455
98
666
731
3002
486
3930
1520
1700
898
1091
106
1582
355
996
1017
1227
1149
933
857
832
263
977
832
176
355
2306
192
404
234
196
452
124
490
1106
98
83
1183
414
144
1919
699
361
1442
1297
696
2760
18
424
2097
1757
752
242
959
715
1837
61
1692
3060
1764
223
401
1444
8
1695
1390
406
570
1961
1941
820
1732
3874
1117
2104
216
295
916
127
1045
274
106
1257
3619
5094
1707
509
529
153
841
1954
934
989
94
53
916
2442
151
940
368
1500
238
2770
496
602
62
3658
308
344
351
1771
1271
540
429
1968
111
437
2371
421
27
1123
2271
268
247
1968
213
658
1116
980
151
3300
1989
1292
3407
568
437
1590
101
191
1517
974
2057
728
1631
312
82
1572
96
1259
3388
1776
741
710
23
1160
1289
125
3259
209
450
1502
1082
819
419
386
1067
391
1752
1160
494
408
1629
555
207
3868
1163
1359
207
34
907
960
1334
201
1865
508
1778
914
1793
68
522
147
263
1553
1135
1107
67
1910
317
36
2229
166
2080
56
2278
154
269
1026
28
548
1002
1548
255
449
648
1552
1263
433
42
1007
656
558
1229
3146
600
998
771
941
782
3780
4736
336
629
916
391
669
802
272
646
1332
0
208
269
567
1474
1903
533
108
56
5122
2121
1615
1088
919
744
165
318
1116
510
1591
2049
92
2410
250
449
66
8
4823
1667
1421
380
119
5
2458
1125
335
598
2803
150
242
3203
31
118
199
577
1239
2892
3827
366
2283
117
946
79
820
2098
250
1962
854
2446
353
90
3697
2584
326
3393
284
657
1912
1041
1380
4532
2318
2013
8266
68
150
392
133
207
1791
1164
3128
247
567
40
613
826
1855
161
488
649
997
108
438
41
1633
2157
442
544
1536
752
336
299
183
130
1184
702
1223
712
150
40
1657
742
601
85
1296
55
5694
477
882
326
32
1917
357
877
1781
695
90
1825
524
6693
160
2
898
1528
217
1353
769
811
253
2392
562
2266
1357
988
1659
1043
2890
232
1338
189
735
371
127
2108
362
1530
139
254
71
2306
266
558
3038
922
3105
1985
397
286
1626
2280
480
1127
301
459
288
660
1215
390
944
3033
406
750
94
611
3843
2434
192
378
202
1660
46
2557
105
527
1018
354
1617
218
710
1601
24
1534
291
235
378
530
1107
1161
106
699
345
634
301
1678
2546
100
1548
3442
1545
95
463
931
1116
47
24
1842
408
520
2031
1677
141
2020
220
830
661
8
1685
434
497
67
602
280
52
2143
290
364
1701
243
173
389
869
47
694
1260
117
527
607
449
5464
164
5
2977
1739
39
528
3555
2403
29
1259
1118
180
422
1695
380
1209
301
1396
2015
626
24
1750
267
1155
14
1569
591
519
864
3260
439
2067
2376
975
36
2325
692
542
973
202
1254
379
1630
563
125
1519
122
1019
1597
297
404
2502
253
125
627
493
146
3
627
1036
2474
2614
2357
424
1736
654
3270
92
720
22
561
415
167
389
798
1500
1801
282
1602
536
283
1372
436
404
174
25
1173
98
2172
376
587
186
306
984
1209
539
890
1230
2046
1671
129
541
434
921
485
98
527
1158
2098
328
929
3397
562
76
1144
704
295
501
791
74
336
579
689
1216
764
216
322
1723
127
4250
1732
168
252
2677
1758
664
631
296
664
80
2957
2196
3158
226
1874
810
698
2295
865
88
2036
3513
345
425
2913
391
317
567
100
852
92
2307
3458
771
1244
12
302
4
552
1505
1153
805
1321
1975
1236
1306
1203
843
1100
265
527
276
143
1760
1041
1453
101
732
1176
5012
392
664
1211
1430
1584
97
677
44
1540
510
1085
2009
33
1595
