846
183
2229
170
149
391
3212
3124
2918
57
86
2112
414
827
1011
1346
3632
1000
331
1341
1299
2067
648
440
416
522
158
1222
265
1901
74
1
276
173
533
859
868
213
2553
627
315
2580
370
556
690
182
340
53
3495
1203
58
2606
878
1593
634
13
195
294
521
223
502
1048
404
1077
1958
487
1381
0
1143
284
520
228
226
799
911
261
1764
1029
99
3851
1485
206
153
217
2152
4040
429
1087
105
660
1517
931
1041
549
356
276
1949
599
525
1173
311
557
492
10
269
521
1444
2385
495
285
644
297
1026
274
753
815
842
5548
879
1337
2922
751
713
721
15
36
2421
2294
1175
461
252
342
1331
69
1487
1045
475
997
247
266
95
1039
562
2732
26
1272
211
1927
2157
325
745
139
330
562
2129
605
188
2804
1535
983
260
1880
844
1820
997
429
890
1464
466
509
1098
173
1021
2942
998
2035
61
360
147
66
917
653
963
1226
1332
66
235
242
96
1121
1393
212
995
1113
508
456
1834
313
892
3240
698
1
2318
1902
236
1147
1732
1405
114
918
796
901
1042
269
1842
23
289
1092
246
2445
83
135
649
1933
1427
182
46
832
998
35
142
1183
785
150
950
515
439
108
1633
386
2059
1159
3771
946
1599
330
860
452
434
1958
1328
128
445
623
4668
358
1110
15
1206
785
458
203
554
372
1728
567
570
292
107
25
217
492
338
259
1292
841
921
761
1157
159
18
1041
777
258
1016
811
798
848
87
156
123
1091
74
1343
1453
305
381
79
1215
294
79
349
443
1888
825
125
1157
99
1416
1037
459
211
1781
679
422
1514
1328
1337
574
3736
1776
603
343
1065
4855
34
1654
764
5123
2193
854
1135
52
488
2
616
1160
67
3508
864
806
744
286
3346
1415
616
879
1128
3813
2659
1602
1252
171
450
224
980
168
406
1381
702
3669
313
1431
2200
262
121
944
730
644
1635
556
243
1005
2021
1023
16
152
512
120
1090
68
807
570
171
1851
67
1524
433
358
1747
181
692
311
1726
599
337
160
2259
152
737
153
1314
1338
1385
658
500
13
1622
222
312
239
1099
818
239
189
1153
2014
1881
3584
3310
592
453
958
294
636
124
45
1437
345
2554
438
500
791
67
618
3132
531
1154
2117
191
770
1326
1088
323
940
429
886
149
1258
2622
3201
1243
199
708
207
611
2024
201
1701
512
394
1388
1374
845
1947
691
484
978
255
363
2752
259
252
1062
122
360
1736
144
184
79
13
271
3552
811
19
31
2428
241
86
3226
805
955
589
45
687
1132
662
122
1039
264
1756
266
2409
764
196
585
193
265
544
532
2167
76
450
1048
252
403
1067
763
1290
701
4480
4467
1342
1163
21
5265
342
1196
1625
4191
1988
2623
2757
1256
142
3038
699
1222
157
189
275
224
2061
601
707
129
1738
900
1307
171
176
136
2737
1013
173
2044
955
773
1066
1380
538
5998
328
2037
109
963
193
766
480
482
404
273
1655
498
1417
3871
1147
4631
948
412
1025
97
585
2310
5188
742
234
3647
162
2352
909
915
96
1029
599
1934
817
2099
2504
1241
85
742
1545
51
571
475
3785
1269
1836
4024
2091
955
443
448
1977
259
313
580
386
962
983
2185
446
796
524
124
848
1123
2574
1521
248
337
481
610
650
607
268
732
214
100
1054
358
621
482
1279
661
3
336
12
866
895
1573
608
339
145
3183
238
878
1673
707
1061
702
96
839
237
618
1563
1096
427
713
537
422
1435
1779
1528
1269
6
125
2206
1080
97
70
491
2258
523
145
301
331
384
139
247
2613
136
68
1029
703
2025
836
36
136
58
347
595
49
376
1844
76
470
1710
590
548
2348
423
174
1702
559
976
75
1432
204
27
73
1415
1784
94
611
2293
500
8
3039
938
2295
3484
361
2509
162
2151
158
2051
1635
3348
116
497
860
2244
1454
1301
998
3115
243
1006
1082
347
502
225
379
754
412
2760
975
44
3111
219
1125
1801
743
1922
1231
5
1561
641
61
17
141
459
760
80
951
2637
1901
142
41
554
1798
1561
504
242
1604
2344
1874
197
194
2109
1276
43
966
568
2065
552
1564
184
83
1236
1289
796
319
1292
35
941
60
1087
385
177
2454
63
673
273
560
167
1461
324
2913
970
2890
657
975
885
1873
301
1464
1177
493
310
662
927
2687
542
3744
380
126
574
235
576
568
40
1785
552
2993
175
2629
903
2058
1102
2503
1185
3019
1409
647
619
924
165
609
1371
360
1815
570
77
128
159
3280
214
281
786
1133
121
453
1001
379
1091
277
615
296
1007
1328
404
747
2021
669
6
202
63
309
568
1206
1999
354
610
1130
457
291
1067
2130
3188
1071
665
5642
475
381
576
277
2858
83
4872
524
494
2246
2277
591
1221
262
761
1926
179
829
739
1506
517
35
18
1491
61
326
3929
2152
80
188
322
119
701
322
113
925
2613
239
124
34
567
81
1107
121
277
127
72
961
1616
340
1215
9
177
747
177
92
1537
10
1163
1037
1124
665
2657
460
529
3135
2676
792
391
143
869
677
830
1289
1507
1413
1463
61
312
59
1419
4451
609
30
870
1040
991
741
2500
67
1782
1698
1869
1436
258
514
926
1305
1312
1843
317
560
9
1463
46
767
93
346
1087
118
310
613
686
259
781
320
891
1159
1270
790
179
312
1415
754
71
996
129
827
1596
475
854
47
490
114
215
948
241
345
410
4420
937
815
2017
1723
1580
1412
915
959
98
163
275
2162
1411
282
422
2289
55
1294
88
851
2295
878
388
5219
294
1003
1282
829
4241
