79
4
5
286
284
7
5
17
41
90
96
5
200
8
47
10
7
242
109
104
11
2
282
22
10
91
36
109
47
28
115
8
228
148
167
24
203
3
36
9
3
35
24
276
4
50
1
8
89
38
4
202
181
269
38
31
217
3
1
1
4
6
129
13
15
77
28
29
52
257
23
17
296
2
8
1
295
18
193
44
1
15
13
68
45
154
1
132
4
1
105
15
6
12
98
221
149
14
6
1
81
111
9
18
57
249
1
6
5
220
2
171
201
188
101
34
53
180
251
1
292
213
3
211
51
44
2
112
86
12
23
24
162
5
5
13
51
160
1
262
26
11
1
54
269
41
64
185
8
7
23
81
231
3
69
18
1
107
15
194
4
96
78
12
16
197
2
140
214
25
3
205
7
282
13
37
1
1
218
20
194
46
69
14
1
3
124
28
6
28
24
21
1
207
128
2
50
38
31
8
4
62
3
46
6
174
16
18
15
21
196
93
27
7
239
46
20
5
164
120
2
232
254
3
5
27
174
58
6
97
2
100
3
37
13
33
2
181
148
119
5
9
4
67
11
4
1
2
123
270
171
1
11
13
259
114
1
20
1
280
7
29
150
72
2
6
48
113
1
239
19
51
207
46
232
54
3
225
25
166
87
19
169
19
15
3
14
32
2
26
6
1
242
30
1
11
40
164
169
1
18
43
3
1
57
6
191
248
116
54
5
10
17
102
229
299
15
3
2
37
50
3
9
132
1
169
199
39
171
63
13
42
10
97
7
8
240
58
247
6
219
15
55
102
117
9
14
39
2
21
271
39
2
97
32
4
186
19
15
5
16
9
1
86
2
6
137
41
1
26
9
112
231
36
25
6
2
24
2
12
81
4
45
5
106
5
7
15
130
31
296
3
4
31
8
73
18
2
224
29
224
11
6
32
15
5
6
37
56
16
231
95
15
2
259
5
59
194
117
14
4
31
193
288
19
232
50
13
2
42
2
2
1
64
24
83
13
183
68
12
128
257
2
6
2
186
71
28
3
30
1
254
89
27
4
11
37
72
1
155
99
8
20
30
32
25
110
162
15
1
5
205
2
50
21
91
25
1
46
31
75
31
225
46
51
21
30
3
30
195
49
6
217
99
86
67
1
4
192
53
1
19
1
26
173
1
3
86
26
112
21
46
34
170
2
1
28
121
48
9
48
41
7
7
134
4
1
144
73
43
95
6
40
94
215
35
15
188
35
1
274
4
1
195
4
1
157
1
80
1
3
243
104
69
289
111
8
259
120
73
264
240
31
158
29
138
6
56
14
103
178
19
9
1
187
109
8
90
231
5
174
242
49
108
16
21
156
55
5
15
50
9
29
8
6
69
53
112
167
4
9
19
52
11
30
4
97
1
9
2
121
266
64
19
20
10
37
138
1
123
3
1
1
251
5
14
78
35
80
5
194
130
75
18
23
2
15
14
112
10
71
249
8
26
3
9
46
1
167
8
2
45
9
1
69
15
56
189
6
123
289
108
4
38
296
225
61
6
29
26
1
92
1
16
20
165
56
14
244
13
5
32
134
7
104
23
8
202
28
33
106
33
93
6
68
235
5
8
2
22
6
153
222
173
1
18
1
138
31
1
1
1
17
1
20
3
46
5
275
2
277
9
1
137
152
1
7
40
208
27
203
257
39
31
9
75
15
111
258
12
82
53
5
133
10
263
18
157
271
35
44
171
236
32
152
8
9
8
196
210
6
148
14
11
1
8
17
5
1
5
1
110
8
153
8
85
137
143
61
12
1
224
3
13
1
20
25
40
108
146
20
154
105
116
201
150
4
279
200
2
132
57
129
2
25
213
102
3
44
211
131
37
195
1
4
25
216
248
42
51
277
180
3
272
10
92
6
14
217
52
7
74
3
2
115
62
59
80
22
2
1
167
32
72
5
1
135
1
60
13
242
3
2
1
17
3
1
1
213
98
87
102
103
1
75
147
293
163
4
49
33
1
27
1
129
32
105
69
203
29
73
5
93
4
50
1
166
253
21
12
52
8
2
174
54
1
4
33
19
298
83
252
90
26
2
40
94
31
3
13
4
61
22
213
8
28
12
78
67
22
37
24
42
249
3
265
74
7
1
65
249
7
20
27
278
48
81
1
13
80
4
86
77
5
10
1
103
174
108
12
38
19
6
57
235
80
147
20
28
28
70
299
104
6
45
23
2
1
270
90
32
89
2
14
21
30
155
143
3
98
57
36
1
38
16
61
4
20
264
181
2
9
45
9
213
1
3
9
127
3
237
225
299
53
39
4
11
106
5
4
2
166
39
42
167
47
183
185
1
73
16
115
33
278
18
49
23
230
103
207
20
90
108
66
33
7
13
2
1
9
22
24
288
65
6
258
77
2
2
1
43
7
3
2
1
37
62
266
6
237
1
131
92
55
33
76
26
166
14
6
1
57
14
10
4
