61
18
10
73
129
215
1
28
234
1
15
287
27
7
31
3
84
256
15
149
34
4
153
133
45
32
161
225
1
29
4
44
55
7
69
273
13
32
237
38
99
255
94
209
21
49
5
63
23
18
73
56
176
3
1
54
1
4
1
183
2
238
87
2
49
77
60
6
15
8
22
9
14
133
118
49
203
66
33
16
167
92
1
6
56
2
23
2
160
54
14
117
2
122
27
121
81
36
11
8
184
70
21
11
4
2
15
56
1
47
111
13
300
140
10
237
69
6
15
174
19
73
143
192
11
117
25
12
1
215
42
280
111
1
183
11
75
1
279
10
191
10
97
45
1
49
3
88
2
16
47
85
107
284
80
11
60
11
12
13
25
4
2
5
20
215
140
133
195
59
4
32
14
1
146
18
23
2
7
2
22
76
4
27
13
144
160
19
3
1
280
3
3
31
13
187
3
175
68
25
73
1
22
2
208
142
1
35
3
28
67
121
1
13
36
3
6
153
108
92
71
298
2
6
7
138
2
10
22
12
2
127
109
16
1
6
53
28
45
2
49
4
26
30
94
190
9
284
119
200
34
5
279
7
236
5
8
15
108
195
55
122
51
186
34
17
2
8
230
205
12
212
2
6
170
7
183
74
77
26
1
11
1
10
91
3
1
244
61
6
1
243
1
33
4
3
196
6
2
117
2
101
6
249
42
296
78
8
61
128
109
254
4
5
67
192
1
1
1
10
219
1
142
62
1
5
9
108
254
203
79
218
204
9
289
103
202
14
285
88
17
2
87
109
1
8
1
253
4
4
64
95
7
209
6
1
53
244
19
138
1
6
3
216
1
134
159
1
113
80
15
49
35
1
261
12
2
3
94
76
2
8
39
256
8
10
188
102
116
261
26
32
272
4
163
1
2
3
58
72
168
11
88
41
49
299
12
117
276
18
1
2
44
9
255
132
100
84
26
2
65
8
111
202
30
150
10
120
39
1
189
2
25
139
173
28
22
2
1
33
26
1
2
41
18
6
4
99
69
77
36
1
20
2
78
28
106
1
89
2
169
8
62
171
278
2
15
137
22
161
6
48
224
47
165
195
88
18
86
185
6
29
47
15
124
1
79
3
243
3
223
74
17
229
1
46
161
4
5
25
223
20
3
38
163
244
160
9
4
1
69
2
21
25
133
48
79
36
54
202
3
121
201
7
268
82
3
14
67
66
1
61
6
11
10
77
4
95
7
63
79
113
17
34
44
29
137
117
150
5
6
49
48
15
34
253
3
8
3
3
27
2
57
9
150
150
5
2
3
17
104
31
4
170
1
39
1
12
9
86
153
217
153
150
20
299
22
201
47
16
5
11
52
4
32
3
85
2
6
65
7
11
16
48
2
66
4
13
103
70
20
39
83
93
231
143
141
100
59
82
213
275
133
1
101
1
46
1
11
25
7
168
1
254
2
18
1
64
55
68
88
2
160
27
129
121
121
36
150
31
162
185
19
7
66
42
23
2
300
129
56
4
5
123
10
10
119
12
43
40
298
208
130
100
56
1
1
142
8
8
99
92
1
52
13
19
231
70
211
177
1
42
248
1
27
12
294
101
66
29
3
4
180
41
229
37
180
17
84
283
5
37
26
11
11
2
22
11
19
86
159
294
64
1
20
21
9
4
11
258
118
123
1
23
1
164
1
8
158
25
87
12
38
24
134
128
156
32
278
9
260
36
5
17
57
9
1
14
124
135
34
26
160
105
144
110
299
2
289
22
17
4
9
2
48
87
71
57
175
92
37
32
9
78
58
41
7
173
169
173
261
86
9
22
41
125
33
66
54
2
190
5
28
276
2
5
171
22
164
13
69
56
130
69
27
32
4
3
2
17
2
7
11
122
53
1
174
51
19
201
5
43
19
2
1
130
35
7
19
216
7
109
146
4
168
176
22
201
105
45
1
4
53
23
207
161
1
1
11
24
137
204
237
22
12
7
292
160
81
151
1
34
40
42
47
1
77
90
4
85
12
14
6
3
145
216
135
9
1
14
49
30
11
79
51
64
75
17
3
13
164
4
25
4
20
208
80
15
82
18
137
284
216
54
4
22
3
1
71
87
117
12
3
68
213
279
12
1
291
112
120
1
59
5
17
2
13
138
6
30
2
273
12
3
21
22
25
1
51
286
75
52
39
199
1
42
5
1
37
15
38
61
34
4
215
50
130
39
2
150
54
1
63
2
69
6
1
12
33
277
14
21
2
11
144
1
82
69
1
126
213
21
65
27
276
83
156
71
243
137
285
44
101
3
56
50
93
69
2
23
28
79
2
16
2
11
144
15
2
23
38
170
96
99
1
287
49
1
2
222
55
162
16
29
34
4
92
61
284
14
61
3
123
75
289
88
58
110
285
39
58
5
172
178
217
28
57
218
136
75
18
5
67
7
191
123
12
77
1
124
143
26
149
21
1
