66
6
43
23
274
30
2
1
140
11
39
2
140
1
186
91
140
131
134
21
15
52
48
47
3
18
13
1
29
1
53
13
11
9
67
152
214
24
130
133
24
3
5
8
11
4
278
16
5
25
28
195
51
37
20
295
176
244
181
121
298
16
15
216
5
27
1
84
2
24
10
1
89
30
80
116
88
92
235
5
88
4
1
37
33
2
205
282
20
59
2
75
203
1
34
23
69
5
73
65
113
7
18
56
188
126
74
8
53
1
1
98
1
4
65
1
10
199
5
2
55
1
97
69
11
64
155
188
1
31
79
4
78
3
250
1
8
124
84
21
128
2
259
20
95
21
1
4
66
154
270
123
6
196
21
5
117
178
3
98
34
50
24
30
24
1
70
9
13
13
1
65
136
34
99
96
31
24
1
1
198
8
17
5
1
9
3
9
27
103
64
38
96
66
3
4
1
11
39
4
8
103
245
214
9
267
123
238
54
215
56
39
3
93
187
293
39
53
5
2
22
130
110
87
14
5
5
22
1
150
224
37
9
5
70
17
1
106
17
76
16
3
141
59
79
95
22
81
51
225
1
228
23
1
66
28
1
16
18
143
5
80
83
66
122
208
6
21
3
183
5
17
52
215
185
13
13
164
222
74
12
11
227
77
4
2
11
26
136
71
37
143
65
283
5
294
9
31
111
72
40
59
204
2
60
1
1
20
289
132
21
123
1
26
140
190
6
176
56
113
6
5
7
220
34
17
5
26
106
4
16
62
30
20
128
35
96
3
17
1
1
193
35
32
183
56
53
3
19
137
34
6
1
179
3
1
5
18
272
2
288
2
1
22
9
29
4
1
122
28
18
243
122
11
147
1
15
6
22
2
7
5
6
54
5
162
5
11
169
136
286
240
119
14
254
10
2
50
25
25
60
14
1
9
62
82
88
160
32
6
4
67
24
3
3
205
168
10
159
51
63
36
143
4
244
3
1
103
19
76
25
279
88
1
170
14
1
5
55
7
245
9
1
97
16
114
284
94
37
49
49
109
103
36
56
2
2
248
14
27
282
149
8
68
12
75
294
26
2
14
7
272
2
23
137
3
279
6
32
6
43
59
48
92
89
206
173
61
46
70
5
9
12
169
1
1
32
16
7
264
3
21
12
1
4
10
12
1
282
12
64
2
53
31
2
1
37
103
1
291
19
1
1
12
247
9
6
172
135
3
287
13
28
15
29
147
1
3
227
9
2
272
1
2
5
14
158
84
1
8
30
15
4
62
2
32
241
9
49
60
125
63
143
65
232
3
12
128
1
25
3
40
105
2
15
174
226
7
78
20
66
21
82
86
102
78
1
4
43
6
10
117
230
2
56
25
4
54
32
48
3
1
240
101
81
220
51
33
22
2
9
9
1
3
297
96
6
2
253
30
4
10
5
4
10
105
6
21
21
3
2
61
212
44
42
5
89
9
36
3
123
123
20
280
12
224
281
8
297
20
10
145
57
41
29
43
220
74
226
5
165
83
242
79
79
42
125
157
143
1
1
8
89
4
6
7
1
16
2
14
185
79
233
1
39
9
88
15
49
43
1
150
184
10
29
1
12
1
188
1
171
21
108
9
1
13
64
163
243
14
228
130
2
30
1
90
11
23
43
137
28
35
2
3
2
56
34
5
40
73
22
35
267
25
39
6
14
160
142
61
181
214
263
296
2
3
178
89
16
3
145
94
18
15
9
45
7
155
52
213
225
30
1
4
22
13
34
126
95
2
2
109
10
2
202
6
9
49
21
183
49
2
269
7
47
38
47
172
51
62
2
3
93
78
4
230
28
295
219
23
170
3
9
18
264
2
171
184
84
286
3
9
111
233
17
36
120
9
2
80
6
288
90
204
8
17
10
2
6
1
299
7
215
15
8
230
22
23
25
105
5
7
4
117
47
80
41
5
2
217
289
1
62
137
115
29
198
82
58
13
117
115
32
40
298
32
33
258
6
123
120
217
10
4
5
39
48
251
124
25
1
18
63
20
59
66
1
2
3
14
4
109
180
20
102
9
26
4
3
1
186
100
36
54
1
7
6
2
22
128
9
36
300
4
2
18
65
30
1
121
25
41
111
23
279
1
176
51
12
11
245
21
31
4
33
7
13
71
237
4
5
4
46
2
36
87
53
185
20
1
1
14
167
7
150
47
70
6
123
286
21
1
35
9
1
157
2
49
120
21
11
200
8
99
118
125
21
7
68
1
3
157
176
139
1
13
2
2
14
5
4
4
123
3
112
8
136
41
126
46
205
111
43
251
127
94
34
1
91
72
44
50
171
19
102
3
11
268
44
4
35
27
12
179
6
3
122
171
240
4
101
1
58
134
11
126
55
56
116
162
69
2
91
9
14
34
13
5
37
9
114
5
7
289
300
32
113
2
84
191
1
3
179
12
99
1
131
17
283
96
5
62
153
273
2
