678
305
92
1235
295
794
1377
776
2662
2418
673
466
1144
136
109
1274
1958
266
265
1281
1094
326
349
823
215
2295
1061
481
644
1696
257
677
620
222
744
89
2284
526
1031
293
537
397
236
430
773
82
730
516
594
6600
252
999
216
687
3820
946
3225
137
729
6574
1219
1626
628
2739
854
181
855
605
891
1482
210
613
1694
160
365
2035
520
18
1756
1506
499
170
736
1475
81
658
1096
3291
2140
494
3313
1152
141
2837
234
208
1398
566
489
633
671
32
1516
271
1141
205
893
491
351
2593
1118
686
952
0
383
840
15
1734
196
644
597
842
229
1150
824
330
1474
284
121
2101
1697
860
1810
1921
749
292
911
699
599
76
518
944
618
556
1232
3571
1697
1061
222
2269
832
405
426
2559
240
1583
148
2410
6
103
1447
2144
254
2329
240
279
284
610
2389
89
1131
14
326
268
522
897
2748
1766
395
1375
175
721
3067
827
9
601
254
2640
228
345
2321
195
451
1114
157
817
386
1746
380
1116
2
951
168
106
438
187
3249
372
418
1822
277
909
425
324
857
1476
2979
183
2078
496
944
3173
857
3624
62
175
488
2688
1674
147
284
730
3569
130
2639
343
811
497
1967
140
617
476
1245
319
399
185
370
1508
1328
1925
1508
447
1159
430
1137
687
262
442
854
3680
2352
174
3100
947
149
2891
815
351
194
490
610
95
234
1000
643
427
2080
1357
34
1470
72
137
1590
69
263
429
708
1301
1866
1457
126
8
115
2953
439
1731
389
297
905
622
69
749
2799
428
663
884
206
279
4856
317
675
829
556
1805
456
89
676
2050
71
861
277
101
127
119
207
697
845
2040
103
1367
93
603
1021
811
198
720
278
326
100
1197
403
173
529
391
1447
560
1591
311
2394
1150
95
905
535
348
22
1493
3131
339
2998
1308
153
21
12
44
8
521
259
207
90
245
962
91
805
3072
4057
1473
1090
847
4502
1330
1123
1022
985
635
15
204
857
1216
225
1043
2663
1218
501
1165
1104
1041
1084
1746
475
379
1751
847
1018
188
233
1880
936
14
233
1870
773
172
492
2910
98
573
1173
347
3280
1539
1463
750
282
59
363
5855
1255
2339
1148
738
923
1285
249
415
1142
955
609
1346
282
728
233
2935
1530
1736
1126
2379
55
2274
1579
865
140
523
34
121
1369
161
2430
231
888
711
1858
1351
571
191
1467
246
795
210
343
181
410
53
1175
410
712
187
2707
1286
407
713
585
437
36
44
314
119
945
2287
1173
6306
995
2267
1790
302
76
2423
2222
20
244
169
1350
2052
455
870
104
427
1946
2911
320
12
124
304
203
136
522
1365
264
498
675
3252
3683
2878
1345
924
983
1238
95
386
2946
1829
954
385
1518
3579
926
392
3148
1079
1211
444
1953
2378
2721
854
1136
1449
74
5
1148
813
1723
368
1386
798
441
2608
68
131
964
1268
959
2327
211
434
872
323
1034
611
131
237
68
137
614
302
1060
97
2815
163
629
2651
1113
1193
2197
167
326
2063
798
89
495
2524
340
959
250
89
28
938
315
1039
993
837
3338
1605
1430
276
1958
775
855
2092
411
129
139
90
355
1454
966
205
1493
1007
119
219
717
2104
1992
508
86
1601
486
806
2929
1456
1450
3218
335
692
903
546
1607
469
878
1196
599
98
94
1350
1962
1401
461
636
1052
342
2828
741
1
1065
1472
630
1113
2217
1144
2738
394
479
383
98
284
3456
725
3921
142
128
44
675
1101
1506
440
641
237
1215
287
2272
2867
1707
413
27
297
1785
2108
1256
1361
920
2328
655
448
2555
31
649
1526
887
56
2390
952
297
138
1554
1200
2240
2656
165
723
657
446
160
659
190
827
883
948
1040
1973
4583
2047
326
658
709
2931
968
1425
966
3032
296
1752
1917
510
1959
1283
2041
334
1699
1999
2755
639
2057
428
1024
65
805
722
297
202
700
79
162
491
3989
504
2444
3059
1388
1441
1009
31
68
675
963
2159
1482
297
791
184
44
869
735
2710
2441
1682
2403
1709
5300
694
1628
1372
1558
1731
152
1871
1580
919
795
883
3126
497
51
4085
382
582
1013
858
1485
295
366
1056
2681
684
824
361
236
694
1335
878
837
329
1363
216
2578
117
614
80
129
1179
552
1620
527
394
1788
335
321
1130
918
137
2343
461
1487
2071
64
257
336
1039
574
3182
506
262
108
126
1771
1557
631
1033
8488
2003
59
530
1278
333
627
2578
5237
1900
498
688
217
217
129
568
1222
1460
2798
1056
3675
996
1113
283
1448
440
6
1216
400
203
1109
909
329
2456
1004
619
1977
723
477
281
290
529
2542
2069
210
2549
286
137
590
24
312
1581
752
2461
424
165
257
101
791
1323
1609
327
6483
2256
17
305
1550
4
867
7
1925
2189
35
377
389
839
147
1815
1159
1243
1499
915
527
625
1407
962
1796
1016
2247
2466
2968
639
57
579
161
25
30
758
1010
269
479
529
2470
317
134
1964
359
340
290
686
250
1221
1400
515
416
1758
229
112
1274
795
135
2240
1110
1298
1386
167
1540
159
2498
995
689
2716
1298
269
523
972
2058
1074
75
85
761
546
631
510
266
478
208
570
271
1575
1110
399
2726
268
948
473
70
209
224
480
1235
665
114
4094
59
440
91
115
83
3367
4056
834
146
4
15
227
695
1918
16
239
1358
318
4123
554
1923
1336
125
1074
2306
500
1123
1135
491
34
325
1136
104
77
632
1316
2406
1155
256
2408
372
1187
14
2243
177
1294
2451
720
609
1443
1422
40
1309
1517
43
125
3061
1858
379
721
413
1013
177
105
