792
517
216
1169
810
1249
57
35
1936
533
61
198
727
391
16
841
91
114
453
1063
414
122
891
199
2426
3328
1765
2401
225
855
198
104
1442
199
2652
449
120
512
463
393
514
4603
157
1078
231
596
1127
90
683
2669
272
4335
180
2615
85
343
1982
247
289
615
586
1293
1887
21
952
181
6504
324
2005
765
1462
1205
927
1048
1483
1591
501
539
687
279
1237
2241
45
3476
430
161
1197
3809
683
606
621
311
479
818
4197
180
4894
1001
1377
4011
884
1195
869
1614
2340
336
166
4707
298
1442
42
219
355
920
325
980
1174
1697
33
646
1310
538
42
14
708
1012
367
3174
137
1005
450
3729
283
1824
108
25
953
678
389
95
2656
1910
1022
31
535
911
994
1090
784
382
1128
877
1089
96
265
574
7985
1474
526
265
3458
1229
165
112
4057
734
2129
578
1120
2825
488
439
2533
338
1177
66
989
1192
2820
343
1538
770
3147
1830
2882
44
2048
798
463
1402
1290
2215
485
1539
683
820
1655
603
183
1657
462
1
1403
952
11
1764
79
17
443
194
415
1690
166
32
766
98
81
526
766
122
1277
3382
55
305
37
3992
188
551
1505
398
375
268
611
240
1012
1
5003
840
1829
314
856
2480
1427
3328
2154
362
1303
352
2825
2053
795
2382
1573
1918
467
36
574
1467
2050
374
51
520
386
427
499
214
2933
649
311
237
528
641
60
800
404
2725
162
1504
3975
2589
562
420
409
1071
3307
173
270
1956
225
450
1423
987
1262
1037
411
1344
95
1655
3573
1263
530
692
1022
1329
753
1583
106
1445
2423
1188
272
129
2748
1259
1735
231
1261
365
1295
378
3238
3399
160
421
1571
1191
519
1560
1399
646
1941
1738
511
640
2513
65
392
99
872
321
887
1462
576
3214
3439
618
1071
20
717
414
1113
3863
666
721
315
525
972
355
3351
342
778
282
1220
460
940
278
1961
581
2212
1367
1754
470
369
579
677
419
257
1992
1083
1323
449
896
842
1617
821
1035
592
481
2004
213
18
204
2501
298
74
141
43
510
908
139
28
903
192
1349
412
189
2611
851
350
2813
1455
500
4219
2481
925
953
315
204
58
1054
782
1855
1388
1626
494
1060
170
413
462
197
356
570
426
2466
644
1869
613
171
709
353
309
1847
3156
1139
35
1793
210
1352
250
516
498
429
612
607
61
1418
3701
1928
1065
331
2813
623
1574
1971
840
320
198
1464
179
947
734
1294
1159
288
85
4408
1687
1076
1840
205
1123
72
366
1144
1261
2211
3943
193
36
476
1484
2637
1513
317
1061
1092
1081
318
1224
2603
2182
1929
1564
182
299
3419
347
62
217
2518
173
1736
1016
1479
553
620
252
308
986
1838
4448
1849
4095
20
1210
2821
1825
796
28
351
331
646
66
4498
2735
790
2430
1117
78
1050
619
1127
1666
1678
701
161
579
922
91
771
351
714
1264
958
2171
157
1461
1174
196
382
12
1569
1225
509
2411
82
199
109
111
819
3699
1206
549
69
1714
307
830
1256
1556
1211
2991
492
1224
1982
534
49
187
396
443
126
147
956
369
789
418
1863
58
1215
602
241
502
1441
894
213
542
1291
272
86
2044
1153
282
66
5292
18
317
596
240
2365
1136
1106
62
238
721
22
1524
487
765
1185
633
1906
1460
663
977
142
791
304
1185
598
757
264
612
795
295
1909
31
2103
321
94
2662
812
124
1937
136
331
191
1437
305
313
195
1271
1157
1219
2725
572
1148
1126
753
1515
407
628
45
405
528
163
239
85
1312
2036
349
907
351
1020
499
2521
209
705
279
1873
766
660
137
296
1900
260
393
384
3589
404
2421
1097
993
1176
587
1352
789
254
372
558
1262
3563
1437
963
427
313
3435
456
124
409
18
2778
221
1817
4401
2162
464
1229
234
2137
1194
264
5968
1524
524
499
628
615
1290
1269
457
547
1214
2638
4087
1103
1554
3273
256
1107
1524
1649
43
925
426
840
110
1169
256
1145
1181
1047
1916
733
66
763
2221
439
1416
1124
233
2580
837
1747
1698
678
304
114
1217
509
310
18
1745
36
376
74
511
901
514
1646
112
229
1255
168
94
474
1038
951
744
766
1035
4
613
133
44
2946
2914
2834
2613
1017
3357
247
327
1617
2845
3557
300
557
761
596
1108
195
1523
1197
962
473
822
1209
1412
3056
873
312
4887
1746
562
777
496
2847
29
163
166
351
334
1179
1075
15
627
304
1241
1194
903
93
124
7
924
103
948
13
684
1412
263
190
177
1215
416
600
727
1682
2245
281
78
192
43
1080
468
1927
2
1504
1207
715
133
217
1721
1086
1972
362
613
399
86
1400
517
1555
115
573
702
3354
352
190
3406
84
145
562
1701
103
1031
260
461
965
4545
280
1242
1281
412
468
574
2112
198
411
4
511
609
27
666
87
76
1127
426
1219
1321
743
2275
132
918
3672
3668
12
1979
27
1944
3215
670
2526
1303
267
2246
381
521
1695
80
73
173
1316
313
11
1556
67
474
712
171
481
166
1585
2209
1336
744
499
310
250
477
2988
1021
1869
432
649
826
913
1163
434
2363
50
408
582
606
1043
34
928
2712
4522
907
1161
123
1248
2047
176
1651
1286
117
111
1751
2666
1508
97
461
261
238
254
146
1223
1200
633
729
1392
1598
685
1462
1155
1228
1753
2028
274
640
67
923
1089
47
462
518
544
925
1339
1213
1215
514
4
1320
572
1496
741
707
3051
1372
2481
1069
708
1333
592
582
34
1743
1412
1035
1445
1268
42
50
278
831
1287
425
195
20
66
49
166
144
1401
412
528
416
195
357
2567
666
750
96
714
2522
