47
2682
1372
1031
71
622
810
924
8
821
544
63
268
119
97
793
34
576
423
1531
931
4557
1208
1172
2688
388
1101
217
208
59
703
6036
2608
713
224
2168
1970
60
490
924
890
1356
367
178
1235
211
2730
586
335
926
1493
332
2871
2988
51
200
599
602
885
3179
1590
651
407
115
1749
1403
560
394
213
1444
1406
383
1461
2388
208
91
376
287
1704
1177
865
262
440
3463
1815
4544
1427
190
1862
776
1987
891
43
2093
1305
65
387
1083
1813
285
2917
787
1249
2743
107
668
1452
1403
3295
1143
859
1178
451
152
297
1763
758
922
1618
449
390
229
1214
2383
807
2136
150
847
735
894
271
7
1003
1985
683
318
2505
1263
2905
496
1219
870
670
966
1069
1149
374
1462
2964
3488
2145
990
1198
1288
1449
378
391
223
1325
1404
980
2660
958
1322
2570
896
66
924
1117
1564
2717
2008
2176
96
987
889
182
182
1353
278
2447
920
1055
780
915
187
267
221
1452
79
406
4634
1482
492
914
267
274
1032
1591
10
71
484
494
875
110
1308
1592
527
2521
165
50
181
95
244
427
35
1211
161
49
26
325
546
17
87
217
1548
943
372
5745
783
588
677
149
914
341
246
918
485
338
4208
238
236
191
99
904
4133
2685
1661
207
859
302
217
626
235
358
1218
592
791
3704
782
481
185
655
448
254
1570
1374
844
430
1741
1416
742
1264
1743
368
619
1803
234
579
476
1023
967
257
380
2236
59
922
103
2260
1498
237
694
2124
1108
363
3114
300
398
1142
444
977
2619
947
604
3273
188
2360
1010
585
1281
58
836
850
196
346
1744
1094
265
64
887
2608
2575
2058
2203
43
3467
1259
992
1437
688
835
4286
512
1017
199
3898
756
62
120
1437
1139
1323
1710
2562
3859
43
683
373
10
469
91
290
983
706
219
893
880
1476
804
582
937
539
1821
1968
326
1475
1219
89
748
1183
2239
531
726
1265
147
179
4728
22
2037
383
90
136
306
1274
590
816
2487
930
2777
792
963
119
2528
2102
903
997
625
201
1515
1876
977
278
3250
829
715
543
756
915
826
492
2079
454
185
366
214
2291
570
188
307
875
487
1489
288
3308
972
114
2299
1486
1432
1786
876
1278
1311
2646
276
716
262
373
255
310
1210
853
1728
577
200
432
1177
3889
1942
536
1055
4356
386
1046
1684
155
16
7
592
546
493
343
643
5511
99
1617
810
859
875
751
691
449
654
1081
768
2390
1508
1243
2019
895
676
255
3102
213
1034
1682
690
264
2719
1477
919
849
703
400
653
577
147
168
1229
1667
80
2125
24
91
227
488
107
4480
6
1144
902
476
390
1168
3497
1168
495
13
3300
345
47
795
8
536
1604
37
907
948
6
556
1010
512
559
4160
218
1722
151
3197
2303
2912
2043
372
3373
2032
1247
1711
600
168
728
71
1911
29
49
2775
437
91
840
1032
535
1197
215
655
980
2801
58
518
1516
3424
1913
1115
662
332
81
2766
22
1371
350
59
1173
1651
36
858
455
607
320
1062
785
811
1027
2082
145
44
899
4245
534
722
140
2252
1736
47
1380
640
1136
2000
86
1655
455
271
423
639
1291
31
38
512
1698
1206
331
296
60
2468
680
2588
544
1225
263
290
543
236
732
1307
619
374
101
2840
589
1587
2766
964
607
80
1957
516
177
178
2257
276
62
644
942
890
1468
791
1083
828
1586
2965
826
1262
964
724
416
1101
3200
319
1229
407
1234
2136
1926
1826
96
1148
2270
871
559
242
1104
30
2443
322
596
2420
1600
1807
131
573
574
195
1287
314
1552
545
1880
478
1890
856
1506
738
1968
1308
385
2057
309
523
189
2043
560
1092
124
29
318
88
64
4047
2318
1330
30
351
2545
4492
432
352
1633
312
515
265
1614
927
2081
474
256
811
454
602
567
591
52
34
28
463
54
478
1899
229
2435
1454
465
1831
1226
2762
1133
1793
941
1448
346
1032
169
113
590
733
352
12
357
1047
48
1277
1019
1860
152
450
1362
650
172
323
2857
1684
1218
2695
322
2319
166
2273
752
2749
393
3815
775
261
1536
2259
362
1292
106
479
343
539
2647
178
661
217
1504
2201
283
1025
57
331
1473
91
578
6
1194
262
861
2819
1635
266
309
403
1031
1555
590
14
1830
262
600
631
489
1529
2430
698
2955
72
240
225
700
411
1217
727
230
3867
1736
2443
368
778
2652
156
1904
714
1920
645
241
358
860
254
478
366
329
2895
393
51
2363
683
89
191
47
1627
203
2768
1149
491
81
111
431
167
42
289
2518
651
1094
1940
775
700
13
966
664
174
186
754
946
1710
11
1715
255
463
2727
645
1836
1057
2354
91
801
1363
889
339
1329
1615
662
1039
1097
1308
870
221
72
155
172
1836
235
1509
15
104
775
693
380
1257
436
1265
220
33
469
140
940
1707
681
2176
1047
1685
862
75
467
139
439
179
99
111
859
303
4
569
169
500
226
129
322
957
1575
1551
452
1268
1375
745
882
906
765
353
13
1586
1344
1315
2892
55
1007
196
4
192
1210
1529
545
450
1521
33
565
3403
417
606
701
554
860
4317
1301
2176
838
412
402
454
3387
1286
778
54
1257
716
96
18
1121
197
845
950
404
340
304
142
488
1399
475
697
190
316
316
3136
392
1108
75
64
507
279
30
1579
1675
256
136
1943
381
178
222
3762
150
195
1025
250
261
186
2360
753
2494
2622
850
1319
149
502
2
949
798
602
246
1802
80
2733
25
209
2207
122
541
1382
1444
1617
1845
1839
986
705
1413
566
6939
231
707
447
632
