200
5
158
116
6
20
52
38
2
44
244
78
2
11
286
249
64
270
40
250
2
56
100
95
154
263
10
31
17
51
5
1
103
287
10
62
43
152
180
36
113
106
234
275
135
57
258
21
180
14
156
2
118
104
4
17
190
239
258
45
48
6
151
6
1
2
1
4
99
12
10
210
239
40
11
42
66
2
12
19
10
102
43
6
5
2
16
1
16
156
290
114
6
177
2
25
1
79
38
113
70
21
124
67
186
106
30
2
54
4
63
27
2
67
30
8
5
12
4
5
7
115
251
219
2
221
10
5
4
74
8
5
111
1
2
228
92
132
22
244
1
296
6
239
48
27
18
36
1
84
6
53
264
58
197
105
37
2
157
104
2
1
16
283
2
197
148
13
7
44
2
27
234
5
1
1
56
15
77
180
263
105
26
2
185
1
152
33
143
125
1
106
10
74
78
13
230
10
264
236
6
5
46
221
2
25
216
6
147
1
42
269
44
3
202
2
205
90
9
156
153
5
228
3
1
27
30
1
34
40
31
15
1
7
1
1
13
1
138
3
184
134
1
20
109
109
29
65
1
26
220
1
103
14
11
265
6
117
8
42
4
96
163
204
120
208
8
161
228
1
82
30
77
71
42
224
13
16
180
9
54
96
12
54
274
140
33
15
4
3
127
109
137
9
5
1
4
124
2
49
1
77
31
2
35
1
3
2
69
137
1
111
2
214
217
1
46
17
66
15
257
5
20
218
15
86
16
138
3
4
200
10
4
9
3
1
30
1
282
147
23
9
35
175
194
93
7
59
16
4
1
1
157
153
8
31
33
12
14
7
27
38
38
103
13
82
165
82
59
105
4
215
10
8
21
23
26
17
59
15
285
18
10
169
5
50
203
50
29
9
37
50
14
1
179
71
30
2
1
167
6
5
261
232
15
7
116
36
6
179
17
171
192
183
1
216
129
1
17
67
9
39
246
19
64
21
3
25
22
8
196
25
24
237
38
9
30
23
31
4
32
25
33
31
3
11
4
6
50
118
1
4
1
90
1
278
283
159
21
1
4
8
237
45
31
134
16
7
237
4
207
35
20
44
112
2
260
7
169
208
23
181
15
13
2
94
1
20
10
26
9
1
53
146
134
215
3
7
209
1
2
132
6
242
69
187
200
117
2
40
1
1
5
56
193
33
161
45
63
6
1
4
34
22
6
1
45
2
82
2
1
26
201
190
111
66
11
51
123
9
113
36
18
35
215
2
156
253
11
251
267
2
2
19
40
127
30
24
40
135
152
67
24
188
6
3
6
31
13
4
2
1
166
3
30
119
18
33
1
176
9
3
52
159
200
13
13
84
22
298
65
3
7
145
72
9
300
16
86
217
19
50
2
185
81
158
15
156
6
18
195
90
160
45
8
27
297
3
151
6
292
225
2
23
136
6
244
19
239
1
127
2
109
45
224
4
44
45
35
98
3
5
58
74
3
40
123
4
142
71
153
4
8
33
21
53
90
142
38
13
42
143
80
23
214
1
169
14
15
32
120
131
6
19
18
22
172
11
1
144
4
3
124
62
1
59
3
78
6
55
7
1
58
1
1
65
28
31
30
6
4
143
286
79
1
17
3
15
212
43
74
178
1
155
50
229
1
11
49
143
21
17
2
115
1
2
3
4
9
167
143
3
49
60
31
61
4
69
19
5
32
275
46
14
245
30
264
41
28
12
152
116
111
200
4
13
275
13
179
2
29
6
11
240
48
164
4
16
10
2
1
98
5
12
56
6
177
41
136
9
21
193
14
25
217
71
3
4
56
297
173
187
131
229
90
47
30
89
18
200
211
79
6
62
282
182
5
47
2
166
119
4
65
12
21
31
44
7
12
2
121
158
100
6
75
6
175
11
70
27
113
212
104
207
48
262
8
54
3
1
274
171
1
18
15
114
33
51
2
8
35
113
15
53
2
160
55
178
3
168
100
2
194
1
6
2
64
2
148
1
1
5
85
50
86
250
35
8
45
5
1
5
66
74
4
3
200
1
6
189
31
1
59
94
11
6
1
5
4
4
9
143
234
34
16
17
1
75
63
2
17
40
103
1
2
29
10
277
20
1
8
89
5
1
22
113
10
136
2
209
206
33
7
278
72
1
6
12
73
1
67
1
12
1
22
17
3
1
2
64
168
28
27
3
8
12
52
131
3
2
1
190
48
162
107
24
181
125
51
9
34
81
2
11
175
53
5
39
1
92
156
1
13
16
82
103
108
23
1
283
15
1
143
105
1
2
101
47
13
2
1
22
87
26
57
2
1
18
269
95
105
43
55
1
175
9
164
10
4
252
2
32
121
5
4
36
1
2
274
8
1
1
10
93
86
1
5
55
3
26
25
86
35
2
41
1
2
3
7
6
78
168
90
6
64
16
16
212
10
143
1
159
51
4
240
81
76
68
1
72
48
289
51
286
55
