27
196
2
192
68
150
49
2
1
35
180
25
153
1
3
295
2
15
114
273
18
27
11
198
150
32
59
12
181
42
10
25
160
97
5
24
41
12
1
15
1
15
237
73
7
63
1
7
258
146
6
67
73
1
54
7
232
259
244
27
6
231
52
170
147
5
289
68
77
30
34
1
11
185
12
16
47
12
31
2
29
78
90
46
17
32
270
6
122
35
143
6
74
57
157
6
5
12
17
14
1
12
39
78
13
151
8
4
34
46
270
146
6
43
128
19
245
2
11
1
75
35
201
221
10
186
81
54
7
221
74
4
48
66
132
2
10
13
39
1
126
68
260
1
119
7
1
19
32
154
4
2
234
5
87
79
128
127
52
43
69
30
48
2
104
69
1
241
13
24
46
125
2
1
68
84
10
1
74
9
18
1
193
1
7
3
6
60
2
98
33
184
168
1
233
190
15
1
6
9
192
10
112
275
65
200
13
111
8
295
12
1
76
53
4
282
228
19
6
140
7
12
278
236
287
2
1
3
62
4
1
160
1
12
1
23
34
156
130
1
7
24
191
151
1
2
62
183
3
9
1
86
12
45
251
8
4
5
139
52
180
3
50
37
12
106
94
88
57
246
10
109
199
245
208
272
19
23
164
3
5
1
114
44
1
1
96
4
27
103
17
73
199
8
7
59
2
18
70
1
201
5
51
2
168
12
5
40
98
294
3
7
132
1
1
25
4
21
75
22
243
6
4
4
2
92
14
136
10
49
66
21
2
28
60
42
59
5
12
282
26
21
52
10
7
144
93
2
259
1
28
55
271
4
26
4
29
269
3
1
1
23
16
54
5
10
5
42
6
24
258
7
1
1
1
197
2
41
31
11
23
15
35
215
148
210
134
66
4
6
116
178
174
59
19
29
112
2
92
126
67
1
3
65
183
232
191
13
63
256
201
67
12
200
79
60
130
2
49
33
11
2
6
4
3
166
296
2
182
4
201
102
97
131
214
270
2
280
20
19
299
296
21
108
149
1
13
269
176
5
59
300
47
4
141
19
1
10
267
23
224
2
279
10
146
16
131
35
39
63
130
25
107
107
14
1
1
230
44
7
2
15
186
4
63
182
285
1
36
38
5
7
139
26
1
48
1
39
21
28
10
74
42
8
103
49
207
21
27
2
152
11
105
4
18
279
9
3
11
137
289
6
6
19
79
14
3
51
9
1
11
75
4
13
128
92
16
6
8
12
7
151
1
96
204
2
33
16
79
5
4
2
49
66
173
173
22
5
94
22
155
213
23
125
204
20
14
202
2
4
53
1
1
67
29
9
103
254
124
4
87
5
121
129
39
3
201
166
136
12
1
29
85
35
2
85
3
4
16
34
5
224
21
4
99
4
165
4
36
212
8
26
115
2
53
7
1
24
20
31
18
92
6
99
26
10
38
2
1
49
124
253
10
36
9
14
38
5
82
1
17
248
163
61
137
5
2
29
29
1
8
175
3
1
39
3
220
1
227
142
3
23
19
89
19
3
63
97
5
30
48
73
1
2
54
174
19
268
26
1
16
21
1
67
187
27
113
31
42
4
1
129
41
9
108
102
194
85
5
240
294
1
111
110
272
49
10
126
10
62
86
77
204
21
272
103
150
112
5
286
1
154
204
26
2
246
22
73
28
7
58
1
9
89
2
61
62
54
4
44
4
2
17
48
65
29
172
50
146
77
18
1
1
195
209
72
9
62
23
14
6
166
5
276
228
14
3
6
100
67
19
49
14
1
1
3
12
99
1
20
41
100
2
5
26
32
71
27
70
39
60
4
9
9
126
115
244
23
1
201
24
3
165
65
103
32
161
123
1
128
210
51
9
21
257
59
84
75
134
2
196
9
79
129
112
3
279
56
78
107
50
95
151
87
39
278
27
2
21
251
4
139
13
184
21
8
7
289
173
2
36
28
2
144
90
9
52
7
141
223
234
49
128
149
5
64
1
20
8
2
207
120
146
128
18
7
35
6
182
3
43
44
286
5
4
272
107
46
18
106
132
56
39
245
36
1
282
1
268
1
1
20
157
35
201
272
297
180
136
107
5
2
1
86
201
104
12
1
94
23
54
1
11
1
274
54
201
81
8
6
229
40
150
9
2
5
8
122
162
4
210
9
43
90
52
144
33
70
7
131
111
216
40
3
76
63
8
10
62
11
20
279
3
5
21
123
69
1
1
204
97
132
1
5
1
6
165
27
4
1
1
6
12
161
15
23
1
1
97
71
9
37
52
5
26
131
10
22
247
37
25
223
103
268
8
92
3
234
159
30
19
215
70
14
82
25
13
93
2
3
278
77
245
1
2
2
115
80
27
52
6
54
30
3
64
51
213
9
11
2
1
43
27
1
80
100
167
40
91
1
14
4
14
28
40
171
5
5
138
52
258
18
199
22
167
40
1
41
1
37
1
11
78
3
1
