8
19
6
9
6
56
2
77
39
38
183
68
10
32
253
132
107
5
88
232
3
101
3
186
2
73
2
27
82
44
248
2
122
4
8
67
3
4
4
1
85
2
1
8
90
228
30
216
19
3
63
20
157
82
1
12
186
170
62
225
27
22
9
1
57
130
67
1
41
60
119
7
1
65
5
253
272
1
120
55
267
2
7
133
11
2
19
74
59
11
39
2
11
2
210
161
16
135
23
207
35
1
29
88
55
13
280
2
264
5
35
140
202
11
9
125
141
4
4
218
27
142
9
112
32
11
2
6
17
140
52
5
31
96
8
12
33
156
2
23
3
64
1
6
2
2
9
226
11
1
134
230
1
50
58
9
7
49
20
1
244
93
3
212
93
6
165
2
83
178
4
1
3
116
53
6
1
198
9
3
2
178
4
258
131
221
50
10
182
11
8
290
8
66
1
3
267
3
274
39
1
46
10
6
3
3
5
3
126
189
5
4
35
2
2
8
6
59
2
34
5
16
64
95
1
1
160
35
132
38
204
70
194
167
18
1
64
14
48
186
49
2
29
5
2
117
1
6
4
58
249
3
1
15
33
171
172
99
1
213
127
196
1
1
2
89
10
6
22
8
1
70
259
258
14
107
2
51
31
2
18
4
1
3
14
1
204
5
37
130
4
53
1
1
63
22
176
24
49
30
286
66
5
236
111
15
107
290
9
99
2
5
5
6
81
18
15
11
23
3
5
9
5
8
77
12
230
186
112
2
1
40
71
68
1
287
3
22
16
1
158
124
64
92
116
2
184
15
49
14
8
256
43
102
223
54
10
211
34
9
9
190
15
11
34
67
221
16
5
171
162
13
156
2
172
7
1
174
161
6
1
296
1
74
27
65
24
47
73
9
13
59
269
3
1
3
270
41
7
55
229
104
5
258
174
4
48
1
41
5
231
188
164
4
4
1
62
44
207
43
103
62
212
22
10
1
19
259
20
55
2
228
8
7
82
217
265
11
94
11
7
23
2
17
107
5
16
36
14
106
46
26
7
170
10
127
102
26
96
114
212
40
21
1
8
137
163
12
41
168
53
21
279
131
156
264
196
1
6
203
25
32
1
6
1
243
2
26
46
279
3
10
1
183
296
197
2
4
15
214
256
284
5
120
3
69
108
25
37
143
2
10
37
4
49
21
40
180
98
18
3
25
15
196
146
130
157
39
1
221
90
47
11
5
104
46
10
63
12
5
7
2
51
16
46
47
21
5
2
1
296
34
196
52
1
3
30
75
2
240
42
125
140
32
186
1
196
7
18
19
265
217
53
11
59
154
61
140
23
14
179
156
8
242
24
252
61
104
12
183
13
101
52
3
139
153
64
193
147
19
10
71
9
73
10
118
257
160
29
41
103
151
12
215
1
41
45
92
241
203
76
5
214
8
279
142
208
107
103
245
264
34
4
4
61
54
52
234
15
28
15
298
21
92
58
11
50
30
44
11
10
10
162
24
103
213
121
33
37
8
66
59
116
169
12
127
2
194
287
1
4
38
62
1
42
292
24
8
180
44
187
29
19
29
5
4
25
23
292
51
269
43
2
279
177
28
73
46
244
133
49
120
1
36
9
7
85
1
210
1
119
59
75
196
219
23
18
1
136
2
1
3
45
23
3
33
1
270
7
107
113
19
38
11
2
1
4
2
149
40
154
289
2
33
2
14
14
262
3
183
20
30
152
13
233
230
47
35
4
1
1
1
85
34
19
104
201
56
20
11
8
5
165
148
12
273
47
6
214
26
44
4
16
202
57
1
47
156
20
42
1
29
114
66
20
81
3
107
35
189
290
88
41
5
25
16
24
135
5
12
134
14
38
1
8
18
126
3
60
39
2
216
194
230
16
157
133
199
49
172
198
2
266
64
12
1
77
9
277
127
2
212
63
88
3
107
1
278
45
182
159
53
94
25
2
1
11
58
21
1
66
82
4
123
6
54
4
81
1
8
3
12
112
2
47
11
7
13
75
58
15
5
3
294
2
7
135
2
25
34
8
234
55
69
26
3
33
277
13
136
40
296
172
24
19
151
56
22
1
221
199
36
278
1
297
104
134
60
17
96
31
1
10
57
159
95
39
50
26
4
6
41
16
16
11
56
113
1
171
1
8
2
35
25
3
6
132
3
98
20
1
193
128
37
7
208
1
143
110
225
49
7
116
129
63
21
1
1
175
10
102
12
160
30
26
180
49
8
27
40
6
264
21
2
288
100
56
1
10
101
6
223
153
2
75
97
2
6
2
29
121
174
91
2
46
39
240
10
3
101
12
39
157
20
35
265
69
7
4
28
126
83
262
2
14
18
70
12
25
145
20
69
18
46
5
2
39
69
204
3
3
76
15
21
51
286
7
41
148
11
69
152
90
2
139
110
21
94
94
5
103
1
16
55
39
199
4
71
14
4
224
76
146
125
3
