1810
288
1479
746
2365
331
1510
725
1693
509
3802
1136
1243
258
1751
535
289
2089
981
1316
2244
1449
293
1242
782
1662
232
1030
63
99
133
159
2948
433
482
942
4150
266
507
498
502
12
3317
346
250
2274
1862
1058
263
133
121
720
3459
1383
1962
1178
494
442
997
655
1412
821
184
1386
285
1942
621
186
287
355
1545
1453
1155
1873
1400
304
1717
728
1398
943
161
68
2147
982
82
1377
2622
968
1446
848
1777
146
2662
120
670
379
244
278
679
1393
772
2542
1941
4068
774
356
1427
137
2219
295
1693
158
898
882
371
1386
53
386
292
3514
416
273
884
1040
1260
4421
428
2014
8
1036
664
506
273
1824
807
379
2654
613
367
137
81
1756
1957
1373
472
236
1605
1467
422
570
66
1404
1288
7984
1002
2301
811
3407
1079
96
460
767
693
1622
900
239
840
972
197
64
1898
33
1464
1873
764
656
1979
1890
2829
768
105
89
251
377
1864
1050
315
19
848
482
1316
358
506
1286
425
136
109
581
719
685
1465
3697
1062
2432
3768
1521
408
1228
2936
87
1892
994
356
620
350
502
1750
77
1003
2445
3742
2460
400
1248
52
901
1076
2742
599
104
371
2021
1062
2769
814
1683
717
399
1142
2419
291
109
730
4168
2943
823
642
142
2016
343
207
367
220
2048
456
111
972
1273
208
1670
3507
1120
428
885
1996
804
2385
1008
757
423
1602
705
1842
2683
1572
1109
2055
1392
602
876
171
630
555
925
92
162
318
806
1098
804
797
4565
1026
108
1801
2308
80
2719
861
558
330
1251
912
340
409
56
813
725
350
141
1303
1525
986
2592
345
211
410
666
999
405
2464
290
507
24
1096
948
259
1766
35
972
1022
1518
181
2087
2414
1602
292
1747
1740
3169
1090
506
298
272
624
605
413
831
1308
894
169
1432
335
641
1415
226
488
1427
3149
142
213
147
583
485
576
515
240
1072
262
2667
538
3105
742
657
809
533
3872
1031
1496
2508
7
2751
316
1048
176
3689
3840
569
480
131
558
224
5085
139
144
912
2272
322
736
95
642
338
1282
5346
465
94
3428
76
1673
394
542
518
255
1170
320
490
1328
5852
67
1406
464
44
705
119
415
1525
1034
693
42
1792
154
1510
940
1374
2890
879
866
597
779
169
91
455
565
189
508
812
69
3279
87
61
1232
298
1307
1892
688
469
326
411
3564
1146
1852
9
254
2188
499
316
18
1026
7
876
441
96
49
3278
231
351
3107
1386
1093
99
727
352
161
42
2168
3745
1311
105
857
48
173
54
195
1817
1475
578
1294
286
195
188
1017
1349
21
485
1954
3010
279
3538
1436
1042
1033
989
1782
58
1425
2452
76
338
2751
1603
100
101
278
404
2669
226
3998
19
2215
303
3076
614
135
537
341
64
415
657
744
24
100
121
149
375
1041
1333
2231
172
2019
1169
718
871
30
1379
266
392
5311
638
1391
716
95
750
759
187
1033
382
1004
435
1690
579
150
4423
187
2200
1816
770
547
203
348
727
514
1575
965
697
976
1654
172
645
487
599
733
792
211
2507
1715
2088
151
823
1088
564
1193
668
438
1197
325
253
1425
338
88
1095
1778
528
2192
460
782
255
1475
84
1887
1907
538
281
26
970
23
716
908
3250
30
509
14
177
826
2027
674
99
399
617
1049
996
1412
1520
1137
1656
1179
102
157
746
574
276
733
931
1658
6045
1023
1047
235
510
1055
1168
1013
1025
822
1411
55
290
672
303
4054
2458
133
111
2346
822
15
110
1116
75
941
2096
533
29
668
1640
308
373
6
449
3011
1704
1292
1316
91
1819
231
1621
1528
619
3057
2479
2971
281
3476
1655
3465
186
521
406
419
255
85
884
1354
1232
551
633
45
59
129
4014
1480
963
757
2761
65
1216
39
250
413
515
285
1034
192
1982
2509
414
840
436
814
325
53
1525
665
133
1316
1158
85
186
613
934
69
501
4334
1432
1393
1230
722
688
545
521
1385
159
543
185
72
1211
898
116
44
743
1503
1745
1676
348
2529
343
1182
40
30
434
1018
711
188
1322
684
2118
688
240
1335
108
262
277
106
378
894
223
389
976
2628
5555
149
418
406
780
123
23
518
653
275
1025
3198
785
112
367
442
2303
927
702
103
903
256
102
1021
1731
2110
113
884
622
499
218
505
331
2536
290
261
2351
994
102
1492
222
169
2108
650
754
1120
1816
891
198
19
586
1321
592
459
386
1663
394
1769
706
2048
576
200
3155
1027
1693
171
1005
2228
126
2052
1714
146
178
2871
413
362
76
40
584
352
576
221
1525
175
195
2242
250
807
763
54
1730
664
57
1288
1013
177
446
420
5455
818
1737
1859
1165
1486
173
109
1151
425
2341
11
25
489
1563
422
4917
826
922
451
3601
1191
349
784
567
360
741
566
775
194
222
282
2005
5172
1359
505
2211
1735
230
653
1497
1561
514
376
867
1229
888
1881
376
1043
1005
492
131
639
484
322
727
887
539
1311
115
326
64
180
42
301
527
1752
2517
46
1040
644
2520
106
355
474
4037
909
1361
1491
1946
761
963
491
475
1060
281
2109
326
3400
27
237
1376
1390
941
3409
1112
428
1675
493
169
293
452
219
2685
2087
1
1727
293
2338
1646
3846
1344
1227
1553
385
706
1541
1568
225
228
770
744
1268
253
664
907
31
615
129
345
174
832
257
254
234
2184
402
226
148
345
322
2024
610
1056
63
168
2613
674
2178
205
4561
723
293
9
178
541
684
355
526
662
201
337
2429
275
96
344
253
1205
467
27
2970
277
1122
371
782
273
493
