1208
1992
306
3222
974
1207
207
571
289
1252
1241
4040
262
1273
1333
150
4145
745
634
353
129
2069
912
641
842
1143
5834
1274
352
753
1076
93
44
18
533
26
450
1269
204
1150
680
914
52
2160
38
1252
988
892
550
1646
320
2425
223
205
279
695
4347
1205
1970
1416
875
40
851
64
613
641
46
653
435
1611
5442
13
229
449
721
861
299
1010
817
488
107
1799
114
1262
64
1435
341
331
949
1226
351
304
295
875
75
1058
103
3832
1060
252
1061
320
835
2112
186
1493
1246
434
40
139
156
680
294
122
93
976
126
350
830
59
275
347
554
1633
174
864
2669
154
1365
104
223
617
119
3346
530
2474
275
1479
1906
1973
1277
469
46
978
932
153
250
183
168
1503
150
2586
2734
1738
58
144
1844
910
1071
3305
161
409
88
1062
1215
733
317
1844
762
1062
230
1560
1201
924
430
311
794
2116
541
282
328
484
1290
1760
1564
701
1987
931
950
405
1248
406
427
400
892
697
1262
2148
2006
622
107
785
799
20
1849
782
1713
360
370
141
496
103
713
417
322
287
1098
17
1179
2195
429
1756
495
524
669
31
1479
1184
5175
630
1561
25
612
35
52
611
3630
1472
5
2183
131
954
721
638
639
119
429
839
328
318
120
1162
1312
822
272
155
233
983
1104
612
1356
56
1367
1416
379
486
506
924
951
456
1285
1223
316
462
538
1282
74
1524
308
910
1045
1116
953
1589
747
50
65
1463
303
1339
943
357
769
141
1024
292
154
1859
1338
750
1556
136
374
1439
903
592
701
439
230
162
199
803
1569
499
1638
1622
428
695
1595
1218
229
151
67
1626
19
223
3095
1435
1259
686
2530
23
409
170
631
17
2379
510
2950
1926
839
885
410
316
554
78
2685
247
2045
1672
285
1445
572
750
65
1248
525
483
783
395
180
320
501
299
5571
1106
16
1329
1756
46
12
124
321
434
524
97
188
4292
376
1677
202
2188
3030
991
1152
177
380
726
198
769
1024
251
742
99
488
1959
492
1873
4455
580
326
499
602
467
1248
199
3252
3937
1088
2313
535
1
1504
499
3067
209
1553
527
445
198
106
132
370
1783
713
1901
2860
715
409
453
479
402
1095
5022
199
177
2933
270
803
197
2156
158
1344
3471
389
35
685
1161
1127
562
246
1814
646
648
821
117
502
1970
1484
261
394
3054
963
374
2212
231
217
814
73
43
4374
112
1217
1203
198
495
363
1572
68
740
1022
702
371
2140
1940
800
226
802
140
3077
156
1676
108
98
655
973
491
1351
36
115
663
200
609
3566
508
669
429
1320
729
58
428
192
1711
632
712
2007
383
2094
1533
749
633
316
716
526
179
623
212
151
126
491
2306
1755
1169
1758
4050
3761
546
505
3182
4509
1124
355
1290
416
15
3593
651
1259
508
1342
3644
3197
511
1618
2337
1121
727
3871
3
349
3595
241
45
2491
834
357
3559
715
315
291
12
1074
253
628
2750
4124
107
624
1645
879
2728
14
1336
884
1114
856
1134
327
147
2233
1070
507
930
246
3195
4765
162
107
1120
664
844
444
343
256
32
475
527
191
9
112
2779
2313
1239
2032
828
1432
1010
97
628
457
1512
37
289
21
8
517
405
173
2966
3594
5
484
2001
183
398
438
121
575
32
482
1625
444
178
80
221
24
288
1286
1575
912
155
374
33
1128
1566
828
2283
152
747
4882
766
222
589
1608
1640
1669
2476
2747
104
20
442
533
2513
629
328
544
973
1982
265
389
1308
374
813
0
533
1622
39
436
148
669
1269
5116
2
623
25
146
2740
276
744
435
99
2462
509
744
11
404
652
563
324
2312
191
111
107
484
689
571
2440
551
513
228
247
134
127
753
2307
1805
2617
112
570
1549
326
491
2860
211
4245
1113
4182
2769
1410
206
1173
226
262
1170
480
14
110
242
534
26
662
388
81
1044
636
523
540
295
1413
29
1487
448
463
97
136
1356
2352
2937
152
518
2024
1335
2794
715
1935
920
1555
590
43
2587
1466
3363
158
849
602
688
138
68
2329
2260
1981
1152
1387
287
2868
344
4581
63
2949
74
97
430
337
5
900
61
741
257
351
486
781
196
552
754
359
274
588
534
662
1509
1788
631
395
301
609
184
1566
74
6939
151
1371
2625
3950
220
3022
1418
169
358
666
2087
2816
1133
983
631
2813
1242
338
1761
996
4205
1019
1342
1625
1482
1034
21
29
379
1385
270
398
736
73
1139
1724
562
590
1010
78
1634
543
647
492
1412
742
1256
563
109
890
852
89
1275
1787
34
468
1060
535
516
288
582
1116
1360
1051
1378
5304
44
397
1314
871
1412
932
486
250
1536
1469
2332
1119
38
561
630
706
661
1011
922
702
1010
374
783
1034
198
118
395
1531
456
2562
148
342
289
327
3819
468
345
277
5189
1495
95
2189
180
117
474
958
798
244
946
1326
645
853
74
997
240
1182
2648
275
1023
995
3801
202
1871
102
439
413
533
1053
44
1581
1094
734
655
340
3039
232
2309
296
228
239
1143
6811
109
3058
84
1308
635
2594
549
494
22
7
37
62
916
25
752
989
1946
3498
3078
2633
1520
763
1078
564
753
9
6
4089
1376
2741
2652
400
750
947
5055
1609
1599
1189
1358
1760
433
93
1545
5
1482
270
585
212
340
715
554
178
285
666
2471
1934
501
188
958
114
98
255
1537
1188
110
351
508
1685
1371
683
1587
10
256
35
507
165
2485
2018
382
95
1108
269
517
1006
1450
2343
163
119
1284
2027
45
244
185
193
1338
107
2814
681
