57
1155
324
178
694
1279
265
126
1100
619
893
294
810
237
872
898
897
491
385
43
1599
3041
38
27
1334
531
43
7
561
1215
321
190
1576
709
762
300
83
705
1092
1238
1058
200
1125
180
1461
987
1746
1245
755
367
905
67
2419
92
15
912
307
146
1003
96
1032
1539
639
590
1905
1388
1173
476
877
162
1096
1616
847
700
2704
199
209
190
1643
574
649
1609
936
307
1537
1426
173
235
299
461
1205
1925
2078
1911
804
40
877
1175
931
304
4117
158
450
429
874
431
2857
247
356
656
743
1265
214
591
1942
428
2850
1508
324
633
88
145
2622
2728
1141
169
144
329
1398
2612
356
1612
242
1588
235
149
332
177
785
152
237
477
776
361
1029
336
467
457
134
467
1501
1326
2
127
640
3002
247
384
491
693
718
1218
977
328
17
351
514
1
1841
2133
450
2509
2551
730
3044
975
1505
1719
3302
373
919
2285
100
3767
1085
1863
287
1699
479
2890
2666
357
146
2338
839
956
51
144
325
1287
1784
613
557
634
1218
2813
3751
1594
81
1150
2506
191
549
417
964
2253
1482
272
3512
250
824
481
246
60
2398
204
183
93
955
669
1853
574
63
417
155
99
3181
1499
200
1214
385
721
68
1187
2152
163
166
1561
192
54
1437
901
405
1572
2416
301
1589
777
828
149
1165
1589
182
1138
62
719
1573
131
95
1789
1614
1410
157
2044
371
4574
1255
561
224
286
19
1544
1495
310
24
144
866
358
106
2161
704
1313
99
149
745
40
910
2544
638
80
193
785
998
243
751
1129
1927
258
851
1330
532
64
412
110
684
47
291
963
4980
3563
654
606
840
675
853
951
2055
347
353
817
19
149
470
20
2321
819
2119
420
72
1939
99
240
460
824
403
2435
1459
1172
2154
390
1609
121
773
58
925
3829
658
1723
514
142
264
615
1027
1112
966
797
1207
412
148
409
959
1700
450
734
1833
1762
2232
720
1699
543
246
296
2201
777
2048
1298
252
1090
342
616
63
417
5864
963
1480
2263
1
338
136
143
1301
351
145
41
1432
340
396
856
329
806
20
473
1821
1153
850
1211
1342
584
2019
839
2229
1096
636
3328
2322
2505
358
350
582
470
1406
334
2077
123
30
1598
1669
141
136
468
2541
221
1873
1752
20
292
1122
973
63
207
272
2029
3216
290
282
1925
221
789
518
1668
232
1244
139
947
1139
1475
122
1760
573
1524
269
1107
561
1024
3090
16
60
290
1319
1874
2097
1097
388
116
1690
2189
1372
4
3730
1087
706
149
1783
715
115
1601
141
1122
193
968
597
1211
330
54
619
416
1389
231
571
168
233
190
594
244
928
2051
1136
1040
653
932
14
1480
401
766
24
148
675
505
1590
360
279
1570
1878
16
1339
271
1003
937
192
302
4665
587
1474
953
369
459
221
92
1194
906
2785
4461
640
716
208
3942
287
3610
3176
1471
865
735
2668
246
271
2908
209
617
678
912
735
326
475
1040
403
142
859
2490
375
411
759
251
566
1680
857
672
524
2842
4957
365
663
706
612
96
234
293
118
1615
1553
898
719
2256
713
197
366
786
747
1836
4206
400
945
651
1615
498
1732
82
268
852
854
53
240
328
1078
703
545
946
566
189
858
114
610
1219
1804
692
502
76
68
1428
1467
85
2492
451
128
170
150
528
1128
20
172
424
1693
16
653
861
1973
1321
2584
1276
78
116
2966
1984
1549
67
4338
265
85
508
510
360
183
37
403
2316
492
2018
1
1608
1618
166
434
84
341
2405
3240
1812
975
240
1047
2127
550
2012
706
45
735
2084
146
1580
823
119
886
1295
28
738
1568
268
521
232
93
1422
1156
989
20
313
1415
1953
81
2794
2555
2362
91
318
932
436
227
948
932
472
886
643
635
442
1317
2571
62
985
675
537
233
1222
851
2228
1076
984
36
1400
425
658
6
297
2782
1579
514
1160
703
740
142
1162
2189
34
2809
357
21
2085
121
996
620
383
3515
354
5612
173
607
4242
97
682
5092
190
2643
445
379
508
650
1015
1145
235
3248
1945
602
147
134
103
286
298
941
2726
154
1898
744
1049
1037
430
1182
228
510
634
75
452
696
1824
516
417
2077
1960
1200
71
1587
2726
475
205
730
97
2515
60
1454
45
1484
2001
1250
831
343
1120
662
78
3575
754
1322
1101
2046
4928
119
199
81
1701
2125
1475
350
599
108
300
68
1749
2047
307
672
1860
4930
54
8
2544
150
299
435
1129
968
478
38
8
395
372
913
1063
0
4365
519
388
444
2224
340
1530
267
888
500
1007
192
785
2837
1654
18
1662
262
1968
760
557
138
1512
170
5402
449
1415
1898
904
176
1286
999
1267
240
212
828
1274
15
461
64
370
217
855
960
2277
298
819
361
240
875
65
500
1319
30
657
180
254
189
200
1067
2148
147
335
705
1973
190
495
2677
2414
433
161
442
1023
314
4350
681
818
738
757
701
1705
1580
2107
821
94
804
1936
1500
25
541
2635
2466
258
231
1031
1374
523
759
101
134
526
897
2265
29
155
18
1295
418
1194
45
391
537
2932
708
1674
184
3420
160
258
832
1004
1995
234
157
749
145
1159
1741
2078
471
1118
908
390
584
888
376
826
605
1237
750
1664
813
145
789
1097
14
255
4194
160
988
597
429
4160
57
730
329
181
198
473
1146
371
821
60
85
1136
406
80
1094
659
456
895
38
131
1157
2345
446
256
1051
1967
789
2150
1688
1103
2049
1569
846
2309
15
1414
180
137
1149
74
81
1323
3176
215
858
2564
587
1284
408
