25
18
12
5
230
16
21
18
200
79
66
67
13
232
1
10
9
172
23
83
27
6
77
297
1
75
55
178
1
145
141
2
28
28
183
34
94
98
41
16
189
4
91
162
58
67
265
272
3
3
3
229
12
59
63
48
6
1
298
7
138
17
103
95
6
5
8
260
1
159
291
18
156
46
261
34
12
114
33
2
167
88
92
129
91
33
22
29
242
1
92
147
47
1
6
7
96
132
212
23
161
99
145
4
57
147
47
50
48
11
2
40
51
10
9
102
77
11
2
27
6
96
2
35
75
15
3
1
3
15
2
86
145
230
12
21
148
259
158
7
225
5
162
4
26
233
251
147
4
80
59
131
2
4
4
83
270
1
58
105
238
8
73
27
126
29
72
24
129
16
23
47
55
1
1
5
6
1
88
59
4
40
2
186
23
17
87
10
4
4
6
1
265
96
132
7
12
21
4
50
115
1
2
4
129
6
12
6
56
12
17
85
134
42
27
240
240
150
15
8
48
135
11
127
33
5
16
13
76
281
20
211
1
1
78
50
3
9
206
117
1
5
3
283
2
18
4
66
21
8
80
12
1
33
80
14
3
289
3
2
32
10
271
130
64
87
1
100
2
32
11
65
212
3
254
25
30
2
1
55
158
19
4
48
15
191
8
8
14
1
289
14
33
9
23
20
2
6
1
3
19
42
5
82
82
2
14
1
188
7
112
7
4
2
66
56
8
11
9
24
272
33
67
255
14
10
62
18
1
56
63
2
2
59
3
6
26
138
296
3
3
143
209
1
1
9
243
137
1
2
87
2
8
6
266
18
229
6
101
28
201
21
33
6
100
295
27
152
24
1
80
239
21
27
7
33
5
14
298
1
114
2
11
5
280
8
209
32
65
85
14
175
262
11
45
300
1
87
1
85
16
23
161
2
2
277
9
16
62
206
3
1
2
1
1
179
35
2
81
104
6
286
2
20
98
220
55
24
98
10
45
25
63
115
34
142
185
24
144
147
239
1
187
201
21
216
8
91
8
31
61
19
47
15
48
32
141
41
223
61
2
128
55
17
37
13
133
142
13
275
116
81
23
213
9
2
1
182
58
104
3
4
140
188
131
258
8
1
8
45
220
202
76
238
2
180
5
293
123
33
280
21
184
70
25
36
3
2
71
5
1
139
44
115
52
165
155
137
5
12
270
3
166
275
24
189
88
1
54
3
75
1
181
72
124
9
4
111
257
1
74
27
148
3
7
2
55
4
70
4
238
147
2
119
272
298
71
44
153
10
14
9
272
68
11
35
61
9
23
268
180
4
18
175
6
14
203
67
9
4
45
93
251
50
270
26
280
175
2
36
121
22
162
3
29
10
2
187
25
32
1
43
41
70
1
132
83
117
19
204
35
41
9
2
50
155
92
1
153
223
53
157
5
2
7
11
221
4
1
43
143
13
249
46
5
160
83
62
104
135
124
11
299
78
4
15
13
27
116
2
3
142
14
2
162
68
242
170
27
13
15
70
64
1
4
8
1
2
2
9
268
2
60
6
103
153
5
94
67
36
14
115
55
1
4
4
8
94
11
169
49
17
1
4
85
15
277
257
285
40
103
23
103
6
20
110
43
237
160
58
282
3
1
39
134
5
164
275
3
22
2
2
14
111
13
207
189
199
286
40
15
2
11
180
22
25
2
1
23
14
148
149
85
199
74
46
24
142
40
7
20
13
25
1
3
19
147
25
22
91
51
2
137
16
177
153
18
214
2
142
86
94
169
1
9
2
15
2
7
276
5
1
1
40
207
3
27
58
1
101
10
50
16
97
5
10
31
20
6
11
121
199
2
1
18
10
1
23
44
6
106
91
1
39
286
202
210
37
52
4
146
1
63
164
1
2
214
258
2
293
2
85
128
146
67
157
48
109
6
2
39
162
94
204
32
84
2
1
3
116
4
35
1
59
1
220
117
71
44
1
8
7
8
10
1
8
92
1
6
17
290
1
167
219
9
63
29
2
217
8
278
7
2
25
53
94
49
5
121
10
5
226
1
112
29
17
10
61
157
213
44
40
166
37
130
151
239
3
18
224
207
1
29
17
16
5
158
26
5
118
4
211
148
193
127
146
98
1
171
79
26
97
4
44
100
69
99
1
4
46
49
6
1
53
103
1
7
116
1
167
1
117
101
1
109
87
39
90
18
1
12
2
39
58
148
43
198
246
103
1
2
28
265
16
3
1
31
17
81
259
10
1
266
5
1
91
4
18
269
249
29
63
2
50
15
24
15
2
39
118
18
132
88
20
26
1
2
160
11
16
36
1
61
193
47
5
226
11
21
12
14
59
52
5
150
116
36
7
56
11
17
224
1
96
3
119
75
43
37
13
6
9
2
26
47
49
1
10
94
168
209
13
43
14
3
167
34
59
219
1
169
187
32
154
16
116
3
36
41
32
220
3
6
5
153
