102
5
13
12
11
2
3
235
2
135
83
284
102
132
37
62
87
285
227
27
36
6
116
28
151
49
44
16
10
19
3
21
3
120
111
1
97
12
96
1
1
46
2
107
5
1
4
24
83
150
37
44
3
5
4
90
62
25
19
3
3
11
5
232
49
15
1
228
7
138
38
1
12
128
61
10
58
277
287
72
58
1
18
5
5
8
1
4
41
21
7
5
16
25
4
6
161
80
110
131
1
3
1
5
216
1
258
3
5
4
160
31
219
1
15
18
155
24
27
15
3
1
1
108
25
11
24
24
1
59
1
9
298
16
1
214
246
1
294
23
44
115
280
2
86
45
82
15
31
36
88
33
133
27
28
4
227
95
46
4
41
49
78
69
163
257
20
1
77
26
187
11
248
5
21
15
15
2
5
1
2
6
76
121
18
14
24
246
34
19
224
181
31
1
40
2
240
100
288
6
5
1
2
28
9
1
26
68
2
23
11
11
49
81
204
5
1
15
31
1
47
197
201
1
1
1
14
1
93
20
113
96
4
56
1
22
1
9
79
171
4
13
3
8
13
234
1
4
137
20
41
42
7
22
283
1
9
3
114
28
118
40
8
43
21
1
118
25
116
92
16
2
149
15
57
103
27
162
36
201
12
90
99
32
5
44
85
93
3
1
1
182
132
15
3
27
127
255
7
45
130
146
161
17
14
108
11
217
128
221
7
2
1
220
40
6
114
175
9
148
4
177
3
45
21
183
5
39
5
1
16
16
144
242
9
47
163
1
56
54
128
1
2
38
6
260
137
4
135
83
107
62
4
256
5
13
43
5
1
15
11
1
8
202
1
78
89
141
65
158
176
105
14
179
2
244
58
132
13
2
85
170
274
56
144
13
12
181
131
7
12
48
152
76
19
294
40
1
132
1
1
193
146
95
1
251
259
30
43
22
87
25
2
175
22
13
83
7
5
40
1
196
68
271
34
2
29
2
32
13
29
37
2
131
142
129
14
3
221
25
1
39
3
227
299
40
1
1
6
1
244
128
214
178
4
17
2
23
206
1
57
187
211
3
193
170
1
19
278
247
50
26
3
20
119
2
3
5
47
75
5
6
95
4
12
25
1
95
1
15
116
230
3
1
7
33
1
7
68
166
1
8
3
3
11
231
14
12
177
4
170
2
16
10
1
3
6
299
6
65
69
245
2
19
178
271
1
8
21
83
1
191
205
200
101
15
14
4
166
11
216
6
11
25
7
18
274
62
10
3
140
37
24
2
2
208
291
263
67
1
135
193
73
84
58
20
112
36
18
180
4
2
214
17
72
7
157
158
251
214
16
10
6
235
242
20
3
98
61
64
6
118
23
22
78
221
281
2
4
1
7
273
104
139
1
165
27
12
127
230
100
111
5
175
187
45
20
9
1
70
129
1
11
193
3
5
78
99
31
7
107
153
1
76
2
2
16
45
3
6
1
1
3
48
2
111
12
43
173
5
95
15
8
41
184
41
42
92
40
68
16
67
3
15
15
30
75
37
44
17
14
4
142
136
1
197
1
95
2
15
50
24
2
4
7
40
1
20
25
1
169
28
58
81
1
1
189
11
3
6
16
77
42
2
5
285
13
10
101
90
22
17
123
63
34
13
5
20
12
58
13
66
28
13
6
87
109
1
2
213
15
15
3
2
5
29
16
34
3
10
2
58
183
4
2
2
234
5
57
3
149
6
39
86
255
177
46
245
57
202
230
101
9
9
14
143
66
9
1
89
71
77
126
163
8
14
1
69
79
9
98
105
4
30
2
3
1
8
8
8
3
6
107
24
272
54
26
3
28
1
163
10
17
2
52
2
178
82
16
15
4
33
41
81
74
20
160
88
2
1
3
253
91
6
7
2
167
58
1
106
65
7
8
268
11
12
184
2
27
2
15
5
1
159
22
11
2
79
80
13
11
75
94
2
72
49
16
9
34
154
7
3
17
22
274
275
12
9
43
52
162
45
154
153
3
2
222
7
38
167
1
4
49
58
1
137
1
43
3
49
1
13
192
220
227
1
27
19
234
35
6
3
15
1
238
8
25
5
1
62
72
78
27
1
1
24
4
6
5
169
212
28
22
66
1
23
3
6
1
10
13
137
7
12
2
14
43
1
30
54
33
98
13
52
6
17
4
56
5
122
60
3
215
129
134
115
3
23
96
16
39
61
161
12
20
140
66
12
5
85
85
8
250
96
3
44
30
129
16
3
1
25
169
29
1
134
6
1
121
142
83
1
6
9
5
133
28
2
12
98
214
2
242
233
9
1
10
8
11
39
43
13
113
183
15
108
70
34
61
197
116
8
16
286
24
13
4
51
175
263
8
20
2
8
121
147
27
104
15
223
109
65
64
12
91
1
17
48
73
21
1
62
3
21
136
18
35
12
1
1
15
73
106
3
1
127
10
66
12
204
2
1
267
36
8
