2
192
132
46
111
124
56
15
1
54
116
1
15
104
297
69
178
8
3
115
5
173
13
50
1
70
54
1
18
1
86
37
2
253
62
13
2
14
1
10
22
66
2
61
107
2
81
7
101
42
1
23
212
9
1
30
110
36
77
61
3
46
51
1
64
1
96
294
288
4
171
25
10
17
3
3
258
6
5
2
2
59
3
1
9
53
10
6
113
95
137
1
12
81
10
3
250
187
1
31
7
1
66
4
1
4
150
158
1
8
24
239
2
14
187
79
25
158
160
261
206
1
1
56
2
262
297
11
200
1
9
44
9
7
228
9
58
18
5
16
5
79
157
176
4
90
106
66
131
1
42
178
67
3
29
6
262
100
5
9
149
216
1
11
40
1
71
190
131
1
16
8
116
76
211
1
14
239
60
3
70
1
180
43
278
40
13
153
5
25
1
138
3
3
1
287
124
5
72
2
1
3
254
55
106
46
1
4
276
17
15
1
33
265
218
162
1
20
34
42
73
1
71
54
5
190
21
273
9
21
37
1
1
250
139
68
1
28
115
2
22
58
1
2
1
23
33
82
40
6
63
3
5
1
177
12
143
1
221
13
12
27
1
10
9
6
196
29
12
84
122
35
9
158
2
159
64
81
167
54
43
12
1
8
2
70
158
1
1
108
5
91
6
239
1
131
178
6
32
100
17
110
245
18
30
27
23
105
5
77
57
10
6
7
111
9
177
1
74
46
1
110
79
8
1
5
68
1
84
69
3
36
15
196
160
94
1
1
1
52
1
63
5
7
11
160
15
125
90
298
223
277
7
142
200
17
15
4
33
38
82
65
30
1
3
8
4
1
68
157
226
58
237
4
22
1
38
21
2
74
44
2
2
3
5
6
42
96
1
30
79
7
211
109
36
200
4
5
287
116
47
101
2
19
158
106
236
281
2
124
48
1
75
21
43
28
20
18
7
167
110
50
26
87
1
14
10
8
2
224
41
201
73
32
7
11
1
27
197
11
3
9
39
162
229
158
1
2
222
33
6
6
7
144
94
255
2
129
23
17
9
6
2
47
145
2
148
108
6
48
13
74
5
183
256
23
189
22
1
240
221
139
91
140
77
1
295
2
76
2
51
60
74
36
2
4
1
71
298
12
4
6
125
1
1
131
242
44
181
225
17
85
85
27
101
4
126
17
212
98
21
35
2
1
2
2
1
84
114
1
234
6
32
1
196
112
1
1
30
166
199
16
10
4
275
2
8
117
25
1
292
87
141
31
218
10
13
96
2
14
14
5
24
9
126
19
30
18
1
1
14
279
85
30
52
53
48
23
5
70
43
4
2
12
44
217
169
14
39
7
53
47
194
85
10
2
51
211
143
81
30
158
117
2
208
73
2
7
5
45
2
201
12
216
84
32
67
1
166
40
101
194
2
5
1
154
54
243
118
60
7
2
33
6
17
17
107
8
201
80
9
15
255
2
39
259
1
27
1
262
31
1
1
4
3
2
1
62
1
297
7
1
25
1
78
60
2
123
17
148
20
1
38
90
71
8
153
100
209
23
120
2
1
90
14
18
90
16
13
203
2
20
166
13
22
2
73
134
62
20
21
2
71
23
259
17
15
87
3
1
8
193
3
1
73
19
39
12
253
17
1
215
14
1
228
7
166
2
26
36
70
237
67
127
1
58
1
173
47
12
12
8
5
125
2
26
6
213
3
7
1
23
13
60
60
3
2
1
11
4
19
51
141
6
14
42
181
24
3
1
126
3
1
133
99
57
34
78
125
75
7
41
12
180
142
18
7
20
77
13
4
133
7
41
84
41
16
114
11
62
111
152
20
240
219
95
1
92
3
57
48
244
49
20
14
13
125
1
32
8
108
18
1
2
33
76
183
25
115
155
248
1
38
216
136
198
184
195
228
2
147
2
109
2
51
3
2
12
158
24
2
118
36
5
16
3
108
58
45
39
36
4
97
271
131
298
22
1
150
89
248
15
299
63
16
180
87
9
6
2
4
11
153
109
90
280
42
6
15
14
26
173
4
197
37
166
4
8
136
271
43
40
7
45
96
172
18
25
1
136
183
44
4
143
42
1
4
26
34
118
236
174
56
9
110
9
1
1
45
2
8
2
1
86
2
19
135
1
8
54
1
296
136
5
49
173
130
1
1
1
2
7
244
120
9
17
2
44
1
241
4
41
94
2
4
76
147
5
163
15
9
11
88
2
1
133
1
2
60
115
251
271
24
2
78
143
263
1
7
22
8
47
19
190
24
11
1
19
1
147
187
1
48
65
1
130
41
4
53
13
4
39
47
237
32
5
131
257
154
1
4
37
17
1
8
288
58
2
136
121
11
45
5
231
1
197
1
1
21
254
14
21
1
17
51
6
36
68
31
30
93
27
233
3
58
69
190
174
61
223
2
173
240
2
5
34
1
23
6
31
95
116
1
1
106
