106
13
2297
3983
127
315
1834
251
2743
301
2332
2183
1014
585
1467
1548
1075
1315
1745
543
1348
556
90
506
2814
113
4309
33
1487
3278
276
920
2095
2
897
1363
1030
136
2863
1128
528
1065
2847
2782
392
8
729
667
3760
1347
53
686
164
478
1862
287
824
3791
1717
4277
95
3355
800
132
374
1164
86
756
3736
1744
1238
325
443
585
257
1375
3398
252
3285
5745
837
408
1259
644
1088
484
224
1196
415
248
48
1102
1564
1933
2146
4259
584
1043
510
410
1080
778
425
2932
3384
340
2229
636
556
307
679
1245
1972
380
945
105
468
1002
62
328
898
592
1310
789
122
369
1259
776
2193
353
98
550
268
884
67
710
2450
2067
2067
2060
3570
1200
439
1904
871
1357
696
996
1021
1367
5299
354
705
416
207
523
553
1537
317
2433
371
388
339
966
0
260
620
60
820
29
1147
1746
477
1047
2885
1111
1463
153
2843
313
223
69
21
517
1856
307
1125
307
531
1393
272
221
40
2998
1014
703
2428
72
4197
3084
3213
3485
794
263
1039
426
482
2118
332
95
469
87
51
2421
1932
864
184
2153
1457
143
114
1405
3571
525
215
2100
7432
529
608
256
26
1762
1041
692
607
639
351
5961
549
4586
151
585
295
643
1069
1000
82
478
443
408
417
524
1386
367
345
1544
1748
1897
239
1198
2843
57
374
3056
266
13
96
763
758
384
1075
222
1094
4
843
17
2203
179
323
961
5135
1373
439
1526
323
412
432
4701
1095
410
803
50
802
23
138
3071
465
376
1249
336
559
722
532
821
761
1687
722
1578
1723
456
409
1140
556
1621
616
140
231
72
1257
288
1130
1036
233
1029
400
33
295
837
571
1790
317
59
172
2021
82
1380
30
909
488
857
856
744
1021
984
1079
2363
1194
60
1396
68
1504
604
759
2070
352
449
864
339
84
691
903
31
1261
490
2010
1813
65
420
303
26
747
36
160
188
932
131
2453
26
136
4203
2692
721
519
187
1025
716
800
794
747
2100
13
486
76
423
1463
1778
516
305
877
793
2503
734
341
1096
1254
815
1351
1017
651
2604
1107
817
1449
650
1599
426
263
1026
1846
79
1233
132
101
111
283
961
1960
1414
793
26
1983
1057
1688
1014
1634
518
4297
181
131
840
2338
255
8
420
261
382
2175
1969
944
789
279
189
1873
464
297
791
109
542
533
562
100
1779
1389
536
664
640
404
372
460
360
11
15
568
2230
38
711
2678
707
1414
169
2075
50
962
12
205
819
1403
56
413
193
52
30
1209
112
73
2466
2683
540
674
549
2478
1247
1278
70
1684
666
2328
616
2484
3772
1739
2160
4
776
1384
4
266
421
428
944
1022
938
108
925
160
511
1942
676
737
879
678
820
1977
630
147
2783
3633
3522
310
127
2349
3628
341
521
2248
729
146
433
29
56
3417
927
327
279
2381
192
462
2200
1431
960
2332
1435
891
596
1352
2411
1732
820
1530
1793
2440
449
591
985
2741
1321
297
2511
68
747
714
264
1244
4671
721
334
2136
436
783
422
288
922
260
508
950
231
1797
1216
368
1878
641
1843
274
1274
171
1829
2103
242
584
110
103
134
2360
263
179
2489
1083
558
1080
3451
2043
155
472
225
2194
2316
128
2363
22
523
845
1939
1000
890
121
909
2869
805
360
193
68
1107
658
628
1008
203
204
145
865
1745
3671
805
747
1862
160
1573
1211
503
298
4713
939
760
190
395
1397
283
248
530
904
919
2681
696
599
2852
306
486
1173
58
533
139
308
2614
681
1
552
1998
731
239
2753
1849
32
3215
16
34
3479
723
629
579
1366
558
830
838
2537
6199
2839
1365
178
806
1479
1697
2375
409
914
265
501
2737
738
64
1036
892
25
567
1080
660
651
145
682
2713
1482
872
1180
581
885
1315
239
238
3372
988
238
2542
1097
377
320
1430
34
1541
383
1323
1595
216
4564
1905
696
2349
15
984
1120
1217
2233
427
437
783
1476
1003
2593
696
1864
438
780
2866
177
695
1608
201
1427
978
665
238
4222
39
1161
166
242
921
275
3201
3143
203
3730
336
1837
1052
160
1330
1290
3208
177
7581
1870
995
261
1197
923
52
68
192
686
213
1146
1140
28
1215
4444
79
352
1353
1591
2870
558
314
48
1013
10
92
618
307
178
144
188
18
1514
508
1400
570
101
128
469
85
253
52
26
189
607
1143
486
896
641
534
523
969
391
4
1074
981
493
5791
311
1876
1217
2508
1164
879
966
409
3342
59
1602
170
173
1011
973
684
379
2296
239
2157
943
1512
430
107
763
176
2311
545
217
303
291
195
606
18
1286
1227
60
940
186
144
1509
3404
1163
2324
203
83
52
1675
808
965
326
1107
597
754
17
1251
3362
528
57
382
327
1787
807
2083
78
232
1576
266
1072
660
274
876
2024
362
273
778
321
3618
734
344
819
47
1100
2236
3731
64
453
44
4295
390
345
1161
2225
1162
3974
134
1341
1255
578
439
200
47
851
1012
1062
271
970
501
1200
141
397
143
1391
841
876
2830
919
1953
1484
1685
34
54
457
1308
683
764
2673
916
1135
210
1167
167
57
19
2440
1330
576
640
0
92
3457
1052
2348
1666
1781
1296
1141
539
2611
366
2440
1972
723
1222
102
409
45
1322
1159
441
1255
333
426
88
2934
450
354
35
1806
114
3540
1597
172
2331
186
170
49
275
464
266
234
277
3696
619
99
1826
758
406
1009
68
65
1059
216
5403
228
739
846
27
2423
1651
894
1109
224
523
389
817
1100
3169
1160
2222
1054
989
713
3219
419
2344
439
2646
337
