665
578
187
340
680
1628
2851
2067
497
13
1553
1679
20
1891
159
564
641
262
436
371
306
1737
4037
93
1624
897
59
3591
638
195
86
2389
17
603
372
1720
94
774
1214
286
148
1262
813
426
57
544
114
267
384
2356
461
222
317
710
69
417
3099
1114
277
1221
415
19
2116
317
176
791
432
842
1610
229
154
240
625
4655
1071
236
747
1063
226
3144
377
834
1015
343
1266
313
3067
500
1742
813
361
2227
600
1753
850
1730
2674
16
98
672
49
1678
688
237
323
1143
140
47
294
56
201
87
22
573
112
445
2169
1597
921
791
2552
1346
3520
1020
1930
2045
172
94
1813
131
850
1035
1086
188
167
199
779
1393
35
1114
315
1046
796
3445
1805
1496
326
879
1378
262
150
802
79
746
486
651
1076
2584
248
1802
140
1911
2073
707
1872
645
295
115
32
435
302
4120
747
4488
4577
72
375
116
1302
776
2305
53
3313
1121
651
1139
843
94
913
867
46
402
72
217
4935
1764
586
709
197
2600
98
2670
964
217
2247
427
2448
233
1438
288
1978
525
73
561
67
169
671
813
47
359
1381
1061
629
363
906
7017
1099
855
1158
3274
320
465
549
2709
901
609
1276
742
227
187
132
2311
2071
1952
578
343
794
307
1390
866
700
87
925
256
1323
4701
213
1234
12
495
242
3174
981
317
2681
1228
1222
119
86
977
1710
295
366
943
1465
1475
70
1112
840
557
1478
123
608
1675
57
105
1713
858
155
73
3077
378
914
868
270
2188
1126
1742
2494
510
938
2494
1384
168
488
134
576
600
2258
2017
1302
61
1041
244
6902
321
467
298
921
484
287
660
285
844
1072
91
528
110
920
287
309
361
1331
2340
1002
374
498
964
596
31
1831
1854
5253
817
154
437
872
186
210
3403
276
853
1017
1451
1432
1169
270
501
577
748
1092
1162
887
239
568
705
1280
1313
27
1940
1262
794
1200
837
1026
9
64
226
332
169
1099
684
6482
1171
32
1662
1329
647
1864
2450
14
531
33
683
1093
414
430
1149
2047
2552
3270
2056
174
1635
1480
2460
282
716
1842
192
53
352
1558
3151
1771
104
140
1241
40
194
3997
133
1349
51
248
691
449
651
338
566
1368
208
2200
1060
88
515
781
739
897
354
492
1704
999
147
146
8615
1798
791
3862
629
2781
1235
78
1007
866
114
1000
2295
4975
1897
17
163
4
463
394
2502
1244
1225
530
724
1034
983
33
330
668
1258
2292
547
1317
587
3250
39
317
463
1104
1712
1920
5
104
283
243
55
1331
442
918
1597
994
180
857
37
283
1621
1384
993
1548
422
1365
1416
1060
975
123
337
137
291
2684
1499
1500
351
558
218
2869
2344
174
59
992
1763
647
312
969
2441
883
95
1068
2212
2104
192
930
1418
4585
1049
1884
835
184
1770
10
157
288
223
94
178
1499
1334
1495
434
350
1069
952
156
1360
354
1884
1078
1829
234
690
290
906
745
600
1368
341
269
75
15
921
544
817
157
2584
125
420
2235
403
228
2264
1321
279
941
133
31
1336
383
935
2842
1620
641
3976
413
425
116
301
1754
2618
1370
108
98
763
1454
1561
23
734
128
689
1563
68
1061
94
174
202
1032
227
89
1893
39
1542
395
356
482
4748
315
1448
176
1374
565
2849
736
1168
45
205
2627
2283
810
144
273
224
863
1602
166
3033
421
218
156
2109
103
3659
1512
650
153
263
49
64
597
1491
185
715
1627
1063
848
3075
1033
195
1181
95
557
72
2123
191
908
1619
1962
1083
726
340
2462
351
1422
2960
416
1160
1185
1569
1003
673
840
571
290
2201
184
411
722
2066
1435
262
202
3058
508
845
1559
381
751
1944
494
855
183
1115
581
13
222
450
1501
932
80
1636
161
24
2299
1072
28
588
1725
1754
808
290
2491
2044
2950
1848
362
775
514
505
2952
94
208
670
167
386
367
164
175
61
437
29
1386
43
124
57
74
753
56
1022
310
695
1796
1300
2748
50
1048
69
832
1109
284
2568
840
603
1316
54
50
1959
103
41
496
919
1294
604
1810
912
1873
533
1329
1514
2757
172
395
252
701
587
2274
1784
1537
268
715
1571
48
2314
133
277
1308
855
439
1101
1119
1090
209
337
398
51
349
560
70
1235
21
2728
684
1871
477
468
785
488
209
582
140
945
324
543
183
1597
739
1011
1771
666
740
751
265
985
2392
1361
3860
1694
458
1388
391
341
2462
1548
634
2942
44
549
189
1263
138
167
664
724
1926
266
449
25
3685
1011
357
951
2805
1180
180
992
181
1943
195
759
1236
1007
11
63
2662
354
132
3034
406
649
539
148
849
252
59
271
1932
215
126
515
670
1136
1458
969
172
245
1542
20
651
74
721
656
149
1467
189
513
88
4019
154
724
1147
859
840
2132
134
248
304
1140
490
2106
188
325
208
3903
794
121
82
364
900
1418
248
2397
148
901
1492
2634
1208
963
166
497
609
514
675
147
1684
528
33
128
2616
1395
774
96
1582
1988
149
1150
11
1713
216
622
289
1399
631
365
650
446
1080
3034
790
1640
2226
1692
1173
262
31
348
1618
2304
5547
80
331
1102
1396
860
11
970
505
1857
221
3637
686
696
1766
681
293
50
522
1294
1453
359
306
1336
118
4539
2616
2887
56
1578
420
41
4
352
3335
436
851
207
89
323
385
194
1379
183
596
1066
671
644
269
855
590
259
654
1302
1549
1279
57
2091
582
440
556
249
506
476
1413
579
1037
286
38
332
1202
2526
195
237
171
1994
1322
322
3213
1695
229
628
866
191
1084
26
