1037
1169
2439
341
1080
1462
2650
287
859
3564
825
600
195
625
817
1337
545
113
366
2078
2332
2355
299
2388
1415
744
2344
292
690
315
4323
4569
27
973
307
2152
201
1239
802
648
2302
131
1037
466
660
756
187
472
685
646
249
1263
28
2421
223
3085
576
684
225
672
277
132
2116
2943
793
789
411
2807
931
374
497
519
223
102
1912
134
5152
278
406
47
152
419
3474
974
450
85
955
316
1406
693
2952
5191
1486
1544
2032
822
2806
10
449
1433
229
1970
1377
135
2911
370
25
2561
1321
883
1175
385
998
909
158
758
73
577
319
2749
2247
451
3002
536
2698
1301
593
1607
517
456
3510
587
394
746
1794
1269
3739
2505
3390
39
377
589
638
221
896
161
794
104
390
1426
1022
3153
321
119
391
1540
2699
1722
894
844
904
1221
221
585
1278
941
196
1475
1088
555
294
2227
686
413
318
1751
1335
109
167
405
1249
71
549
455
3964
313
561
337
267
657
40
3012
1346
1373
1921
356
2391
833
2113
860
1466
389
3466
1314
1810
598
157
167
1065
895
353
1248
1198
460
836
50
2300
1126
988
1132
465
903
1640
194
1073
421
248
238
598
63
1323
419
54
73
522
1701
2790
581
852
279
122
2216
367
4312
670
1429
1000
21
637
2291
1245
1161
583
1210
131
1505
1199
948
179
634
147
656
1274
2721
921
871
2427
118
973
296
747
2222
360
1129
786
156
3842
54
877
206
1784
1360
1659
604
952
189
119
86
12
440
787
1870
2922
1887
524
764
1057
1945
989
1513
1238
30
140
97
1465
183
436
389
145
352
1486
688
654
1
1360
1348
614
1164
61
530
1115
815
817
3137
490
1174
1010
550
742
264
529
393
344
1285
790
4662
34
34
725
1470
2038
328
1539
704
186
3069
1299
1007
124
1231
757
165
1718
965
531
983
583
58
120
154
16
219
154
28
103
3049
231
755
1422
835
802
342
1916
1215
8
619
187
1060
482
1144
1073
509
130
826
3387
4167
145
241
122
3197
960
483
2349
154
268
1107
431
117
376
1719
1437
1190
137
2293
88
2239
306
608
317
169
1121
270
401
2950
649
1280
482
153
1792
109
1104
278
2787
1662
121
724
1188
134
2520
2850
757
54
4
42
124
3589
419
1211
72
1538
298
6898
383
1146
583
2032
475
1234
352
185
598
642
2683
2030
3711
3913
3298
253
203
560
351
176
2277
32
613
1669
1833
751
614
813
108
776
137
1479
345
459
102
1293
667
1612
1347
138
1115
860
264
377
377
346
938
1355
1109
140
630
651
555
1078
276
4397
1975
710
64
117
2
235
1411
668
524
864
854
641
670
2646
550
257
478
765
101
2813
4091
2996
578
128
1706
1042
1710
1402
1234
90
298
418
5411
445
1155
155
1335
67
890
77
310
38
260
1231
364
205
410
464
2312
567
1043
1786
2185
415
463
2440
3273
1454
1111
549
2130
4126
627
226
1216
1067
2286
1618
57
336
2786
1679
1480
2378
1247
629
1143
497
923
30
2475
228
217
160
902
2827
60
573
1194
1859
671
374
64
328
463
177
1925
293
2312
895
708
750
760
4059
2291
586
6
297
1602
383
3590
71
35
3185
2086
1698
1160
1275
550
528
131
1055
1926
3359
552
2450
1649
1233
1511
608
1449
864
1494
260
967
902
480
135
784
454
700
463
87
604
1510
5677
237
442
1427
133
4529
721
2641
81
242
456
2997
272
276
727
198
944
1976
1017
82
1703
3206
2061
4723
2924
218
216
2484
1270
1022
1325
2285
141
1147
160
385
10
1290
2210
712
336
170
115
643
686
930
867
3345
987
853
21
788
969
2813
459
2242
0
1868
807
2081
674
2365
445
1098
2146
952
413
1
2084
602
1319
658
674
444
103
1187
1442
20
2610
608
5
55
814
2
91
443
791
916
1137
381
865
518
1186
153
310
2217
85
764
283
965
1981
1777
292
2596
139
1237
44
47
1137
307
1270
305
530
906
2396
1082
654
2345
612
270
976
797
863
635
1093
1027
2587
124
2034
282
1391
1929
1706
1072
2855
83
199
499
201
1949
57
982
370
408
444
64
525
897
1169
1202
547
291
2912
1585
393
1513
52
138
1324
5077
1213
557
36
1185
70
233
979
134
395
1210
943
113
6
2013
699
2041
1717
574
1819
501
822
413
362
1518
133
709
146
1295
4558
590
2364
1117
634
1722
601
66
151
412
223
587
174
2049
293
715
460
1245
775
944
3
592
2264
343
178
310
28
94
1384
277
720
454
1108
3480
572
11
3055
785
570
1402
641
154
1012
46
1739
2
209
146
23
548
212
1028
473
1829
4197
1231
791
4635
1515
29
1426
358
257
1365
757
585
426
1213
1359
112
586
3725
272
1882
1438
460
552
596
216
609
1402
588
450
837
3201
2253
2995
3722
214
921
602
2345
466
60
73
1724
919
2503
1447
43
1755
1055
143
1519
807
270
773
131
1551
580
2976
220
564
455
992
93
1241
662
537
510
310
1312
794
333
824
1287
2220
2076
2179
291
347
1936
851
1499
764
292
1736
131
986
2426
81
860
195
420
668
939
1568
1819
2755
165
162
761
1052
1453
42
12
139
962
1252
2219
734
594
112
672
610
287
857
17
457
4098
781
2455
127
1161
531
2135
2013
1106
1383
279
14
213
919
710
733
1320
3621
506
218
1687
795
543
509
110
30
1490
4228
141
598
933
945
589
186
2103
2563
72
320
281
186
888
2034
1284
862
364
43
6550
697
1176
1723
34
38
1313
370
585
1552
809
194
576
746
328
616
1130
4741
442
2890
924
143
1114
993
402
487
64
1710
504
