30
1
35
47
190
107
25
24
29
163
24
250
172
125
255
75
124
116
1
100
80
40
6
54
107
30
85
48
3
4
2
3
4
4
8
282
184
72
250
139
181
52
42
93
15
184
133
3
11
47
63
93
48
19
41
11
126
52
13
255
20
129
145
3
51
151
3
105
2
33
23
2
67
75
207
38
292
16
20
264
3
38
281
1
9
188
170
102
1
5
1
1
140
48
1
31
3
5
13
75
6
58
3
128
10
2
18
230
50
131
9
272
2
121
80
15
292
2
3
61
59
1
41
10
57
204
224
12
2
73
42
11
113
8
185
71
122
137
2
2
21
4
188
12
147
4
20
4
47
90
15
16
44
1
46
8
256
37
212
37
259
2
137
81
11
6
6
3
68
82
55
24
109
44
9
219
157
10
7
127
115
3
122
1
21
38
4
113
2
211
7
31
54
16
3
2
146
21
3
3
11
114
23
9
4
91
1
150
72
1
172
37
226
56
129
86
26
1
75
7
1
30
88
5
31
192
2
5
280
14
33
265
109
25
31
200
33
115
255
34
2
160
107
2
8
2
1
37
2
165
81
86
120
58
6
7
17
92
3
8
2
1
98
2
49
17
2
12
8
4
8
1
42
80
250
274
6
1
115
34
266
31
23
165
13
32
92
269
199
43
1
26
91
253
14
3
13
25
11
245
132
268
86
282
99
13
43
158
83
265
4
100
15
21
12
164
59
164
222
22
199
224
9
28
3
125
200
6
41
153
7
3
8
164
15
15
155
1
238
213
1
4
3
60
76
7
9
2
6
149
8
25
158
13
32
21
4
7
5
115
232
39
127
16
1
68
248
14
81
37
59
143
22
68
147
2
12
50
6
194
160
19
52
71
297
98
221
19
134
150
10
5
1
11
3
41
277
4
139
1
115
59
72
92
2
155
99
125
74
13
81
1
120
1
16
268
127
86
16
14
4
258
1
44
180
261
5
261
78
200
54
2
95
92
1
78
148
294
142
1
88
109
108
2
25
89
23
33
1
2
20
22
1
10
1
17
44
285
202
293
10
180
9
224
146
39
3
267
259
161
27
1
26
105
2
22
28
5
5
64
1
2
4
69
29
298
21
20
1
60
3
64
53
7
202
5
50
26
293
24
107
268
48
185
221
21
2
106
31
5
107
247
63
168
45
249
36
4
56
9
44
226
10
20
158
39
34
223
150
19
21
3
1
169
158
64
265
15
2
198
189
249
4
12
198
5
6
7
8
48
60
135
7
86
1
239
2
35
117
24
9
270
46
7
62
148
22
4
84
1
11
62
13
111
3
6
4
12
4
85
128
21
41
253
31
1
7
47
49
147
10
220
114
56
231
2
88
136
1
101
31
286
79
4
7
1
7
2
35
50
223
74
223
189
2
5
203
248
4
294
79
33
2
223
9
1
2
24
27
46
24
116
178
149
23
87
2
7
3
210
70
101
2
236
2
132
30
27
186
16
233
201
254
1
2
140
10
54
3
2
166
197
72
288
4
45
43
4
100
140
1
138
215
16
78
2
39
55
241
71
205
22
78
19
124
43
153
173
103
162
15
11
203
193
71
66
115
76
11
10
21
23
31
228
67
7
13
271
112
154
94
156
45
31
50
96
64
49
58
33
1
1
18
18
24
55
194
166
124
2
103
13
50
3
11
67
107
15
81
25
102
3
17
1
103
2
1
35
1
9
2
7
10
36
1
82
194
97
6
189
83
1
74
17
248
47
1
104
1
136
299
129
164
1
7
12
12
120
1
249
215
13
104
3
1
233
7
10
5
45
220
197
79
10
26
1
31
89
82
145
60
147
10
17
40
1
99
13
17
230
1
5
9
128
4
94
5
47
82
27
180
142
9
53
10
211
1
110
186
184
3
20
1
19
30
3
224
60
13
2
45
1
1
1
77
69
31
16
36
114
10
23
242
219
110
35
59
232
32
40
6
222
241
2
1
1
235
249
36
5
49
1
1
55
56
22
3
71
8
89
4
15
110
202
27
14
3
203
251
8
30
105
112
40
99
1
32
171
38
198
249
8
192
14
4
4
1
7
64
32
6
39
19
101
1
44
3
18
199
65
124
276
24
135
15
44
1
34
77
141
24
6
65
174
26
8
267
132
118
2
7
1
92
108
171
13
9
1
1
31
18
84
267
88
24
123
93
104
18
2
14
281
79
66
9
80
43
190
6
16
1
12
2
1
200
26
239
1
1
19
286
18
38
2
141
2
2
34
6
41
2
18
93
98
125
37
2
50
78
4
263
5
23
38
176
14
15
11
2
1
99
2
1
176
139
1
175
143
109
1
80
225
43
45
2
182
2
1
47
1
3
5
274
169
3
5
1
85
7
21
1
71
2
15
51
88
9
8
9
86
96
3
7
12
2
71
37
4
1
76
110
20
4
88
15
14
12
2
78
1
196
2
25
2
2
