2
196
1
12
70
6
55
58
291
1
11
75
76
76
1
2
6
1
27
10
1
76
30
1
180
15
21
5
105
85
50
139
10
135
131
156
232
1
2
1
12
191
61
97
3
47
103
162
132
6
42
141
89
281
51
20
2
252
168
30
7
45
175
1
125
8
62
35
19
124
1
18
106
1
16
287
9
7
36
170
4
74
15
2
184
25
2
4
1
84
33
176
72
168
232
58
9
63
55
210
2
226
152
27
41
296
75
204
30
113
64
180
180
181
112
14
55
85
4
1
209
1
175
227
106
15
5
53
52
132
10
1
32
23
291
6
270
36
1
72
2
62
72
12
205
190
1
257
258
2
3
104
3
3
60
54
134
5
297
2
51
90
1
16
29
6
4
1
188
239
95
28
5
2
59
56
85
3
62
12
61
61
171
128
244
21
1
4
3
30
6
1
21
155
17
75
36
24
1
1
19
3
3
12
46
84
3
7
191
15
185
105
1
2
3
1
224
8
179
43
20
5
16
215
63
5
11
40
2
177
4
63
14
32
13
84
60
58
12
63
102
46
25
6
25
231
7
227
27
98
193
249
1
167
20
8
202
12
14
21
42
1
54
50
48
30
35
5
121
112
2
142
31
1
29
191
165
50
60
131
249
2
37
1
13
273
1
1
38
17
42
3
2
13
21
21
110
66
26
1
271
15
38
13
8
25
87
113
1
52
73
202
120
92
179
37
6
23
1
35
35
109
2
36
7
2
3
12
1
3
285
22
210
11
40
4
94
2
146
151
56
6
179
53
1
68
125
137
168
7
254
12
99
43
79
11
239
1
290
2
1
62
232
174
52
11
8
56
1
25
60
14
8
6
7
94
63
96
56
3
2
55
1
1
13
192
1
13
62
5
140
252
95
1
14
1
4
65
99
17
32
60
5
2
5
13
4
135
12
14
299
23
14
16
64
216
3
29
49
68
5
258
26
19
53
27
156
97
4
1
4
9
3
74
140
71
22
81
4
2
80
6
37
164
38
226
44
1
11
153
205
29
46
82
10
36
24
68
21
87
1
4
161
34
2
20
142
10
96
29
95
102
2
290
2
133
18
7
136
47
1
116
1
16
24
19
214
163
42
14
142
74
266
7
19
32
37
1
1
1
125
165
15
14
158
1
195
13
1
84
2
65
137
4
46
66
3
45
63
44
63
28
26
3
194
163
27
4
280
57
49
22
189
6
36
1
6
97
134
153
1
5
10
172
1
130
8
1
3
57
177
165
163
47
63
4
29
37
42
96
81
30
4
141
30
64
3
14
209
33
3
25
80
38
88
6
79
6
126
11
45
69
110
23
31
17
170
89
210
4
247
221
42
154
6
8
2
1
198
3
12
212
57
55
149
1
4
126
24
11
32
65
123
39
135
35
29
2
37
79
28
1
45
4
9
14
4
7
19
221
116
54
26
118
109
221
178
8
174
236
1
33
7
15
220
3
108
22
36
3
203
153
264
1
44
18
4
3
189
99
6
5
10
2
70
36
1
2
35
123
37
44
6
9
2
92
2
7
17
1
57
225
132
9
193
45
100
161
2
2
29
18
188
2
164
3
99
178
16
13
1
1
1
212
7
109
49
47
117
296
107
25
48
84
109
21
2
38
6
167
7
8
210
6
3
181
163
183
228
3
72
128
240
37
12
260
188
24
131
263
291
1
1
247
4
115
35
6
8
69
87
120
12
114
261
25
19
9
37
258
3
114
9
16
6
30
3
30
158
14
9
24
1
16
45
62
5
113
15
209
6
243
96
134
30
186
1
25
20
3
12
67
31
35
11
137
10
267
58
22
3
140
146
193
165
83
162
172
16
128
4
6
69
7
254
4
183
22
1
34
43
2
7
54
1
2
6
2
107
1
22
88
9
69
4
2
104
2
20
55
80
24
69
185
72
61
24
96
10
6
3
38
81
103
271
175
93
3
5
299
3
5
1
14
26
139
4
33
26
68
4
21
14
2
15
113
13
94
2
125
100
27
143
237
11
88
26
2
24
134
257
5
300
22
117
1
10
252
35
3
271
218
64
79
6
26
127
1
186
8
12
11
5
83
111
9
7
26
90
16
7
103
232
1
150
15
1
2
175
12
39
1
12
9
1
239
29
8
193
189
251
25
145
71
158
2
16
64
75
234
154
12
150
9
270
39
175
233
119
1
35
36
59
54
34
115
233
28
3
45
123
54
254
107
33
276
11
29
21
126
31
1
27
87
64
147
184
52
1
1
9
184
287
2
3
17
16
171
129
67
203
2
37
267
82
52
7
134
167
15
222
1
131
23
33
4
237
166
27
150
34
220
4
219
27
32
9
30
236
20
19
6
83
4
3
65
8
22
158
204
250
130
262
1
194
1
35
253
15
281
2
248
33
50
1
7
3
6
110
47
94
5
53
165
24
7
54
7
232
156
263
1
220
1
5
