117
1221
497
189
10
2268
148
704
738
103
527
1557
160
842
533
1331
1250
2568
1425
902
1084
380
268
1036
587
1556
548
1092
341
2371
1556
817
72
601
691
220
235
4096
41
291
1047
1114
708
889
2129
987
681
68
389
688
2522
1122
3
615
865
1509
1084
290
382
381
693
1900
981
669
990
2473
124
569
1048
1269
300
853
592
1176
140
49
288
2412
2107
434
678
444
529
1330
109
2177
62
261
421
663
429
246
885
328
1062
1838
143
3834
1511
2296
506
404
1065
39
1223
650
535
109
368
629
766
19
901
848
3328
3275
82
144
236
206
596
330
755
887
1709
526
592
354
325
670
54
1481
448
192
1558
144
2233
843
2274
1975
479
420
1434
126
1319
784
438
443
6214
503
268
882
919
909
995
91
1652
180
764
75
912
1251
3318
911
623
130
322
271
1028
109
126
1297
1825
312
221
1148
556
1456
523
30
486
573
201
486
61
283
3974
182
2135
95
607
1721
839
534
172
121
958
124
238
460
303
592
1820
715
406
1145
120
2492
1305
2510
141
431
304
2225
345
764
757
1813
1521
409
28
1752
471
317
57
785
33
682
3495
125
846
590
1348
190
906
818
281
271
437
3262
4475
2734
42
232
790
1041
1274
102
902
1809
3050
2610
781
324
114
2262
1730
844
137
1349
1231
914
230
730
351
1574
1126
2882
1537
1975
570
100
3329
273
478
575
1967
2052
2118
253
53
251
834
1036
465
230
311
2249
855
2029
28
216
1097
2099
400
29
100
828
596
1995
504
1
1004
879
1558
1254
85
983
522
394
1214
1124
946
1500
1654
1321
1996
48
106
402
1676
1687
1359
1633
1727
1232
237
14
1285
1179
117
237
142
876
279
675
2425
1300
1556
364
1471
2208
1845
652
862
247
317
876
57
377
2286
975
343
929
169
402
67
732
1237
156
1515
345
853
389
107
1250
57
1041
12
3316
564
126
327
1790
500
676
2082
294
3862
2750
517
613
2431
988
934
262
163
853
608
359
225
41
1283
1104
567
480
689
600
384
625
1028
698
1247
52
14
1940
296
116
93
819
445
1344
815
945
4528
1508
799
67
488
938
231
1665
404
36
946
6
162
1223
906
481
136
1197
2213
1300
3596
690
1338
90
57
225
55
408
189
485
752
365
373
557
988
835
1554
58
1213
260
264
627
640
1434
525
580
818
1263
580
623
105
17
831
365
1310
711
1159
111
2437
626
4028
374
372
455
493
150
3186
667
201
309
88
207
420
858
537
904
4494
1
152
3474
1949
613
118
583
1840
359
23
1389
676
290
1923
355
1808
346
5
811
2782
803
1465
236
2771
808
2085
1292
1504
1959
783
1146
233
78
3843
2106
545
247
1539
117
436
184
1513
3186
247
1816
273
6918
1852
151
2738
239
517
1960
276
512
214
1781
349
300
52
1241
1441
166
4207
1228
822
1005
351
516
981
852
2347
718
1884
2046
275
172
163
973
1604
314
1328
891
1351
1487
713
472
2513
1235
1074
694
581
56
617
1583
496
345
204
703
223
698
424
615
430
47
341
45
478
209
1166
188
947
73
423
1724
241
103
49
645
219
543
396
384
1368
65
380
528
1639
280
375
9
1267
796
2106
1533
134
299
2053
847
180
1526
1634
1416
1147
820
1271
258
58
76
486
831
918
893
823
635
1343
90
233
1149
363
574
698
55
73
29
227
519
104
7
1953
183
811
1369
221
123
239
2894
3959
436
779
2420
107
54
2462
81
586
1513
628
1115
242
81
462
688
4326
1348
56
1154
579
935
1112
1849
415
332
2878
785
181
917
1747
2087
111
147
327
314
458
617
302
270
154
689
3412
1716
536
870
812
101
744
334
143
997
73
277
6322
3438
818
202
219
6556
112
2460
1008
323
1091
414
133
67
27
1211
228
490
369
512
121
536
891
2844
74
844
1113
324
880
1510
28
2176
1399
17
1632
105
1662
882
491
307
22
456
3374
617
2123
165
442
2022
1527
22
1707
184
876
977
1730
928
957
1495
1557
4202
1506
1662
352
542
2745
1345
82
830
6
2273
423
156
690
2557
72
624
504
294
293
351
1007
459
21
1690
1605
2845
4888
242
706
1497
23
595
230
540
785
380
107
819
398
1112
2384
825
88
817
243
4222
162
125
1387
111
498
1113
579
535
3658
3024
1215
315
301
377
273
384
2254
159
448
491
552
43
2546
3316
360
759
741
1110
2261
450
335
987
98
1050
1187
1403
82
2254
517
396
230
1393
1594
1367
3817
175
1014
1354
14
1183
882
116
178
147
750
994
3272
2866
640
875
358
687
264
470
2203
2103
1859
715
89
47
533
732
607
407
698
1323
5165
590
3837
1466
142
1481
856
433
1006
555
133
1085
105
397
1035
491
2015
2217
959
703
2903
249
100
81
311
1102
2162
872
384
494
2897
1436
1393
406
2671
240
179
168
1461
296
188
189
347
2
568
692
2277
661
500
2410
856
4775
1737
1308
1076
2
917
210
433
50
152
1169
1835
666
551
1014
2208
584
109
1570
532
929
49
3413
1381
2578
809
183
3242
1695
224
100
1377
1192
3146
492
1081
2289
4127
2785
109
20
2064
1801
1935
1011
6194
925
635
5335
11
338
683
1433
489
1642
1933
1329
213
784
1138
233
497
4335
810
1135
326
2359
445
155
540
732
393
1874
1760
106
1033
1692
300
1697
1048
2215
704
3261
706
257
494
289
1813
1690
47
1077
1095
245
567
513
539
382
417
704
1305
198
1650
877
3260
3214
668
131
2128
1904
158
586
174
2259
3969
538
1244
1209
271
417
798
