167
1795
216
1270
1844
485
777
288
488
555
1169
235
134
448
1090
331
1770
1805
504
368
123
2587
1280
1017
1618
1252
583
113
1360
1726
352
858
974
36
1205
130
739
262
162
304
1083
442
711
73
391
1821
3788
1109
1539
715
1034
660
1863
141
359
116
2
91
287
1334
4115
5862
884
1385
598
3549
783
302
6489
1238
1260
203
5110
1980
1989
1303
203
102
833
110
187
999
349
2
531
137
1304
934
428
2528
303
405
8
371
1799
1444
839
1808
538
1439
1252
463
550
2353
1252
733
347
593
1377
1378
170
630
1962
2404
1693
738
1111
133
192
2203
301
1760
1382
1731
84
1116
3151
1280
1294
3036
2195
2615
1820
215
764
186
2940
883
378
575
351
257
829
1733
1094
278
680
1056
487
3185
248
1055
73
1583
434
241
985
41
1516
576
262
1494
20
865
3385
1357
1381
672
719
99
323
782
1552
1858
474
1103
53
5560
3956
35
2797
449
922
593
77
416
570
772
1344
1940
1385
2806
843
629
2167
56
626
452
2922
1
2370
1003
728
548
1819
4310
762
1095
68
655
653
2532
913
330
3465
330
58
650
2657
621
13
593
1167
193
214
1220
185
834
1444
1213
117
891
2015
5560
466
92
6721
430
4185
1479
1708
1770
1162
1178
45
992
1157
6
416
1284
159
512
535
1058
2104
159
247
348
252
81
125
865
1934
831
1057
3180
560
620
792
791
745
117
3955
215
2136
612
222
166
1159
3473
1293
2478
418
1097
3580
574
2754
2095
329
387
1801
4
435
462
27
836
495
664
540
644
108
429
688
989
518
672
164
228
351
1796
731
1005
829
223
268
669
1114
1168
732
774
848
49
828
161
1229
2733
23
334
432
933
461
1314
1864
727
881
184
1272
3682
312
292
115
575
695
2
551
158
321
221
904
1670
744
827
258
255
404
473
201
174
1779
1981
312
2549
989
238
283
323
855
502
386
1830
6037
189
2160
12
257
859
155
325
803
248
926
682
281
656
1418
1505
316
1891
599
702
3468
2106
2087
420
4123
1285
386
525
238
845
177
156
534
1438
1098
344
529
597
272
246
1248
774
99
432
296
891
335
514
995
4290
710
89
3173
235
2492
177
704
3720
656
1303
662
829
614
850
19
295
2377
140
1751
491
1029
1073
1676
654
9
925
305
929
1954
85
692
355
2062
176
2648
972
496
1208
21
1312
160
946
530
4484
621
917
958
2318
1755
442
402
1393
131
1531
48
1528
4
145
54
1005
155
915
297
2682
689
378
752
58
1105
1159
1576
1651
734
692
574
1177
215
122
98
439
1197
1472
2560
895
154
298
460
2593
398
1314
966
680
99
396
896
518
3721
3375
441
1437
309
391
679
192
27
993
893
106
1216
185
1153
80
48
37
1488
478
285
736
2036
249
586
3112
134
295
176
230
1347
110
530
1794
238
1012
1827
404
3918
232
238
90
1206
1917
532
5020
1504
89
282
308
4796
1676
365
2076
405
559
338
1458
513
2700
580
361
118
28
748
1237
357
1004
110
372
1976
555
213
827
1449
303
574
580
800
257
2327
291
210
2091
943
149
212
612
31
1597
1134
4846
2014
1665
645
65
1869
4544
1688
118
61
1310
1427
901
956
79
3256
2279
294
4983
3200
163
139
192
450
825
1723
1454
936
784
3236
390
1601
1505
320
715
808
3
1195
115
167
1760
129
88
1171
206
451
286
540
1325
759
47
231
54
153
546
1041
785
150
534
340
62
276
917
293
1468
2
354
75
428
446
208
3216
1221
2168
579
114
288
39
554
62
2231
1818
707
206
435
500
753
1117
919
289
552
781
619
2661
843
559
2056
188
719
1122
129
1948
1846
1085
598
1995
590
1053
1122
256
28
1423
217
1147
993
173
339
360
1001
105
342
1345
491
392
385
572
204
1369
912
1505
48
3445
410
95
9
1317
865
534
178
446
648
587
106
2361
3672
269
449
4
1653
1839
2079
2593
1467
951
632
2105
734
2940
665
494
545
51
853
220
505
2942
381
987
244
398
103
1560
1007
1343
1747
691
536
581
902
1264
2128
612
232
83
164
2056
264
1617
738
686
1825
95
412
294
1122
2200
28
177
141
555
623
2761
1164
233
657
1117
2229
5892
1099
2241
311
1137
909
272
913
530
346
1791
108
214
155
1054
853
780
76
361
333
1305
1221
83
847
1525
1223
570
2893
864
2304
5363
244
1596
193
42
171
463
933
522
44
1637
1230
989
2
461
1682
324
821
210
1717
334
264
1357
1539
1760
1370
87
150
1008
1435
2714
90
732
46
34
786
2496
494
100
1125
184
926
856
654
1294
966
63
657
559
1154
2783
1801
611
1317
1367
420
88
205
58
661
11
1933
1458
596
1270
2497
316
287
321
375
1540
123
1907
1281
303
2374
1048
154
2051
790
1720
33
114
1280
844
747
1090
130
1588
1047
144
71
398
637
387
794
742
1459
135
923
2089
185
2047
694
2245
1868
3025
1354
1303
9
1726
236
200
695
2187
310
1044
2691
1221
447
571
94
1392
280
650
117
2424
178
1408
310
911
304
192
2873
208
73
245
4983
1190
1580
2158
1387
530
1239
1328
345
1990
743
52
211
588
1159
221
728
359
1124
1809
230
521
998
133
2048
743
958
620
353
19
217
1536
198
2133
379
797
324
323
667
44
223
1797
3312
157
3225
3791
586
606
118
484
923
94
606
207
1172
982
178
578
287
708
1889
1528
115
1643
503
104
1568
650
676
2162
2175
399
1092
952
5103
1954
837
484
3462
928
384
217
708
389
1108
1759
204
378
870
1773
1114
2521
101
251
